num_points: 2047
frequency_Hz  magnitude  phase_rad
0  1.00097  -0.00340642
10.7666  1.00097  -0.00340642
21.5332  1.00168  -0.00713406
32.2998  1.00291  -0.0107543
43.0664  1.0047  -0.014303
53.833  1.00705  -0.0177748
64.5996  1.00999  -0.0211578
75.3662  1.01353  -0.02444
86.1328  1.01771  -0.0276108
96.8994  1.02255  -0.0306614
107.666  1.02807  -0.0335853
118.433  1.03433  -0.0363782
129.199  1.04135  -0.0390379
139.966  1.04918  -0.0415643
150.732  1.05787  -0.0439592
161.499  1.06745  -0.046226
172.266  1.07799  -0.0483695
183.032  1.08953  -0.0503957
193.799  1.10214  -0.0523117
204.565  1.11588  -0.0541251
215.332  1.13083  -0.0558443
226.099  1.14704  -0.0574776
236.865  1.16462  -0.0590334
247.632  1.18365  -0.0605197
258.398  1.20424  -0.0619435
269.165  1.22653  -0.0633115
279.932  1.25069  -0.0646392
290.698  1.27704  -0.066036
301.465  1.30555  -0.0681495
312.231  1.33456  -0.070151
322.998  1.3664  -0.0712625
333.765  1.40127  -0.0724577
344.531  1.43907  -0.0737767
355.298  1.47996  -0.0751913
366.064  1.52423  -0.0766933
376.831  1.57219  -0.0782859
387.598  1.62421  -0.0799782
398.364  1.68075  -0.0817831
409.131  1.74228  -0.083716
419.897  1.80939  -0.0857951
430.664  1.88274  -0.0880413
441.431  1.96313  -0.0904786
452.197  2.05146  -0.0931347
462.964  2.14883  -0.096042
473.73  2.25654  -0.0992383
484.497  2.37613  -0.102769
495.264  2.50948  -0.106687
506.03  2.65891  -0.111059
516.797  2.82722  -0.115963
527.563  3.01797  -0.1215
538.33  3.23562  -0.127795
549.097  3.48587  -0.135006
559.863  3.77616  -0.143342
570.63  4.11635  -0.153078
581.396  4.51972  -0.164584
592.163  5.00469  -0.178377
602.93  5.59743  -0.195193
613.696  6.33633  -0.21612
624.463  7.27985  -0.242832
635.229  8.52107  -0.278041
645.996  10.2159  -0.326404
656.763  12.6402  -0.396569
667.529  16.3055  -0.506003
678.296  22.1274  -0.693261
689.063  30.8254  -1.04282
699.829  36.7606  -1.62898
710.596  30.8427  -2.19642
721.362  22.7634  -2.52519
732.129  17.3604  -2.70227
742.896  13.9259  -2.80685
753.662  11.6365  -2.87463
764.429  10.0286  -2.92187
775.195  8.8493  -2.95666
785.962  7.9539  -2.98339
796.729  7.25586  -3.00456
807.495  6.70079  -3.0218
818.262  6.25232  -3.03621
829.028  5.88562  -3.0485
839.795  5.58325  -3.05917
850.562  5.33269  -3.06859
861.328  5.12472  -3.07704
872.095  4.95251  -3.08472
882.861  4.81088  -3.0918
893.628  4.69596  -3.09841
904.395  4.6048  -3.10467
915.161  4.53523  -3.11067
925.928  4.48569  -3.1165
936.694  4.45517  -3.12223
947.461  4.44309  -3.12793
958.228  4.44933  -3.13369
968.994  4.47419  -3.13956
979.761  4.51843  3.13755
990.527  4.58331  3.13119
1001.29  4.67069  3.12445
1012.06  4.78312  3.11721
1022.83  4.92408  3.10933
1033.59  5.09821  3.10064
1044.36  5.31176  3.09091
1055.13  5.57318  3.07985
1065.89  5.89405  3.06707
1076.66  6.2906  3.05203
1087.43  6.7861  3.03394
1098.19  7.41491  3.01168
1108.96  8.22972  2.98344
1119.73  9.31482  2.94635
1130.49  10.8122  2.89537
1141.26  12.9742  2.82107
1152.03  16.2674  2.70403
1162.79  21.4862  2.50049
1173.56  28.8247  2.11691
1184.33  31.6931  1.50254
1195.09  24.6238  0.962801
1205.86  17.4764  0.662782
1216.63  12.9298  0.500347
1227.39  10.0582  0.403274
1238.16  8.1387  0.339755
1248.93  6.78326  0.295238
1259.69  5.78242  0.262391
1270.46  5.0167  0.237182
1281.23  4.41399  0.217229
1291.99  3.92855  0.201043
1302.76  3.53006  0.187644
1313.53  3.19772  0.176365
1324.29  2.91682  0.166734
1335.06  2.67664  0.158412
1345.83  2.46924  0.151144
1356.59  2.28858  0.144738
1367.36  2.13  0.139047
1378.13  1.98987  0.133954
1388.89  1.86529  0.129367
1399.66  1.75393  0.125212
1410.42  1.6539  0.121428
1421.19  1.56365  0.117966
1431.96  1.48191  0.114783
1442.72  1.40758  0.111845
1453.49  1.33977  0.109125
1464.26  1.27773  0.106597
1475.02  1.22079  0.10424
1485.79  1.1684  0.102035
1496.56  1.12008  0.0999667
1507.32  1.07541  0.0980206
1518.09  1.03404  0.096185
1528.86  0.995635  0.0944494
1539.62  0.959927  0.0928043
1550.39  0.926669  0.0912415
1561.16  0.895646  0.0897536
1571.92  0.866663  0.088334
1582.69  0.839552  0.0869767
1593.46  0.814158  0.0856765
1604.22  0.790346  0.0844284
1614.99  0.767993  0.0832282
1625.76  0.746989  0.0820719
1636.52  0.727234  0.0809558
1647.29  0.708639  0.0798767
1658.06  0.691121  0.0788314
1668.82  0.674609  0.0778173
1679.59  0.659033  0.0768317
1690.36  0.644333  0.0758722
1701.12  0.630454  0.0749366
1711.89  0.617344  0.0740229
1722.66  0.604957  0.0731291
1733.42  0.59325  0.0722534
1744.19  0.582184  0.0713942
1754.96  0.571723  0.0705498
1765.72  0.561834  0.0697187
1776.49  0.552486  0.0688996
1787.26  0.543651  0.0680911
1798.02  0.535304  0.0672921
1808.79  0.52742  0.0665015
1819.56  0.519976  0.0657188
1830.32  0.512951  0.0649448
1841.09  0.506325  0.0641842
1851.86  0.50008  0.0634542
1862.62  0.49422  0.0627892
1873.39  0.488775  0.0621086
1884.16  0.483666  0.0613051
1894.92  0.478853  0.0604908
1905.69  0.474349  0.0596951
1916.46  0.47015  0.0589103
1927.22  0.466251  0.0581299
1937.99  0.462642  0.0573501
1948.75  0.459317  0.0565683
1959.52  0.456267  0.0557828
1970.29  0.453488  0.0549922
1981.05  0.450972  0.0541953
1991.82  0.448715  0.053391
2002.59  0.446713  0.0525784
2013.35  0.444962  0.0517563
2024.12  0.443458  0.0509238
2034.89  0.4422  0.0500799
2045.65  0.441185  0.0492237
2056.42  0.440412  0.048354
2067.19  0.43988  0.0474699
2077.95  0.439589  0.0465704
2088.72  0.439539  0.0456543
2099.49  0.439731  0.0447204
2110.25  0.440168  0.0437677
2121.02  0.44085  0.0427949
2131.79  0.441781  0.0418007
2142.55  0.442964  0.0407838
2153.32  0.444403  0.0397429
2164.09  0.446104  0.0386763
2174.85  0.448071  0.0375827
2185.62  0.450311  0.0364603
2196.39  0.452832  0.0353075
2207.15  0.45564  0.0341225
2217.92  0.458746  0.0329032
2228.69  0.462159  0.0316476
2239.45  0.46589  0.0303535
2250.22  0.469952  0.0290186
2260.99  0.474357  0.0276403
2271.75  0.479121  0.026216
2282.52  0.48426  0.0247427
2293.29  0.489791  0.0232173
2304.05  0.495735  0.0216364
2314.82  0.502113  0.0199964
2325.59  0.50895  0.0182933
2336.35  0.51627  0.0165226
2347.12  0.524104  0.0146798
2357.89  0.532483  0.0127598
2368.65  0.541441  0.010757
2379.42  0.551019  0.00866525
2390.19  0.561259  0.00647776
2400.95  0.572208  0.00418709
2411.72  0.58392  0.00178502
2422.49  0.596454  -0.000737553
2433.25  0.609876  -0.00339077
2444.02  0.624258  -0.00618593
2454.79  0.639685  -0.00913564
2465.55  0.656249  -0.0122541
2476.32  0.674055  -0.0155572
2487.08  0.693222  -0.0190631
2497.85  0.713886  -0.0227922
2508.62  0.736199  -0.0267678
2519.38  0.76034  -0.0310166
2530.15  0.786512  -0.0355695
2540.92  0.814948  -0.0404619
2551.68  0.845923  -0.0457351
2562.45  0.879756  -0.0514374
2573.22  0.916822  -0.0576256
2583.98  0.957564  -0.0643671
2594.75  1.00251  -0.0717423
2605.52  1.05229  -0.0798476
2616.28  1.10768  -0.0888005
2627.05  1.16961  -0.0987445
2637.82  1.23924  -0.109858
2648.58  1.31798  -0.122362
2659.35  1.40766  -0.136541
2670.12  1.51057  -0.152756
2680.88  1.62968  -0.171482
2691.65  1.76888  -0.193348
2702.42  1.93332  -0.219206
2713.18  2.12996  -0.250235
2723.95  2.36834  -0.288106
2734.72  2.6616  -0.335242
2745.48  3.02787  -0.395255
2756.25  3.49152  -0.47365
2767.02  4.08196  -0.578905
2777.78  4.82201  -0.723763
2788.55  5.68257  -0.924993
2799.32  6.47611  -1.19521
2810.08  6.80916  -1.51884
2820.85  6.44673  -1.83895
2831.62  5.65867  -2.10187
2842.38  4.82425  -2.29635
2853.15  4.11153  -2.43633
2863.92  3.54303  -2.5383
2874.68  3.09574  -2.61451
2885.45  2.74152  -2.67307
2896.22  2.45725  -2.71925
2906.98  2.2257  -2.75649
2917.75  2.03434  -2.78715
2928.52  1.87406  -2.81282
2939.28  1.73818  -2.83462
2950.05  1.62176  -2.85334
2960.82  1.52113  -2.86956
2971.58  1.43346  -2.88376
2982.35  1.35656  -2.8963
2993.12  1.28867  -2.90749
3003.88  1.22838  -2.91754
3014.65  1.17456  -2.92665
3025.42  1.12629  -2.93495
3036.18  1.08282  -2.94255
3046.95  1.04353  -2.94955
3057.71  1.00791  -2.95603
3068.48  0.975513  -2.96205
3079.25  0.945984  -2.96766
3090.01  0.91901  -2.97292
3100.78  0.894323  -2.97787
3111.55  0.871696  -2.98253
3122.31  0.85093  -2.98694
3133.08  0.831855  -2.99113
3143.85  0.81432  -2.99512
3154.61  0.798194  -2.99893
3165.38  0.783364  -3.00257
3176.15  0.769729  -3.00607
3186.91  0.757198  -3.00943
3197.68  0.745694  -3.01267
3208.45  0.735146  -3.01581
3219.21  0.725493  -3.01884
3229.98  0.716679  -3.02179
3240.75  0.708655  -3.02465
3251.51  0.701379  -3.02744
3262.28  0.694811  -3.03017
3273.05  0.688917  -3.03284
3283.81  0.683666  -3.03545
3294.58  0.679031  -3.03801
3305.35  0.674989  -3.04053
3316.11  0.671518  -3.04301
3326.88  0.6686  -3.04546
3337.65  0.66622  -3.04788
3348.41  0.664363  -3.05027
3359.18  0.663019  -3.05264
3369.95  0.662177  -3.05499
3380.71  0.661831  -3.05733
3391.48  0.661975  -3.05965
3402.25  0.662605  -3.06196
3413.01  0.663718  -3.06427
3423.78  0.665314  -3.06657
3434.55  0.667395  -3.06888
3445.31  0.669961  -3.07118
3456.08  0.673019  -3.07349
3466.85  0.676573  -3.0758
3477.61  0.680632  -3.07813
3488.38  0.685203  -3.08046
3499.15  0.690299  -3.08281
3509.91  0.695931  -3.08518
3520.68  0.702115  -3.08757
3531.45  0.708866  -3.08998
3542.21  0.716203  -3.09242
3552.98  0.724148  -3.09488
3563.75  0.732721  -3.09737
3574.51  0.74195  -3.09989
3585.28  0.751863  -3.10246
3596.04  0.762489  -3.10506
3606.81  0.773864  -3.1077
3617.58  0.786024  -3.11038
3628.34  0.799011  -3.11312
3639.11  0.81287  -3.11591
3649.88  0.827651  -3.11875
3660.64  0.843407  -3.12165
3671.41  0.860199  -3.12462
3682.18  0.878092  -3.12766
3692.94  0.897159  -3.13077
3703.71  0.917478  -3.13395
3714.48  0.939139  -3.13722
3725.24  0.962236  -3.14058
3736.01  0.986879  3.13914
3746.78  1.01319  3.13558
3757.54  1.04129  3.13191
3768.31  1.07133  3.12812
3779.08  1.10348  3.1242
3789.84  1.13791  3.12015
3800.61  1.17484  3.11594
3811.38  1.21449  3.11158
3822.14  1.25712  3.10704
3832.91  1.30303  3.10231
3843.68  1.35254  3.09738
3854.44  1.40603  3.09222
3865.21  1.46394  3.08681
3875.98  1.52676  3.08114
3886.74  1.59505  3.07516
3897.51  1.66949  3.06886
3908.28  1.75083  3.06219
3919.04  1.83998  3.05512
3929.81  1.93799  3.04759
3940.58  2.04612  3.03954
3951.34  2.16586  3.03092
3962.11  2.299  3.02162
3972.88  2.4477  3.01157
3983.64  2.61464  3.00063
3994.41  2.80307  2.98867
4005.18  3.01708  2.97549
4015.94  3.26181  2.96087
4026.71  3.54385  2.94452
4037.48  3.87172  2.92604
4048.24  4.25666  2.90494
4059.01  4.7137  2.88053
4069.78  5.26337  2.85186
4080.54  5.93426  2.81761
4091.31  6.76707  2.77582
4102.08  7.82077  2.72358
4112.84  9.18181  2.6563
4123.61  10.9755  2.56665
4134.38  13.3687  2.44254
4145.14  16.5082  2.26461
4155.91  20.2036  2.00721
4166.67  23.1675  1.65963
4177.44  23.3353  1.27424
4188.21  20.8595  0.943997
4198.97  17.7375  0.704837
4209.74  15.0602  0.539108
4220.51  12.9927  0.421794
4231.27  11.4259  0.335277
4242.04  10.2295  0.268693
4252.81  9.30231  0.215404
4263.57  8.57311  0.171247
4274.34  7.9924  0.133512
4285.11  7.5256  0.100371
4295.87  7.1482  0.0705394
4306.64  6.84255  0.0430849
4317.41  6.59577  0.017303
4328.17  6.39836  -0.00735799
4338.94  6.24325  -0.0313483
4349.71  6.12519  -0.0550514
4360.47  6.04031  -0.0788085
4371.24  5.98584  -0.102938
4382.01  5.95986  -0.127751
4392.77  5.96118  -0.153564
4403.54  5.98921  -0.180711
4414.31  6.04394  -0.209559
4425.07  6.12583  -0.240517
4435.84  6.23576  -0.274057
4446.61  6.375  -0.310727
4457.37  6.54506  -0.351174
4468.14  6.74756  -0.396166
4478.91  6.98385  -0.446617
4489.67  7.25454  -0.503606
4500.44  7.55849  -0.568387
4511.21  7.89141  -0.642361
4521.97  8.24381  -0.72699
4532.74  8.59859  -0.823628
4543.51  8.92858  -0.933244
4554.27  9.19528  -1.05596
4565.04  9.35242  -1.19046
4575.81  9.35686  -1.33353
4586.57  9.18421  -1.48024
4597.34  8.8407  -1.62483
4608.11  8.36209  -1.762
4618.87  7.80007  -1.88798
4629.64  7.20546  -2.00087
4640.41  6.61761  -2.10042
4651.17  6.06154  -2.1874
4661.94  5.55014  -2.26311
4672.71  5.0879  -2.32902
4683.47  4.67429  -2.38655
4694.24  4.3061  -2.43699
4705  3.97902  -2.48144
4715.77  3.68844  -2.52083
4726.54  3.42994  -2.55594
4737.3  3.1995  -2.5874
4748.07  2.99351  -2.61576
4758.84  2.80885  -2.64146
4769.6  2.64281  -2.66486
4780.37  2.49307  -2.68627
4791.14  2.35763  -2.70596
4801.9  2.23476  -2.72414
4812.67  2.123  -2.74099
4823.44  2.02106  -2.75667
4834.2  1.92785  -2.77132
4844.97  1.84242  -2.78505
4855.74  1.76395  -2.79796
4866.5  1.69172  -2.81014
4877.27  1.62509  -2.82166
4888.04  1.56353  -2.83259
4898.8  1.50655  -2.84299
4909.57  1.45372  -2.85291
4920.34  1.40467  -2.8624
4931.1  1.35906  -2.87149
4941.87  1.3166  -2.88022
4952.64  1.27703  -2.88862
4963.4  1.24011  -2.89673
4974.17  1.20562  -2.90457
4984.94  1.17339  -2.91216
4995.7  1.14324  -2.91953
5006.47  1.11502  -2.92669
5017.24  1.08859  -2.93366
5028  1.06383  -2.94046
5038.77  1.04062  -2.9471
5049.54  1.01886  -2.95361
5060.3  0.998461  -2.95998
5071.07  0.979337  -2.96623
5081.84  0.961412  -2.97238
5092.6  0.944615  -2.97843
5103.37  0.928884  -2.9844
5114.14  0.914159  -2.99028
5124.9  0.900389  -2.9961
5135.67  0.887525  -3.00186
5146.44  0.875524  -3.00756
5157.2  0.864344  -3.01322
5167.97  0.853951  -3.01885
5178.74  0.84431  -3.02443
5189.5  0.835392  -3.03
5200.27  0.827169  -3.03554
5211.04  0.819616  -3.04108
5221.8  0.812712  -3.0466
5232.57  0.806437  -3.05213
5243.33  0.800771  -3.05766
5254.1  0.795701  -3.0632
5264.87  0.791212  -3.06876
5275.63  0.787293  -3.07434
5286.4  0.783932  -3.07995
5297.17  0.781122  -3.08559
5307.93  0.778856  -3.09127
5318.7  0.777129  -3.09699
5329.47  0.775937  -3.10277
5340.23  0.775279  -3.10861
5351  0.775154  -3.1145
5361.77  0.775563  -3.12047
5372.53  0.776511  -3.12651
5383.3  0.778  -3.13264
5394.07  0.780037  -3.13886
5404.83  0.782631  3.13801
5415.6  0.78579  3.13159
5426.37  0.789528  3.12506
5437.13  0.793856  3.1184
5447.9  0.798792  3.11161
5458.67  0.804352  3.10468
5469.43  0.810557  3.0976
5480.2  0.817429  3.09036
5490.97  0.824995  3.08294
5501.73  0.833281  3.07534
5512.5  0.84232  3.06753
5523.27  0.852146  3.05951
5534.03  0.862798  3.05126
5544.8  0.874317  3.04277
5555.57  0.886751  3.03401
5566.33  0.900151  3.02497
5577.1  0.914574  3.01562
5587.87  0.930083  3.00593
5598.63  0.946748  2.9959
5609.4  0.964644  2.98548
5620.17  0.983857  2.97465
5630.93  1.00448  2.96336
5641.7  1.02662  2.95159
5652.47  1.05038  2.93929
5663.23  1.0759  2.92642
5674  1.10331  2.91292
5684.77  1.13277  2.89873
5695.53  1.16446  2.8838
5706.3  1.19856  2.86804
5717.07  1.2353  2.85138
5727.83  1.27489  2.83371
5738.6  1.31762  2.81495
5749.37  1.36377  2.79497
5760.13  1.41366  2.77363
5770.9  1.46764  2.75077
5781.67  1.52611  2.72624
5792.43  1.58949  2.69981
5803.2  1.65822  2.67126
5813.96  1.73278  2.64034
5824.73  1.81366  2.60672
5835.5  1.90134  2.57009
5846.26  1.99623  2.53004
5857.03  2.09869  2.48613
5867.8  2.20886  2.4379
5878.56  2.32661  2.38482
5889.33  2.45137  2.32633
5900.1  2.5819  2.2619
5910.86  2.71611  2.19105
5921.63  2.85077  2.11338
5932.4  2.98137  2.02875
5943.16  3.10213  1.93733
5953.93  3.20633  1.83971
5964.7  3.28703  1.737
5975.46  3.33821  1.6308
5986.23  3.356  1.52311
5997  3.33951  1.41609
6007.76  3.29104  1.31182
6018.53  3.21551  1.21204
6029.3  3.11933  1.11802
6040.06  3.00923  1.03051
6050.83  2.89135  0.9498
6061.6  2.77073  0.875827
6072.36  2.65118  0.808271
6083.13  2.53536  0.746668
6093.9  2.42496  0.690482
6104.66  2.32095  0.639164
6115.43  2.22376  0.592178
6126.2  2.13347  0.549027
6136.96  2.04995  0.509258
6147.73  1.97289  0.472464
6158.5  1.90194  0.438285
6169.26  1.83669  0.406402
6180.03  1.77673  0.376537
6190.8  1.72166  0.348443
6201.56  1.67111  0.321907
6212.33  1.62471  0.296738
6223.1  1.58215  0.27277
6233.86  1.54312  0.249856
6244.63  1.50735  0.227864
6255.4  1.4746  0.206677
6266.16  1.44465  0.186192
6276.93  1.41731  0.166314
6287.7  1.39238  0.146958
6298.46  1.36972  0.128047
6309.23  1.34919  0.10951
6320  1.33065  0.091279
6330.76  1.314  0.0732939
6341.53  1.29913  0.0554956
6352.29  1.28595  0.0378273
6363.06  1.27439  0.0202335
6373.83  1.26435  0.00266164
6384.59  1.25576  -0.0149249
6395.36  1.24854  -0.0325305
6406.13  1.24272  -0.0501706
6416.89  1.23831  -0.0679253
6427.66  1.23527  -0.0858763
6438.43  1.23353  -0.104076
6449.19  1.23307  -0.122566
6459.96  1.23386  -0.141388
6470.73  1.2359  -0.160586
6481.49  1.23916  -0.180207
6492.26  1.24365  -0.200301
6503.03  1.24936  -0.220921
6513.79  1.25629  -0.24212
6524.56  1.26444  -0.263957
6535.33  1.27381  -0.286493
6546.09  1.28441  -0.309792
6556.86  1.29623  -0.333921
6567.63  1.30927  -0.358951
6578.39  1.32352  -0.384959
6589.16  1.33897  -0.412023
6599.93  1.35561  -0.440227
6610.69  1.37339  -0.469656
6621.46  1.39228  -0.500401
6632.23  1.41221  -0.532554
6642.99  1.43309  -0.566211
6653.76  1.45483  -0.601465
6664.53  1.47727  -0.638411
6675.29  1.50025  -0.677139
6686.06  1.52355  -0.717733
6696.83  1.5469  -0.760265
6707.59  1.57  -0.804796
6718.36  1.59248  -0.851367
6729.13  1.61394  -0.899993
6739.89  1.63392  -0.950659
6750.66  1.65192  -1.00331
6761.43  1.66743  -1.05787
6772.19  1.67993  -1.11418
6782.96  1.68892  -1.17208
6793.73  1.69395  -1.23131
6804.49  1.69465  -1.29162
6815.26  1.69075  -1.35269
6826.03  1.68211  -1.41418
6836.79  1.66874  -1.47573
6847.56  1.65076  -1.53698
6858.33  1.62846  -1.5976
6869.09  1.60224  -1.65725
6879.86  1.57257  -1.71565
6890.63  1.53999  -1.77255
6901.39  1.50507  -1.82775
6912.16  1.46838  -1.8811
6922.92  1.43046  -1.93249
6933.69  1.39181  -1.98185
6944.46  1.35288  -2.02917
6955.22  1.31404  -2.07444
6965.99  1.27564  -2.1177
6976.76  1.23793  -2.159
6987.52  1.20113  -2.19841
6998.29  1.16539  -2.236
7009.06  1.13082  -2.27187
7019.82  1.09752  -2.3061
7030.59  1.06553  -2.33879
7041.36  1.03488  -2.37002
7052.12  1.00556  -2.3999
7062.89  0.977574  -2.4285
7073.66  0.950894  -2.45591
7084.42  0.925489  -2.48222
7095.19  0.90132  -2.50749
7105.96  0.878346  -2.53181
7116.72  0.856519  -2.55523
7127.49  0.835795  -2.57783
7138.26  0.816124  -2.59966
7149.02  0.797461  -2.62079
7159.79  0.779757  -2.64125
7170.56  0.762969  -2.6611
7181.32  0.747053  -2.68039
7192.09  0.731965  -2.69915
7202.86  0.717667  -2.71744
7213.62  0.70412  -2.73527
7224.39  0.691287  -2.7527
7235.16  0.679134  -2.76976
7245.92  0.667628  -2.78646
7256.69  0.656739  -2.80285
7267.46  0.646438  -2.81894
7278.22  0.636697  -2.83477
7288.99  0.627492  -2.85036
7299.76  0.618798  -2.86573
7310.52  0.610592  -2.88091
7321.29  0.602854  -2.8959
7332.06  0.595564  -2.91074
7342.82  0.588703  -2.92544
7353.59  0.582254  -2.94002
7364.36  0.576202  -2.9545
7375.12  0.57053  -2.96889
7385.89  0.565225  -2.9832
7396.66  0.560273  -2.99746
7407.42  0.555663  -3.01167
7418.19  0.551383  -3.02586
7428.96  0.547421  -3.04003
7439.72  0.543769  -3.0542
7450.49  0.540417  -3.06838
7461.25  0.537356  -3.08258
7472.02  0.534577  -3.09682
7482.79  0.532074  -3.11111
7493.55  0.52984  -3.12546
7504.32  0.527867  -3.13989
7515.09  0.526151  3.12879
7525.85  0.524684  3.11418
7536.62  0.523462  3.09947
7547.39  0.52248  3.08464
7558.15  0.521734  3.06967
7568.92  0.521218  3.05456
7579.69  0.520929  3.0393
7590.45  0.520863  3.02387
7601.22  0.521016  3.00826
7611.99  0.521386  2.99246
7622.75  0.521968  2.97646
7633.52  0.522759  2.96025
7644.29  0.523757  2.94381
7655.05  0.524958  2.92714
7665.82  0.526359  2.91021
7676.59  0.527957  2.89303
7687.35  0.529748  2.87557
7698.12  0.531731  2.85783
7708.89  0.5339  2.83979
7719.65  0.536253  2.82144
7730.42  0.538786  2.80277
7741.19  0.541494  2.78377
7751.95  0.544373  2.76442
7762.72  0.547419  2.74472
7773.49  0.550626  2.72465
7784.25  0.553988  2.7042
7795.02  0.557499  2.68337
7805.79  0.561152  2.66213
7816.55  0.56494  2.64048
7827.32  0.568854  2.61841
7838.09  0.572886  2.59592
7848.85  0.577025  2.57299
7859.62  0.581262  2.54962
7870.39  0.585585  2.5258
7881.15  0.589981  2.50152
7891.92  0.594438  2.47679
7902.69  0.59894  2.4516
7913.45  0.603474  2.42594
7924.22  0.608023  2.39983
7934.99  0.612571  2.37326
7945.75  0.617101  2.34623
7956.52  0.621593  2.31876
7967.29  0.62603  2.29085
7978.05  0.630392  2.26251
7988.82  0.63466  2.23375
7999.58  0.638814  2.20459
8010.35  0.642834  2.17505
8021.12  0.646703  2.14515
8031.88  0.6504  2.1149
8042.65  0.653909  2.08434
8053.42  0.657212  2.05348
8064.18  0.660293  2.02236
8074.95  0.66314  1.991
8085.72  0.665739  1.95945
8096.48  0.66808  1.92772
8107.25  0.670154  1.89585
8118.02  0.671956  1.86388
8128.78  0.67348  1.83185
8139.55  0.674724  1.79977
8150.32  0.675689  1.7677
8161.08  0.676378  1.73566
8171.85  0.676795  1.70368
8182.62  0.676947  1.67181
8193.38  0.676844  1.64006
8204.15  0.676497  1.60847
8214.92  0.675919  1.57707
8225.68  0.675124  1.54589
8236.45  0.674128  1.51494
8247.22  0.672949  1.48424
8257.98  0.671605  1.45383
8268.75  0.670113  1.4237
8279.52  0.668493  1.39389
8290.28  0.666765  1.36439
8301.05  0.664947  1.33522
8311.82  0.663059  1.30639
8322.58  0.661121  1.2779
8333.35  0.65915  1.24975
8344.12  0.657166  1.22194
8354.88  0.655184  1.19448
8365.65  0.653223  1.16736
8376.42  0.651299  1.14057
8387.18  0.649426  1.11412
8397.95  0.647621  1.08798
8408.72  0.645895  1.06216
8419.48  0.644263  1.03665
8430.25  0.642738  1.01143
8441.02  0.641329  0.986483
8451.78  0.640049  0.96181
8462.55  0.638908  0.937392
8473.32  0.637915  0.913215
8484.08  0.637079  0.889264
8494.85  0.636408  0.865524
8505.62  0.63591  0.841979
8516.38  0.635593  0.818613
8527.15  0.635464  0.795409
8537.92  0.635528  0.77235
8548.68  0.635791  0.74942
8559.45  0.636261  0.7266
8570.21  0.636941  0.703873
8580.98  0.637837  0.68122
8591.75  0.638953  0.658624
8602.51  0.640295  0.636065
8613.28  0.641866  0.613525
8624.05  0.64367  0.590985
8634.81  0.645711  0.568425
8645.58  0.647993  0.545827
8656.35  0.650518  0.52317
8667.11  0.65329  0.500435
8677.88  0.656311  0.477601
8688.65  0.659584  0.454649
8699.41  0.663111  0.431557
8710.18  0.666894  0.408306
8720.95  0.670932  0.384873
8731.71  0.675229  0.361239
8742.48  0.679782  0.337382
8753.25  0.684593  0.31328
8764.01  0.689659  0.288913
8774.78  0.69498  0.264258
8785.55  0.700551  0.239295
8796.31  0.70637  0.214001
8807.08  0.712431  0.188356
8817.85  0.718727  0.162339
8828.61  0.725251  0.135929
8839.38  0.731994  0.109105
8850.15  0.738945  0.0818492
8860.91  0.74609  0.0541421
8871.68  0.753416  0.0259664
8882.45  0.760904  -0.00269385
8893.21  0.768537  -0.031853
8903.98  0.776292  -0.0615234
8914.75  0.784147  -0.091715
8925.51  0.79208  -0.122436
8936.28  0.800065  -0.153695
8947.05  0.808078  -0.185503
8957.81  0.816086  -0.217874
8968.58  0.824046  -0.250819
8979.35  0.831907  -0.284335
8990.11  0.839619  -0.318408
9000.88  0.847137  -0.353013
9011.65  0.854418  -0.388128
9022.41  0.86142  -0.423729
9033.18  0.868102  -0.459789
9043.95  0.874419  -0.496276
9054.71  0.88033  -0.533157
9065.48  0.885794  -0.570391
9076.25  0.890774  -0.607935
9087.01  0.895235  -0.645742
9097.78  0.899147  -0.683762
9108.54  0.902485  -0.721939
9119.31  0.905229  -0.760219
9130.08  0.907367  -0.798543
9140.84  0.90889  -0.836853
9151.61  0.9098  -0.87509
9162.38  0.910101  -0.913196
9173.14  0.909806  -0.951114
9183.91  0.908935  -0.988788
9194.68  0.907512  -1.02617
9205.44  0.905567  -1.0632
9216.21  0.903133  -1.09984
9226.98  0.900248  -1.13605
9237.74  0.896954  -1.17179
9248.51  0.893295  -1.20703
9259.28  0.889313  -1.24173
9270.04  0.885057  -1.27588
9280.81  0.88057  -1.30945
9291.58  0.8759  -1.34244
9302.34  0.87109  -1.37482
9313.11  0.866183  -1.4066
9323.88  0.861222  -1.43777
9334.64  0.856246  -1.46833
9345.41  0.851293  -1.49828
9356.18  0.846397  -1.52763
9366.94  0.841594  -1.55639
9377.71  0.836912  -1.58457
9388.48  0.832382  -1.61219
9399.24  0.82803  -1.63925
9410.01  0.823879  -1.66578
9420.78  0.819954  -1.69179
9431.54  0.816274  -1.7173
9442.31  0.812859  -1.74233
9453.08  0.809727  -1.7669
9463.84  0.806893  -1.79104
9474.61  0.804374  -1.81476
9485.38  0.802184  -1.83808
9496.14  0.800336  -1.86103
9506.91  0.798843  -1.88363
9517.68  0.797718  -1.9059
9528.44  0.796972  -1.92786
9539.21  0.796617  -1.94954
9549.98  0.796665  -1.97096
9560.74  0.797127  -1.99214
9571.51  0.798015  -2.01311
9582.28  0.799342  -2.03389
9593.04  0.801119  -2.0545
9603.81  0.80336  -2.07497
9614.58  0.806078  -2.09532
9625.34  0.809287  -2.11558
9636.11  0.813003  -2.13576
9646.88  0.817241  -2.1559
9657.64  0.822018  -2.17602
9668.41  0.827352  -2.19615
9679.17  0.833262  -2.21632
9689.94  0.83977  -2.23655
9700.71  0.846896  -2.25687
9711.47  0.854664  -2.27731
9722.24  0.863099  -2.29791
9733.01  0.872228  -2.3187
9743.77  0.882078  -2.3397
9754.54  0.892681  -2.36097
9765.31  0.904068  -2.38253
9776.07  0.916272  -2.40443
9786.84  0.92933  -2.42671
9797.61  0.943279  -2.44942
9808.37  0.958158  -2.4726
9819.14  0.974008  -2.4963
9829.91  0.99087  -2.52059
9840.67  1.00879  -2.54551
9851.44  1.02781  -2.57113
9862.21  1.04797  -2.59752
9872.97  1.06931  -2.62476
9883.74  1.09188  -2.6529
9894.51  1.11571  -2.68205
9905.27  1.14083  -2.71227
9916.04  1.16727  -2.74367
9926.81  1.19503  -2.77634
9937.57  1.22412  -2.81039
9948.34  1.25451  -2.84591
9959.11  1.28616  -2.88301
9969.87  1.31899  -2.92181
9980.64  1.35289  -2.96241
9991.41  1e-09  0
10002.2  1e-09  0
10012.9  1e-09  0
10023.7  1e-09  0
10034.5  1e-09  0
10045.2  1e-09  0
10056  1e-09  0
10066.8  1e-09  0
10077.5  1e-09  0
10088.3  1e-09  0
10099.1  1e-09  0
10109.8  1e-09  0
10120.6  1e-09  0
10131.4  1e-09  0
10142.1  1e-09  0
10152.9  1e-09  0
10163.7  1e-09  0
10174.4  1e-09  0
10185.2  1e-09  0
10196  1e-09  0
10206.7  1e-09  0
10217.5  1e-09  0
10228.3  1e-09  0
10239  1e-09  0
10249.8  1e-09  0
10260.6  1e-09  0
10271.3  1e-09  0
10282.1  1e-09  0
10292.9  1e-09  0
10303.6  1e-09  0
10314.4  1e-09  0
10325.2  1e-09  0
10335.9  1e-09  0
10346.7  1e-09  0
10357.5  1e-09  0
10368.2  1e-09  0
10379  1e-09  0
10389.8  1e-09  0
10400.5  1e-09  0
10411.3  1e-09  0
10422.1  1e-09  0
10432.8  1e-09  0
10443.6  1e-09  0
10454.4  1e-09  0
10465.1  1e-09  0
10475.9  1e-09  0
10486.7  1e-09  0
10497.4  1e-09  0
10508.2  1e-09  0
10519  1e-09  0
10529.7  1e-09  0
10540.5  1e-09  0
10551.3  1e-09  0
10562  1e-09  0
10572.8  1e-09  0
10583.6  1e-09  0
10594.3  1e-09  0
10605.1  1e-09  0
10615.9  1e-09  0
10626.6  1e-09  0
10637.4  1e-09  0
10648.2  1e-09  0
10658.9  1e-09  0
10669.7  1e-09  0
10680.5  1e-09  0
10691.2  1e-09  0
10702  1e-09  0
10712.8  1e-09  0
10723.5  1e-09  0
10734.3  1e-09  0
10745.1  1e-09  0
10755.8  1e-09  0
10766.6  1e-09  0
10777.4  1e-09  0
10788.1  1e-09  0
10798.9  1e-09  0
10809.7  1e-09  0
10820.4  1e-09  0
10831.2  1e-09  0
10842  1e-09  0
10852.7  1e-09  0
10863.5  1e-09  0
10874.3  1e-09  0
10885  1e-09  0
10895.8  1e-09  0
10906.6  1e-09  0
10917.3  1e-09  0
10928.1  1e-09  0
10938.9  1e-09  0
10949.6  1e-09  0
10960.4  1e-09  0
10971.2  1e-09  0
10981.9  1e-09  0
10992.7  1e-09  0
11003.5  1e-09  0
11014.2  1e-09  0
11025  1e-09  0
11035.8  1e-09  0
11046.5  1e-09  0
11057.3  1e-09  0
11068.1  1e-09  0
11078.8  1e-09  0
11089.6  1e-09  0
11100.4  1e-09  0
11111.1  1e-09  0
11121.9  1e-09  0
11132.7  1e-09  0
11143.4  1e-09  0
11154.2  1e-09  0
11165  1e-09  0
11175.7  1e-09  0
11186.5  1e-09  0
11197.3  1e-09  0
11208  1e-09  0
11218.8  1e-09  0
11229.6  1e-09  0
11240.3  1e-09  0
11251.1  1e-09  0
11261.9  1e-09  0
11272.6  1e-09  0
11283.4  1e-09  0
11294.2  1e-09  0
11304.9  1e-09  0
11315.7  1e-09  0
11326.5  1e-09  0
11337.2  1e-09  0
11348  1e-09  0
11358.8  1e-09  0
11369.5  1e-09  0
11380.3  1e-09  0
11391.1  1e-09  0
11401.8  1e-09  0
11412.6  1e-09  0
11423.4  1e-09  0
11434.1  1e-09  0
11444.9  1e-09  0
11455.7  1e-09  0
11466.4  1e-09  0
11477.2  1e-09  0
11488  1e-09  0
11498.7  1e-09  0
11509.5  1e-09  0
11520.3  1e-09  0
11531  1e-09  0
11541.8  1e-09  0
11552.6  1e-09  0
11563.3  1e-09  0
11574.1  1e-09  0
11584.9  1e-09  0
11595.6  1e-09  0
11606.4  1e-09  0
11617.2  1e-09  0
11627.9  1e-09  0
11638.7  1e-09  0
11649.5  1e-09  0
11660.2  1e-09  0
11671  1e-09  0
11681.8  1e-09  0
11692.5  1e-09  0
11703.3  1e-09  0
11714.1  1e-09  0
11724.8  1e-09  0
11735.6  1e-09  0
11746.4  1e-09  0
11757.1  1e-09  0
11767.9  1e-09  0
11778.7  1e-09  0
11789.4  1e-09  0
11800.2  1e-09  0
11811  1e-09  0
11821.7  1e-09  0
11832.5  1e-09  0
11843.3  1e-09  0
11854  1e-09  0
11864.8  1e-09  0
11875.6  1e-09  0
11886.3  1e-09  0
11897.1  1e-09  0
11907.9  1e-09  0
11918.6  1e-09  0
11929.4  1e-09  0
11940.2  1e-09  0
11950.9  1e-09  0
11961.7  1e-09  0
11972.5  1e-09  0
11983.2  1e-09  0
11994  1e-09  0
12004.8  1e-09  0
12015.5  1e-09  0
12026.3  1e-09  0
12037.1  1e-09  0
12047.8  1e-09  0
12058.6  1e-09  0
12069.4  1e-09  0
12080.1  1e-09  0
12090.9  1e-09  0
12101.7  1e-09  0
12112.4  1e-09  0
12123.2  1e-09  0
12134  1e-09  0
12144.7  1e-09  0
12155.5  1e-09  0
12166.3  1e-09  0
12177  1e-09  0
12187.8  1e-09  0
12198.6  1e-09  0
12209.3  1e-09  0
12220.1  1e-09  0
12230.9  1e-09  0
12241.6  1e-09  0
12252.4  1e-09  0
12263.2  1e-09  0
12273.9  1e-09  0
12284.7  1e-09  0
12295.5  1e-09  0
12306.2  1e-09  0
12317  1e-09  0
12327.8  1e-09  0
12338.5  1e-09  0
12349.3  1e-09  0
12360.1  1e-09  0
12370.8  1e-09  0
12381.6  1e-09  0
12392.4  1e-09  0
12403.1  1e-09  0
12413.9  1e-09  0
12424.7  1e-09  0
12435.4  1e-09  0
12446.2  1e-09  0
12457  1e-09  0
12467.7  1e-09  0
12478.5  1e-09  0
12489.3  1e-09  0
12500  1e-09  0
12510.8  1e-09  0
12521.6  1e-09  0
12532.3  1e-09  0
12543.1  1e-09  0
12553.9  1e-09  0
12564.6  1e-09  0
12575.4  1e-09  0
12586.2  1e-09  0
12596.9  1e-09  0
12607.7  1e-09  0
12618.5  1e-09  0
12629.2  1e-09  0
12640  1e-09  0
12650.8  1e-09  0
12661.5  1e-09  0
12672.3  1e-09  0
12683.1  1e-09  0
12693.8  1e-09  0
12704.6  1e-09  0
12715.4  1e-09  0
12726.1  1e-09  0
12736.9  1e-09  0
12747.7  1e-09  0
12758.4  1e-09  0
12769.2  1e-09  0
12780  1e-09  0
12790.7  1e-09  0
12801.5  1e-09  0
12812.3  1e-09  0
12823  1e-09  0
12833.8  1e-09  0
12844.6  1e-09  0
12855.3  1e-09  0
12866.1  1e-09  0
12876.9  1e-09  0
12887.6  1e-09  0
12898.4  1e-09  0
12909.2  1e-09  0
12919.9  1e-09  0
12930.7  1e-09  0
12941.5  1e-09  0
12952.2  1e-09  0
12963  1e-09  0
12973.8  1e-09  0
12984.5  1e-09  0
12995.3  1e-09  0
13006.1  1e-09  0
13016.8  1e-09  0
13027.6  1e-09  0
13038.4  1e-09  0
13049.1  1e-09  0
13059.9  1e-09  0
13070.7  1e-09  0
13081.4  1e-09  0
13092.2  1e-09  0
13103  1e-09  0
13113.7  1e-09  0
13124.5  1e-09  0
13135.3  1e-09  0
13146  1e-09  0
13156.8  1e-09  0
13167.6  1e-09  0
13178.3  1e-09  0
13189.1  1e-09  0
13199.9  1e-09  0
13210.6  1e-09  0
13221.4  1e-09  0
13232.2  1e-09  0
13242.9  1e-09  0
13253.7  1e-09  0
13264.5  1e-09  0
13275.2  1e-09  0
13286  1e-09  0
13296.8  1e-09  0
13307.5  1e-09  0
13318.3  1e-09  0
13329.1  1e-09  0
13339.8  1e-09  0
13350.6  1e-09  0
13361.4  1e-09  0
13372.1  1e-09  0
13382.9  1e-09  0
13393.7  1e-09  0
13404.4  1e-09  0
13415.2  1e-09  0
13426  1e-09  0
13436.7  1e-09  0
13447.5  1e-09  0
13458.3  1e-09  0
13469  1e-09  0
13479.8  1e-09  0
13490.6  1e-09  0
13501.3  1e-09  0
13512.1  1e-09  0
13522.9  1e-09  0
13533.6  1e-09  0
13544.4  1e-09  0
13555.2  1e-09  0
13565.9  1e-09  0
13576.7  1e-09  0
13587.5  1e-09  0
13598.2  1e-09  0
13609  1e-09  0
13619.8  1e-09  0
13630.5  1e-09  0
13641.3  1e-09  0
13652.1  1e-09  0
13662.8  1e-09  0
13673.6  1e-09  0
13684.4  1e-09  0
13695.1  1e-09  0
13705.9  1e-09  0
13716.7  1e-09  0
13727.4  1e-09  0
13738.2  1e-09  0
13749  1e-09  0
13759.7  1e-09  0
13770.5  1e-09  0
13781.3  1e-09  0
13792  1e-09  0
13802.8  1e-09  0
13813.5  1e-09  0
13824.3  1e-09  0
13835.1  1e-09  0
13845.8  1e-09  0
13856.6  1e-09  0
13867.4  1e-09  0
13878.1  1e-09  0
13888.9  1e-09  0
13899.7  1e-09  0
13910.4  1e-09  0
13921.2  1e-09  0
13932  1e-09  0
13942.7  1e-09  0
13953.5  1e-09  0
13964.3  1e-09  0
13975  1e-09  0
13985.8  1e-09  0
13996.6  1e-09  0
14007.3  1e-09  0
14018.1  1e-09  0
14028.9  1e-09  0
14039.6  1e-09  0
14050.4  1e-09  0
14061.2  1e-09  0
14071.9  1e-09  0
14082.7  1e-09  0
14093.5  1e-09  0
14104.2  1e-09  0
14115  1e-09  0
14125.8  1e-09  0
14136.5  1e-09  0
14147.3  1e-09  0
14158.1  1e-09  0
14168.8  1e-09  0
14179.6  1e-09  0
14190.4  1e-09  0
14201.1  1e-09  0
14211.9  1e-09  0
14222.7  1e-09  0
14233.4  1e-09  0
14244.2  1e-09  0
14255  1e-09  0
14265.7  1e-09  0
14276.5  1e-09  0
14287.3  1e-09  0
14298  1e-09  0
14308.8  1e-09  0
14319.6  1e-09  0
14330.3  1e-09  0
14341.1  1e-09  0
14351.9  1e-09  0
14362.6  1e-09  0
14373.4  1e-09  0
14384.2  1e-09  0
14394.9  1e-09  0
14405.7  1e-09  0
14416.5  1e-09  0
14427.2  1e-09  0
14438  1e-09  0
14448.8  1e-09  0
14459.5  1e-09  0
14470.3  1e-09  0
14481.1  1e-09  0
14491.8  1e-09  0
14502.6  1e-09  0
14513.4  1e-09  0
14524.1  1e-09  0
14534.9  1e-09  0
14545.7  1e-09  0
14556.4  1e-09  0
14567.2  1e-09  0
14578  1e-09  0
14588.7  1e-09  0
14599.5  1e-09  0
14610.3  1e-09  0
14621  1e-09  0
14631.8  1e-09  0
14642.6  1e-09  0
14653.3  1e-09  0
14664.1  1e-09  0
14674.9  1e-09  0
14685.6  1e-09  0
14696.4  1e-09  0
14707.2  1e-09  0
14717.9  1e-09  0
14728.7  1e-09  0
14739.5  1e-09  0
14750.2  1e-09  0
14761  1e-09  0
14771.8  1e-09  0
14782.5  1e-09  0
14793.3  1e-09  0
14804.1  1e-09  0
14814.8  1e-09  0
14825.6  1e-09  0
14836.4  1e-09  0
14847.1  1e-09  0
14857.9  1e-09  0
14868.7  1e-09  0
14879.4  1e-09  0
14890.2  1e-09  0
14901  1e-09  0
14911.7  1e-09  0
14922.5  1e-09  0
14933.3  1e-09  0
14944  1e-09  0
14954.8  1e-09  0
14965.6  1e-09  0
14976.3  1e-09  0
14987.1  1e-09  0
14997.9  1e-09  0
15008.6  1e-09  0
15019.4  1e-09  0
15030.2  1e-09  0
15040.9  1e-09  0
15051.7  1e-09  0
15062.5  1e-09  0
15073.2  1e-09  0
15084  1e-09  0
15094.8  1e-09  0
15105.5  1e-09  0
15116.3  1e-09  0
15127.1  1e-09  0
15137.8  1e-09  0
15148.6  1e-09  0
15159.4  1e-09  0
15170.1  1e-09  0
15180.9  1e-09  0
15191.7  1e-09  0
15202.4  1e-09  0
15213.2  1e-09  0
15224  1e-09  0
15234.7  1e-09  0
15245.5  1e-09  0
15256.3  1e-09  0
15267  1e-09  0
15277.8  1e-09  0
15288.6  1e-09  0
15299.3  1e-09  0
15310.1  1e-09  0
15320.9  1e-09  0
15331.6  1e-09  0
15342.4  1e-09  0
15353.2  1e-09  0
15363.9  1e-09  0
15374.7  1e-09  0
15385.5  1e-09  0
15396.2  1e-09  0
15407  1e-09  0
15417.8  1e-09  0
15428.5  1e-09  0
15439.3  1e-09  0
15450.1  1e-09  0
15460.8  1e-09  0
15471.6  1e-09  0
15482.4  1e-09  0
15493.1  1e-09  0
15503.9  1e-09  0
15514.7  1e-09  0
15525.4  1e-09  0
15536.2  1e-09  0
15547  1e-09  0
15557.7  1e-09  0
15568.5  1e-09  0
15579.3  1e-09  0
15590  1e-09  0
15600.8  1e-09  0
15611.6  1e-09  0
15622.3  1e-09  0
15633.1  1e-09  0
15643.9  1e-09  0
15654.6  1e-09  0
15665.4  1e-09  0
15676.2  1e-09  0
15686.9  1e-09  0
15697.7  1e-09  0
15708.5  1e-09  0
15719.2  1e-09  0
15730  1e-09  0
15740.8  1e-09  0
15751.5  1e-09  0
15762.3  1e-09  0
15773.1  1e-09  0
15783.8  1e-09  0
15794.6  1e-09  0
15805.4  1e-09  0
15816.1  1e-09  0
15826.9  1e-09  0
15837.7  1e-09  0
15848.4  1e-09  0
15859.2  1e-09  0
15870  1e-09  0
15880.7  1e-09  0
15891.5  1e-09  0
15902.3  1e-09  0
15913  1e-09  0
15923.8  1e-09  0
15934.6  1e-09  0
15945.3  1e-09  0
15956.1  1e-09  0
15966.9  1e-09  0
15977.6  1e-09  0
15988.4  1e-09  0
15999.2  1e-09  0
16009.9  1e-09  0
16020.7  1e-09  0
16031.5  1e-09  0
16042.2  1e-09  0
16053  1e-09  0
16063.8  1e-09  0
16074.5  1e-09  0
16085.3  1e-09  0
16096.1  1e-09  0
16106.8  1e-09  0
16117.6  1e-09  0
16128.4  1e-09  0
16139.1  1e-09  0
16149.9  1e-09  0
16160.7  1e-09  0
16171.4  1e-09  0
16182.2  1e-09  0
16193  1e-09  0
16203.7  1e-09  0
16214.5  1e-09  0
16225.3  1e-09  0
16236  1e-09  0
16246.8  1e-09  0
16257.6  1e-09  0
16268.3  1e-09  0
16279.1  1e-09  0
16289.9  1e-09  0
16300.6  1e-09  0
16311.4  1e-09  0
16322.2  1e-09  0
16332.9  1e-09  0
16343.7  1e-09  0
16354.5  1e-09  0
16365.2  1e-09  0
16376  1e-09  0
16386.8  1e-09  0
16397.5  1e-09  0
16408.3  1e-09  0
16419.1  1e-09  0
16429.8  1e-09  0
16440.6  1e-09  0
16451.4  1e-09  0
16462.1  1e-09  0
16472.9  1e-09  0
16483.7  1e-09  0
16494.4  1e-09  0
16505.2  1e-09  0
16516  1e-09  0
16526.7  1e-09  0
16537.5  1e-09  0
16548.3  1e-09  0
16559  1e-09  0
16569.8  1e-09  0
16580.6  1e-09  0
16591.3  1e-09  0
16602.1  1e-09  0
16612.9  1e-09  0
16623.6  1e-09  0
16634.4  1e-09  0
16645.2  1e-09  0
16655.9  1e-09  0
16666.7  1e-09  0
16677.5  1e-09  0
16688.2  1e-09  0
16699  1e-09  0
16709.8  1e-09  0
16720.5  1e-09  0
16731.3  1e-09  0
16742.1  1e-09  0
16752.8  1e-09  0
16763.6  1e-09  0
16774.4  1e-09  0
16785.1  1e-09  0
16795.9  1e-09  0
16806.7  1e-09  0
16817.4  1e-09  0
16828.2  1e-09  0
16839  1e-09  0
16849.7  1e-09  0
16860.5  1e-09  0
16871.3  1e-09  0
16882  1e-09  0
16892.8  1e-09  0
16903.6  1e-09  0
16914.3  1e-09  0
16925.1  1e-09  0
16935.9  1e-09  0
16946.6  1e-09  0
16957.4  1e-09  0
16968.2  1e-09  0
16978.9  1e-09  0
16989.7  1e-09  0
17000.5  1e-09  0
17011.2  1e-09  0
17022  1e-09  0
17032.8  1e-09  0
17043.5  1e-09  0
17054.3  1e-09  0
17065.1  1e-09  0
17075.8  1e-09  0
17086.6  1e-09  0
17097.4  1e-09  0
17108.1  1e-09  0
17118.9  1e-09  0
17129.7  1e-09  0
17140.4  1e-09  0
17151.2  1e-09  0
17162  1e-09  0
17172.7  1e-09  0
17183.5  1e-09  0
17194.3  1e-09  0
17205  1e-09  0
17215.8  1e-09  0
17226.6  1e-09  0
17237.3  1e-09  0
17248.1  1e-09  0
17258.9  1e-09  0
17269.6  1e-09  0
17280.4  1e-09  0
17291.2  1e-09  0
17301.9  1e-09  0
17312.7  1e-09  0
17323.5  1e-09  0
17334.2  1e-09  0
17345  1e-09  0
17355.8  1e-09  0
17366.5  1e-09  0
17377.3  1e-09  0
17388.1  1e-09  0
17398.8  1e-09  0
17409.6  1e-09  0
17420.4  1e-09  0
17431.1  1e-09  0
17441.9  1e-09  0
17452.7  1e-09  0
17463.4  1e-09  0
17474.2  1e-09  0
17485  1e-09  0
17495.7  1e-09  0
17506.5  1e-09  0
17517.3  1e-09  0
17528  1e-09  0
17538.8  1e-09  0
17549.6  1e-09  0
17560.3  1e-09  0
17571.1  1e-09  0
17581.9  1e-09  0
17592.6  1e-09  0
17603.4  1e-09  0
17614.2  1e-09  0
17624.9  1e-09  0
17635.7  1e-09  0
17646.5  1e-09  0
17657.2  1e-09  0
17668  1e-09  0
17678.8  1e-09  0
17689.5  1e-09  0
17700.3  1e-09  0
17711.1  1e-09  0
17721.8  1e-09  0
17732.6  1e-09  0
17743.4  1e-09  0
17754.1  1e-09  0
17764.9  1e-09  0
17775.7  1e-09  0
17786.4  1e-09  0
17797.2  1e-09  0
17808  1e-09  0
17818.7  1e-09  0
17829.5  1e-09  0
17840.3  1e-09  0
17851  1e-09  0
17861.8  1e-09  0
17872.6  1e-09  0
17883.3  1e-09  0
17894.1  1e-09  0
17904.9  1e-09  0
17915.6  1e-09  0
17926.4  1e-09  0
17937.2  1e-09  0
17947.9  1e-09  0
17958.7  1e-09  0
17969.5  1e-09  0
17980.2  1e-09  0
17991  1e-09  0
18001.8  1e-09  0
18012.5  1e-09  0
18023.3  1e-09  0
18034.1  1e-09  0
18044.8  1e-09  0
18055.6  1e-09  0
18066.4  1e-09  0
18077.1  1e-09  0
18087.9  1e-09  0
18098.7  1e-09  0
18109.4  1e-09  0
18120.2  1e-09  0
18131  1e-09  0
18141.7  1e-09  0
18152.5  1e-09  0
18163.3  1e-09  0
18174  1e-09  0
18184.8  1e-09  0
18195.6  1e-09  0
18206.3  1e-09  0
18217.1  1e-09  0
18227.9  1e-09  0
18238.6  1e-09  0
18249.4  1e-09  0
18260.2  1e-09  0
18270.9  1e-09  0
18281.7  1e-09  0
18292.5  1e-09  0
18303.2  1e-09  0
18314  1e-09  0
18324.8  1e-09  0
18335.5  1e-09  0
18346.3  1e-09  0
18357.1  1e-09  0
18367.8  1e-09  0
18378.6  1e-09  0
18389.4  1e-09  0
18400.1  1e-09  0
18410.9  1e-09  0
18421.7  1e-09  0
18432.4  1e-09  0
18443.2  1e-09  0
18454  1e-09  0
18464.7  1e-09  0
18475.5  1e-09  0
18486.3  1e-09  0
18497  1e-09  0
18507.8  1e-09  0
18518.6  1e-09  0
18529.3  1e-09  0
18540.1  1e-09  0
18550.9  1e-09  0
18561.6  1e-09  0
18572.4  1e-09  0
18583.2  1e-09  0
18593.9  1e-09  0
18604.7  1e-09  0
18615.5  1e-09  0
18626.2  1e-09  0
18637  1e-09  0
18647.8  1e-09  0
18658.5  1e-09  0
18669.3  1e-09  0
18680.1  1e-09  0
18690.8  1e-09  0
18701.6  1e-09  0
18712.4  1e-09  0
18723.1  1e-09  0
18733.9  1e-09  0
18744.7  1e-09  0
18755.4  1e-09  0
18766.2  1e-09  0
18777  1e-09  0
18787.7  1e-09  0
18798.5  1e-09  0
18809.3  1e-09  0
18820  1e-09  0
18830.8  1e-09  0
18841.6  1e-09  0
18852.3  1e-09  0
18863.1  1e-09  0
18873.9  1e-09  0
18884.6  1e-09  0
18895.4  1e-09  0
18906.2  1e-09  0
18916.9  1e-09  0
18927.7  1e-09  0
18938.5  1e-09  0
18949.2  1e-09  0
18960  1e-09  0
18970.8  1e-09  0
18981.5  1e-09  0
18992.3  1e-09  0
19003.1  1e-09  0
19013.8  1e-09  0
19024.6  1e-09  0
19035.4  1e-09  0
19046.1  1e-09  0
19056.9  1e-09  0
19067.7  1e-09  0
19078.4  1e-09  0
19089.2  1e-09  0
19100  1e-09  0
19110.7  1e-09  0
19121.5  1e-09  0
19132.3  1e-09  0
19143  1e-09  0
19153.8  1e-09  0
19164.6  1e-09  0
19175.3  1e-09  0
19186.1  1e-09  0
19196.9  1e-09  0
19207.6  1e-09  0
19218.4  1e-09  0
19229.2  1e-09  0
19239.9  1e-09  0
19250.7  1e-09  0
19261.5  1e-09  0
19272.2  1e-09  0
19283  1e-09  0
19293.8  1e-09  0
19304.5  1e-09  0
19315.3  1e-09  0
19326  1e-09  0
19336.8  1e-09  0
19347.6  1e-09  0
19358.3  1e-09  0
19369.1  1e-09  0
19379.9  1e-09  0
19390.6  1e-09  0
19401.4  1e-09  0
19412.2  1e-09  0
19422.9  1e-09  0
19433.7  1e-09  0
19444.5  1e-09  0
19455.2  1e-09  0
19466  1e-09  0
19476.8  1e-09  0
19487.5  1e-09  0
19498.3  1e-09  0
19509.1  1e-09  0
19519.8  1e-09  0
19530.6  1e-09  0
19541.4  1e-09  0
19552.1  1e-09  0
19562.9  1e-09  0
19573.7  1e-09  0
19584.4  1e-09  0
19595.2  1e-09  0
19606  1e-09  0
19616.7  1e-09  0
19627.5  1e-09  0
19638.3  1e-09  0
19649  1e-09  0
19659.8  1e-09  0
19670.6  1e-09  0
19681.3  1e-09  0
19692.1  1e-09  0
19702.9  1e-09  0
19713.6  1e-09  0
19724.4  1e-09  0
19735.2  1e-09  0
19745.9  1e-09  0
19756.7  1e-09  0
19767.5  1e-09  0
19778.2  1e-09  0
19789  1e-09  0
19799.8  1e-09  0
19810.5  1e-09  0
19821.3  1e-09  0
19832.1  1e-09  0
19842.8  1e-09  0
19853.6  1e-09  0
19864.4  1e-09  0
19875.1  1e-09  0
19885.9  1e-09  0
19896.7  1e-09  0
19907.4  1e-09  0
19918.2  1e-09  0
19929  1e-09  0
19939.7  1e-09  0
19950.5  1e-09  0
19961.3  1e-09  0
19972  1e-09  0
19982.8  1e-09  0
19993.6  1e-09  0
20004.3  1e-09  0
20015.1  1e-09  0
20025.9  1e-09  0
20036.6  1e-09  0
20047.4  1e-09  0
20058.2  1e-09  0
20068.9  1e-09  0
20079.7  1e-09  0
20090.5  1e-09  0
20101.2  1e-09  0
20112  1e-09  0
20122.8  1e-09  0
20133.5  1e-09  0
20144.3  1e-09  0
20155.1  1e-09  0
20165.8  1e-09  0
20176.6  1e-09  0
20187.4  1e-09  0
20198.1  1e-09  0
20208.9  1e-09  0
20219.7  1e-09  0
20230.4  1e-09  0
20241.2  1e-09  0
20252  1e-09  0
20262.7  1e-09  0
20273.5  1e-09  0
20284.3  1e-09  0
20295  1e-09  0
20305.8  1e-09  0
20316.6  1e-09  0
20327.3  1e-09  0
20338.1  1e-09  0
20348.9  1e-09  0
20359.6  1e-09  0
20370.4  1e-09  0
20381.2  1e-09  0
20391.9  1e-09  0
20402.7  1e-09  0
20413.5  1e-09  0
20424.2  1e-09  0
20435  1e-09  0
20445.8  1e-09  0
20456.5  1e-09  0
20467.3  1e-09  0
20478.1  1e-09  0
20488.8  1e-09  0
20499.6  1e-09  0
20510.4  1e-09  0
20521.1  1e-09  0
20531.9  1e-09  0
20542.7  1e-09  0
20553.4  1e-09  0
20564.2  1e-09  0
20575  1e-09  0
20585.7  1e-09  0
20596.5  1e-09  0
20607.3  1e-09  0
20618  1e-09  0
20628.8  1e-09  0
20639.6  1e-09  0
20650.3  1e-09  0
20661.1  1e-09  0
20671.9  1e-09  0
20682.6  1e-09  0
20693.4  1e-09  0
20704.2  1e-09  0
20714.9  1e-09  0
20725.7  1e-09  0
20736.5  1e-09  0
20747.2  1e-09  0
20758  1e-09  0
20768.8  1e-09  0
20779.5  1e-09  0
20790.3  1e-09  0
20801.1  1e-09  0
20811.8  1e-09  0
20822.6  1e-09  0
20833.4  1e-09  0
20844.1  1e-09  0
20854.9  1e-09  0
20865.7  1e-09  0
20876.4  1e-09  0
20887.2  1e-09  0
20898  1e-09  0
20908.7  1e-09  0
20919.5  1e-09  0
20930.3  1e-09  0
20941  1e-09  0
20951.8  1e-09  0
20962.6  1e-09  0
20973.3  1e-09  0
20984.1  1e-09  0
20994.9  1e-09  0
21005.6  1e-09  0
21016.4  1e-09  0
21027.2  1e-09  0
21037.9  1e-09  0
21048.7  1e-09  0
21059.5  1e-09  0
21070.2  1e-09  0
21081  1e-09  0
21091.8  1e-09  0
21102.5  1e-09  0
21113.3  1e-09  0
21124.1  1e-09  0
21134.8  1e-09  0
21145.6  1e-09  0
21156.4  1e-09  0
21167.1  1e-09  0
21177.9  1e-09  0
21188.7  1e-09  0
21199.4  1e-09  0
21210.2  1e-09  0
21221  1e-09  0
21231.7  1e-09  0
21242.5  1e-09  0
21253.3  1e-09  0
21264  1e-09  0
21274.8  1e-09  0
21285.6  1e-09  0
21296.3  1e-09  0
21307.1  1e-09  0
21317.9  1e-09  0
21328.6  1e-09  0
21339.4  1e-09  0
21350.2  1e-09  0
21360.9  1e-09  0
21371.7  1e-09  0
21382.5  1e-09  0
21393.2  1e-09  0
21404  1e-09  0
21414.8  1e-09  0
21425.5  1e-09  0
21436.3  1e-09  0
21447.1  1e-09  0
21457.8  1e-09  0
21468.6  1e-09  0
21479.4  1e-09  0
21490.1  1e-09  0
21500.9  1e-09  0
21511.7  1e-09  0
21522.4  1e-09  0
21533.2  1e-09  0
21544  1e-09  0
21554.7  1e-09  0
21565.5  1e-09  0
21576.3  1e-09  0
21587  1e-09  0
21597.8  1e-09  0
21608.6  1e-09  0
21619.3  1e-09  0
21630.1  1e-09  0
21640.9  1e-09  0
21651.6  1e-09  0
21662.4  1e-09  0
21673.2  1e-09  0
21683.9  1e-09  0
21694.7  1e-09  0
21705.5  1e-09  0
21716.2  1e-09  0
21727  1e-09  0
21737.8  1e-09  0
21748.5  1e-09  0
21759.3  1e-09  0
21770.1  1e-09  0
21780.8  1e-09  0
21791.6  1e-09  0
21802.4  1e-09  0
21813.1  1e-09  0
21823.9  1e-09  0
21834.7  1e-09  0
21845.4  1e-09  0
21856.2  1e-09  0
21867  1e-09  0
21877.7  1e-09  0
21888.5  1e-09  0
21899.3  1e-09  0
21910  1e-09  0
21920.8  1e-09  0
21931.6  1e-09  0
21942.3  1e-09  0
21953.1  1e-09  0
21963.9  1e-09  0
21974.6  1e-09  0
21985.4  1e-09  0
21996.2  1e-09  0
22006.9  1e-09  0
22017.7  1e-09  0
22028.5  1e-09  0

