num_points: 2047
frequency_Hz  magnitude  phase_rad
0  1.00223  -0.0101028
10.7666  1.00223  -0.0101028
21.5332  1.0041  -0.0209953
32.2998  1.00766  -0.0317058
43.0664  1.01298  -0.0423592
53.833  1.02013  -0.0529721
64.5996  1.02921  -0.0635484
75.3662  1.04036  -0.0740952
86.1328  1.05375  -0.0846272
96.8994  1.06961  -0.0951691
107.666  1.08819  -0.105757
118.433  1.10982  -0.116442
129.199  1.13486  -0.127288
139.966  1.16379  -0.138377
150.732  1.19717  -0.149813
161.499  1.23567  -0.161724
172.266  1.28016  -0.174268
183.032  1.33169  -0.187643
193.799  1.39159  -0.202098
204.565  1.46158  -0.21795
215.332  1.54387  -0.235609
226.099  1.64139  -0.255613
236.865  1.75806  -0.278689
247.632  1.89925  -0.305839
258.398  2.07249  -0.338484
269.165  2.28858  -0.378713
279.932  2.56351  -0.429745
290.698  2.92184  -0.497147
301.465  3.39321  -0.592551
312.231  3.98598  -0.724622
322.998  4.74535  -0.910254
333.765  5.56487  -1.18083
344.531  6.02456  -1.53897
355.298  5.68453  -1.91675
366.064  4.81154  -2.22459
376.831  3.92225  -2.44107
387.598  3.20976  -2.58866
398.364  2.67207  -2.69153
409.131  2.2666  -2.76584
419.897  1.95559  -2.82144
430.664  1.712  -2.86433
441.431  1.51732  -2.89827
452.197  1.35885  -2.92572
462.964  1.22778  -2.94832
473.73  1.11784  -2.96722
484.497  1.02449  -2.98324
495.264  0.944367  -2.99695
506.03  0.874952  -3.00882
516.797  0.814312  -3.01918
527.563  0.760944  -3.02828
538.33  0.713666  -3.03634
549.097  0.671534  -3.04351
559.863  0.633788  -3.04993
570.63  0.599808  -3.0557
581.396  0.569086  -3.06091
592.163  0.541198  -3.06563
602.93  0.515794  -3.06993
613.696  0.492577  -3.07385
624.463  0.471302  -3.07743
635.229  0.451763  -3.08074
645.996  0.433794  -3.08387
656.763  0.417222  -3.08705
667.529  0.401687  -3.09045
678.296  0.387032  -3.09315
689.063  0.373506  -3.09521
699.829  0.360993  -3.09713
710.596  0.349345  -3.09896
721.362  0.338468  -3.10072
732.129  0.328292  -3.10239
742.896  0.318758  -3.10398
753.662  0.309821  -3.1055
764.429  0.301441  -3.10703
775.195  0.293552  -3.10873
785.962  0.285997  -3.11054
796.729  0.278797  -3.11181
807.495  0.27207  -3.11279
818.262  0.265755  -3.11375
829.028  0.259799  -3.1147
839.795  0.254166  -3.11564
850.562  0.248835  -3.11656
861.328  0.243784  -3.11745
872.095  0.238995  -3.11831
882.861  0.234454  -3.11914
893.628  0.230144  -3.11994
904.395  0.226054  -3.12072
915.161  0.222169  -3.12146
925.928  0.21848  -3.12219
936.694  0.214976  -3.12288
947.461  0.211646  -3.12356
958.228  0.208483  -3.12422
968.994  0.205477  -3.12485
979.761  0.202621  -3.12547
990.527  0.199908  -3.12607
1001.29  0.197331  -3.12665
1012.06  0.194884  -3.12722
1022.83  0.192561  -3.12778
1033.59  0.190357  -3.12832
1044.36  0.188268  -3.12885
1055.13  0.186287  -3.12937
1065.89  0.184412  -3.12988
1076.66  0.182638  -3.13038
1087.43  0.180962  -3.13087
1098.19  0.179379  -3.13135
1108.96  0.177887  -3.13183
1119.73  0.176483  -3.1323
1130.49  0.175163  -3.13276
1141.26  0.173927  -3.13321
1152.03  0.17277  -3.13366
1162.79  0.171691  -3.13411
1173.56  0.170687  -3.13455
1184.33  0.169757  -3.13498
1195.09  0.1689  -3.13541
1205.86  0.168113  -3.13584
1216.63  0.167394  -3.13627
1227.39  0.166744  -3.13669
1238.16  0.166159  -3.13712
1248.93  0.165641  -3.13754
1259.69  0.165186  -3.13795
1270.46  0.164795  -3.13837
1281.23  0.164466  -3.13879
1291.99  0.1642  -3.13921
1302.76  0.163995  -3.13962
1313.53  0.163851  -3.14004
1324.29  0.163767  -3.14045
1335.06  0.163744  -3.14087
1345.83  0.163782  -3.14129
1356.59  0.16388  3.14148
1367.36  0.164038  3.14106
1378.13  0.164257  3.14064
1388.89  0.164538  3.14022
1399.66  0.164882  3.13978
1410.42  0.16529  3.13933
1421.19  0.165764  3.13884
1431.96  0.166297  3.13823
1442.72  0.166865  3.13755
1453.49  0.16747  3.13703
1464.26  0.168153  3.13666
1475.02  0.168917  3.13629
1485.79  0.169754  3.1359
1496.56  0.170659  3.13547
1507.32  0.171634  3.13504
1518.09  0.172679  3.13458
1528.86  0.173795  3.13412
1539.62  0.174983  3.13365
1550.39  0.176246  3.13316
1561.16  0.177584  3.13267
1571.92  0.179001  3.13218
1582.69  0.180498  3.13167
1593.46  0.182078  3.13115
1604.22  0.183743  3.13063
1614.99  0.185495  3.1301
1625.76  0.187338  3.12956
1636.52  0.189275  3.12901
1647.29  0.191308  3.12846
1658.06  0.193441  3.12789
1668.82  0.195678  3.12731
1679.59  0.198023  3.12673
1690.36  0.20048  3.12613
1701.12  0.203053  3.12552
1711.89  0.205747  3.12491
1722.66  0.208568  3.12428
1733.42  0.21152  3.12364
1744.19  0.21461  3.12298
1754.96  0.217844  3.12232
1765.72  0.221228  3.12164
1776.49  0.22477  3.12095
1787.26  0.228478  3.12024
1798.02  0.23236  3.11952
1808.79  0.236427  3.11879
1819.56  0.240691  3.11803
1830.32  0.245164  3.11724
1841.09  0.249865  3.11639
1851.86  0.254811  3.11537
1862.62  0.25996  3.11396
1873.39  0.265167  3.11256
1884.16  0.270632  3.11188
1894.92  0.276479  3.11127
1905.69  0.282658  3.11054
1916.46  0.289159  3.1097
1927.22  0.295993  3.1088
1937.99  0.303179  3.10785
1948.75  0.310739  3.10685
1959.52  0.318698  3.10582
1970.29  0.327084  3.10474
1981.05  0.335925  3.10362
1991.82  0.345254  3.10247
2002.59  0.355106  3.10128
2013.35  0.365521  3.10004
2024.12  0.376541  3.09876
2034.89  0.388213  3.09743
2045.65  0.400589  3.09605
2056.42  0.413725  3.09462
2067.19  0.427686  3.09313
2077.95  0.442542  3.09158
2088.72  0.458372  3.08997
2099.49  0.475263  3.08829
2110.25  0.493314  3.08653
2121.02  0.512636  3.0847
2131.79  0.533353  3.08277
2142.55  0.555607  3.08076
2153.32  0.579558  3.07863
2164.09  0.605388  3.0764
2174.85  0.633309  3.07404
2185.62  0.663561  3.07154
2196.39  0.696423  3.0689
2207.15  0.732218  3.06608
2217.92  0.771327  3.06308
2228.69  0.814195  3.05986
2239.45  0.861349  3.05641
2250.22  0.913417  3.05269
2260.99  0.971158  3.04866
2271.75  1.03549  3.04427
2282.52  1.10752  3.03947
2293.29  1.18865  3.03419
2304.05  1.28061  3.02833
2314.82  1.3856  3.0218
2325.59  1.50644  3.01444
2336.35  1.64682  3.00607
2347.12  1.81167  2.99644
2357.89  2.00767  2.98521
2368.65  2.24416  2.97192
2379.42  2.53454  2.95587
2390.19  2.89874  2.93605
2400.95  3.36765  2.91087
2411.72  3.99153  2.87771
2422.49  4.85738  2.83195
2433.25  6.1269  2.7647
2444.02  8.12457  2.65685
2454.79  11.5161  2.46172
2465.55  17.0358  2.06108
2476.32  19.9596  1.35458
2487.08  15.0952  0.768455
2497.85  10.692  0.479072
2508.62  8.09376  0.330928
2519.38  6.50495  0.244026
2530.15  5.45917  0.187298
2540.92  4.72731  0.147291
2551.68  4.19055  0.117412
2562.45  3.78253  0.094089
2573.22  3.46369  0.0752321
2583.98  3.20914  0.059538
2594.75  3.00248  0.0461534
2605.52  2.83249  0.034496
2616.28  2.69129  0.0241541
2627.05  2.57315  0.014828
2637.82  2.47384  0.00629308
2648.58  2.39019  -0.00162273
2659.35  2.31977  -0.00905459
2670.12  2.26068  -0.016111
2680.88  2.21146  -0.0228808
2691.65  2.17096  -0.0294388
2702.42  2.13828  -0.035849
2713.18  2.1127  -0.0421677
2723.95  2.09367  -0.0484457
2734.72  2.08078  -0.05473
2745.48  2.07371  -0.0610651
2756.25  2.07227  -0.0674943
2767.02  2.07633  -0.0740611
2777.78  2.08585  -0.0808097
2788.55  2.10088  -0.0877865
2799.32  2.12154  -0.0950412
2810.08  2.14803  -0.102628
2820.85  2.18065  -0.110606
2831.62  2.21978  -0.119042
2842.38  2.26593  -0.128014
2853.15  2.31972  -0.137609
2863.92  2.38192  -0.147931
2874.68  2.45349  -0.159102
2885.45  2.53561  -0.171268
2896.22  2.6297  -0.184604
2906.98  2.73754  -0.199327
2917.75  2.86132  -0.2157
2928.52  3.00377  -0.234055
2939.28  3.16832  -0.254805
2950.05  3.35928  -0.278481
2960.82  3.5822  -0.305775
2971.58  3.84413  -0.33761
2982.35  4.15415  -0.375228
2993.12  4.52378  -0.420321
3003.88  4.96749  -0.475222
3014.65  5.50251  -0.543181
3025.42  6.14682  -0.628731
3036.18  6.91187  -0.738027
3046.95  7.78311  -0.878775
3057.71  8.67967  -1.05857
3068.48  9.40627  -1.27965
3079.25  9.6854  -1.53039
3090.01  9.36276  -1.78339
3100.78  8.57571  -2.00983
3111.55  7.60811  -2.19559
3122.31  6.66934  -2.34146
3133.08  5.84744  -2.45469
3143.85  5.15765  -2.54314
3154.61  4.5866  -2.6132
3165.38  4.11401  -2.66963
3176.15  3.72064  -2.71583
3186.91  3.39053  -2.75424
3197.68  3.11103  -2.78663
3208.45  2.87228  -2.81429
3219.21  2.66661  -2.83818
3229.98  2.48808  -2.85903
3240.75  2.33198  -2.87738
3251.51  2.19462  -2.89368
3262.28  2.07304  -2.90825
3273.05  1.96484  -2.92137
3283.81  1.86809  -2.93325
3294.58  1.78121  -2.94408
3305.35  1.70287  -2.954
3316.11  1.632  -2.96312
3326.88  1.56766  -2.97155
3337.65  1.50909  -2.97937
3348.41  1.45564  -2.98666
3359.18  1.40675  -2.99347
3369.95  1.36193  -2.99986
3380.71  1.32078  -3.00587
3391.48  1.28293  -3.01155
3402.25  1.24807  -3.01692
3413.01  1.21594  -3.02202
3423.78  1.1863  -3.02687
3434.55  1.15893  -3.03149
3445.31  1.13365  -3.03592
3456.08  1.1103  -3.04015
3466.85  1.08874  -3.04422
3477.61  1.06883  -3.04814
3488.38  1.05046  -3.05191
3499.15  1.03354  -3.05556
3509.91  1.01797  -3.05909
3520.68  1.00367  -3.06251
3531.45  0.990572  -3.06583
3542.21  0.978608  -3.06906
3552.98  0.967724  -3.07221
3563.75  0.957868  -3.07529
3574.51  0.948996  -3.07829
3585.28  0.941069  -3.08123
3596.04  0.934052  -3.08412
3606.81  0.927916  -3.08695
3617.58  0.922634  -3.08974
3628.34  0.918184  -3.09248
3639.11  0.914549  -3.09519
3649.88  0.911714  -3.09786
3660.64  0.909667  -3.10051
3671.41  0.9084  -3.10312
3682.18  0.907909  -3.10572
3692.94  0.908192  -3.1083
3703.71  0.909251  -3.11086
3714.48  0.911089  -3.11342
3725.24  0.913717  -3.11596
3736.01  0.917144  -3.11851
3746.78  0.921385  -3.12105
3757.54  0.926459  -3.12359
3768.31  0.932388  -3.12615
3779.08  0.939198  -3.12871
3789.84  0.94692  -3.13129
3800.61  0.955588  -3.13388
3811.38  0.965244  -3.1365
3822.14  0.975932  -3.13914
3832.91  0.987706  3.14137
3843.68  1.00062  3.13866
3854.44  1.01475  3.13592
3865.21  1.03016  3.13312
3875.98  1.04694  3.13028
3886.74  1.06518  3.12737
3897.51  1.08499  3.1244
3908.28  1.10649  3.12136
3919.04  1.12982  3.11824
3929.81  1.15513  3.11503
3940.58  1.18259  3.11172
3951.34  1.21242  3.1083
3962.11  1.24483  3.10476
3972.88  1.28009  3.10107
3983.64  1.3185  3.09723
3994.41  1.36042  3.09321
4005.18  1.40625  3.089
4015.94  1.45647  3.08456
4026.71  1.51164  3.07987
4037.48  1.57242  3.07489
4048.24  1.63962  3.06958
4059.01  1.71417  3.06388
4069.78  1.79723  3.05774
4080.54  1.89021  3.05108
4091.31  1.99484  3.04382
4102.08  2.11331  3.03582
4112.84  2.24836  3.02695
4123.61  2.40352  3.01703
4134.38  2.58338  3.00579
4145.14  2.79406  2.99292
4155.91  3.04381  2.97798
4166.67  3.34412  2.96033
4177.44  3.71133  2.9391
4188.21  4.1695  2.91294
4198.97  4.7553  2.87981
4209.74  5.52702  2.83635
4220.51  6.5816  2.77676
4231.27  8.08691  2.69027
4242.04  10.3341  2.55523
4252.81  13.7252  2.32621
4263.57  17.8957  1.92437
4274.34  18.9086  1.35785
4285.11  15.2223  0.88512
4295.87  11.429  0.606693
4306.64  8.84303  0.446338
4317.41  7.12902  0.346435
4328.17  5.94665  0.279128
4338.94  5.09342  0.230856
4349.71  4.45325  0.194512
4360.47  3.95733  0.166081
4371.24  3.56301  0.143147
4382.01  3.2427  0.124175
4392.77  2.97783  0.108148
4403.54  2.75554  0.094364
4414.31  2.5666  0.0823273
4425.07  2.40427  0.0716753
4435.84  2.26352  0.0621382
4446.61  2.14047  0.0535108
4457.37  2.03216  0.0456352
4468.14  1.93623  0.0383884
4478.91  1.85082  0.0316739
4489.67  1.77441  0.0254171
4500.44  1.7058  0.0195597
4511.21  1.64399  0.0140505
4521.97  1.58818  0.00882796
4532.74  1.53767  0.00381333
4543.51  1.4918  -0.00105044
4554.27  1.45002  -0.00577422
4565.04  1.4119  -0.010355
4575.81  1.37709  -0.0147993
4586.57  1.34529  -0.0191211
4597.34  1.31623  -0.0233365
4608.11  1.28968  -0.027461
4618.87  1.26545  -0.0315087
4629.64  1.24335  -0.0354919
4640.41  1.22322  -0.039422
4651.17  1.20494  -0.0433089
4661.94  1.18837  -0.0471619
4672.71  1.17341  -0.0509894
4683.47  1.15998  -0.0547994
4694.24  1.14799  -0.0585991
4705  1.13737  -0.0623955
4715.77  1.12807  -0.0661954
4726.54  1.12002  -0.070005
4737.3  1.11318  -0.0738307
4748.07  1.10752  -0.0776786
4758.84  1.10301  -0.0815547
4769.6  1.09961  -0.085465
4780.37  1.09732  -0.0894156
4791.14  1.09612  -0.0934128
4801.9  1.096  -0.0974626
4812.67  1.09696  -0.101572
4823.44  1.09901  -0.105747
4834.2  1.10214  -0.109995
4844.97  1.10638  -0.114323
4855.74  1.11175  -0.118739
4866.5  1.11827  -0.123251
4877.27  1.12598  -0.127868
4888.04  1.1349  -0.132599
4898.8  1.14509  -0.137455
4909.57  1.1566  -0.142445
4920.34  1.1695  -0.147583
4931.1  1.18385  -0.152881
4941.87  1.19973  -0.158353
4952.64  1.21723  -0.164014
4963.4  1.23647  -0.169883
4974.17  1.25755  -0.175977
4984.94  1.28062  -0.182319
4995.7  1.30583  -0.188931
5006.47  1.33335  -0.195841
5017.24  1.36338  -0.203078
5028  1.39616  -0.210677
5038.77  1.43193  -0.218676
5049.54  1.47101  -0.22712
5060.3  1.51374  -0.236058
5071.07  1.56052  -0.245551
5081.84  1.61181  -0.255665
5092.6  1.66816  -0.26648
5103.37  1.73021  -0.27809
5114.14  1.79869  -0.290605
5124.9  1.8745  -0.304156
5135.67  1.9587  -0.318902
5146.44  2.05254  -0.335032
5157.2  2.15757  -0.35278
5167.97  2.27563  -0.372432
5178.74  2.40897  -0.394343
5189.5  2.56039  -0.418962
5200.27  2.7333  -0.446855
5211.04  2.93194  -0.47875
5221.8  3.16154  -0.515593
5232.57  3.42852  -0.558623
5243.33  3.74059  -0.609481
5254.1  4.10658  -0.670347
5264.87  4.53558  -0.744114
5275.63  5.03429  -0.83454
5286.4  5.6008  -0.946261
5297.17  6.21215  -1.08429
5307.93  6.80552  -1.25236
5318.7  7.26647  -1.44949
5329.47  7.45875  -1.66615
5340.23  7.31022  -1.88456
5351  6.8746  -2.08613
5361.77  6.28499  -2.25966
5372.53  5.66353  -2.40292
5383.3  5.08132  -2.51911
5394.07  4.56631  -2.61319
5404.83  4.12254  -2.68991
5415.6  3.74391  -2.75319
5426.37  3.42127  -2.80608
5437.13  3.14551  -2.85086
5447.9  2.9086  -2.88925
5458.67  2.70382  -2.92256
5469.43  2.5257  -2.95177
5480.2  2.36982  -2.97765
5490.97  2.23259  -3.0008
5501.73  2.11112  -3.02167
5512.5  2.00304  -3.04064
5523.27  1.90643  -3.05801
5534.03  1.8197  -3.07402
5544.8  1.74154  -3.08886
5555.57  1.67085  -3.1027
5566.33  1.6067  -3.11567
5577.1  1.54833  -3.1279
5587.87  1.49507  -3.13947
5598.63  1.44636  3.13271
5609.4  1.40172  3.12221
5620.17  1.36073  3.11214
5630.93  1.32305  3.10246
5641.7  1.28834  3.09312
5652.47  1.25634  3.08408
5663.23  1.22682  3.07529
5674  1.19956  3.06674
5684.77  1.17438  3.05839
5695.53  1.15112  3.05021
5706.3  1.12963  3.04219
5717.07  1.10978  3.03429
5727.83  1.09146  3.02651
5738.6  1.07458  3.01882
5749.37  1.05903  3.01121
5760.13  1.04474  3.00366
5770.9  1.03164  2.99616
5781.67  1.01965  2.9887
5792.43  1.00874  2.98126
5803.2  0.998835  2.97382
5813.96  0.989902  2.96639
5824.73  0.981897  2.95894
5835.5  0.974784  2.95147
5846.26  0.968533  2.94397
5857.03  0.963117  2.93642
5867.8  0.95851  2.92881
5878.56  0.954694  2.92115
5889.33  0.951652  2.9134
5900.1  0.949368  2.90558
5910.86  0.947834  2.89765
5921.63  0.947039  2.88963
5932.4  0.946979  2.88148
5943.16  0.947651  2.87321
5953.93  0.949055  2.86479
5964.7  0.951193  2.85623
5975.46  0.954069  2.8475
5986.23  0.957692  2.8386
5997  0.962071  2.82951
6007.76  0.967219  2.82021
6018.53  0.973152  2.81069
6029.3  0.979887  2.80094
6040.06  0.987446  2.79093
6050.83  0.995852  2.78066
6061.6  1.00513  2.7701
6072.36  1.01532  2.75922
6083.13  1.02645  2.74802
6093.9  1.03855  2.73646
6104.66  1.05168  2.72451
6115.43  1.06587  2.71216
6126.2  1.08118  2.69937
6136.96  1.09765  2.6861
6147.73  1.11536  2.67233
6158.5  1.13437  2.65801
6169.26  1.15474  2.6431
6180.03  1.17656  2.62756
6190.8  1.19991  2.61133
6201.56  1.22487  2.59436
6212.33  1.25155  2.57659
6223.1  1.28004  2.55796
6233.86  1.31045  2.53838
6244.63  1.34291  2.51779
6255.4  1.37752  2.49609
6266.16  1.4144  2.47318
6276.93  1.4537  2.44896
6287.7  1.49551  2.42332
6298.46  1.53998  2.39612
6309.23  1.58719  2.36723
6320  1.63725  2.33649
6330.76  1.6902  2.30375
6341.53  1.74608  2.26883
6352.29  1.80485  2.23155
6363.06  1.86638  2.19172
6373.83  1.93048  2.14918
6384.59  1.99687  2.10372
6395.36  2.06516  2.05516
6406.13  2.13466  2.00324
6416.89  2.20432  1.94781
6427.66  2.27288  1.88884
6438.43  2.33894  1.82636
6449.19  2.40087  1.76044
6459.96  2.45689  1.69131
6470.73  2.50509  1.61928
6481.49  2.54367  1.54481
6492.26  2.57105  1.46849
6503.03  2.58603  1.39099
6513.79  2.58798  1.31308
6524.56  2.57689  1.23554
6535.33  2.55337  1.15911
6546.09  2.51856  1.08447
6556.86  2.47404  1.01221
6567.63  2.4216  0.942766
6578.39  2.36311  0.876459
6589.16  2.30036  0.813478
6599.93  2.23499  0.753902
6610.69  2.16841  0.697719
6621.46  2.10178  0.644847
6632.23  2.03603  0.59515
6642.99  1.97185  0.548463
6653.76  1.90975  0.504596
6664.53  1.85007  0.463354
6675.29  1.79304  0.424538
6686.06  1.73879  0.387954
6696.83  1.68734  0.353419
6707.59  1.63869  0.320755
6718.36  1.59278  0.2898
6729.13  1.54954  0.260401
6739.89  1.50886  0.232419
6750.66  1.47064  0.205726
6761.43  1.43476  0.180204
6772.19  1.40109  0.155745
6782.96  1.36953  0.13225
6793.73  1.33995  0.109632
6804.49  1.31225  0.0878067
6815.26  1.28633  0.0667003
6826.03  1.26208  0.046244
6836.79  1.23942  0.0263751
6847.56  1.21825  0.00703573
6858.33  1.19849  -0.0118271
6869.09  1.18007  -0.0302623
6879.86  1.16292  -0.0483152
6890.63  1.14697  -0.0660278
6901.39  1.13217  -0.0834391
6912.16  1.11846  -0.100586
6922.92  1.10578  -0.117501
6933.69  1.09409  -0.134218
6944.46  1.08335  -0.150766
6955.22  1.07351  -0.167174
6965.99  1.06455  -0.183468
6976.76  1.05643  -0.199676
6987.52  1.04911  -0.21582
6998.29  1.04257  -0.231925
7009.06  1.03678  -0.248014
7019.82  1.03173  -0.264109
7030.59  1.02738  -0.28023
7041.36  1.02373  -0.2964
7052.12  1.02075  -0.312639
7062.89  1.01843  -0.328967
7073.66  1.01675  -0.345404
7084.42  1.01571  -0.361969
7095.19  1.01529  -0.378682
7105.96  1.01548  -0.395564
7116.72  1.01627  -0.412633
7127.49  1.01766  -0.42991
7138.26  1.01964  -0.447414
7149.02  1.0222  -0.465166
7159.79  1.02535  -0.483185
7170.56  1.02906  -0.501493
7181.32  1.03334  -0.52011
7192.09  1.03819  -0.539057
7202.86  1.0436  -0.558357
7213.62  1.04957  -0.57803
7224.39  1.0561  -0.5981
7235.16  1.06317  -0.61859
7245.92  1.07079  -0.639522
7256.69  1.07895  -0.660921
7267.46  1.08765  -0.68281
7278.22  1.09687  -0.705214
7288.99  1.10661  -0.728157
7299.76  1.11685  -0.751664
7310.52  1.12759  -0.77576
7321.29  1.1388  -0.80047
7332.06  1.15047  -0.825819
7342.82  1.16258  -0.851832
7353.59  1.17509  -0.878531
7364.36  1.18798  -0.90594
7375.12  1.20122  -0.934082
7385.89  1.21476  -0.962976
7396.66  1.22855  -0.992642
7407.42  1.24255  -1.0231
7418.19  1.2567  -1.05435
7428.96  1.27093  -1.08643
7439.72  1.28517  -1.11932
7450.49  1.29935  -1.15304
7461.25  1.31338  -1.18758
7472.02  1.32717  -1.22295
7482.79  1.34063  -1.25912
7493.55  1.35365  -1.29608
7504.32  1.36613  -1.33381
7515.09  1.37798  -1.37228
7525.85  1.38908  -1.41145
7536.62  1.39933  -1.45127
7547.39  1.40864  -1.49169
7558.15  1.4169  -1.53267
7568.92  1.42404  -1.57413
7579.69  1.42998  -1.616
7590.45  1.43466  -1.65821
7601.22  1.43802  -1.70069
7611.99  1.44004  -1.74335
7622.75  1.44069  -1.78612
7633.52  1.43999  -1.8289
7644.29  1.43793  -1.87163
7655.05  1.43456  -1.91421
7665.82  1.42993  -1.95659
7676.59  1.42408  -1.99868
7687.35  1.4171  -2.04042
7698.12  1.40906  -2.08174
7708.89  1.40006  -2.12261
7719.65  1.39019  -2.16297
7730.42  1.37955  -2.20277
7741.19  1.36825  -2.242
7751.95  1.35636  -2.28062
7762.72  1.34401  -2.31861
7773.49  1.33128  -2.35596
7784.25  1.31825  -2.39266
7795.02  1.30502  -2.42872
7805.79  1.29166  -2.46413
7816.55  1.27825  -2.4989
7827.32  1.26485  -2.53304
7838.09  1.25152  -2.56657
7848.85  1.23831  -2.59951
7859.62  1.22527  -2.63187
7870.39  1.21244  -2.66368
7881.15  1.19986  -2.69495
7891.92  1.18756  -2.72571
7902.69  1.17555  -2.756
7913.45  1.16387  -2.78582
7924.22  1.15253  -2.81522
7934.99  1.14155  -2.84421
7945.75  1.13092  -2.87282
7956.52  1.12067  -2.90109
7967.29  1.1108  -2.92902
7978.05  1.1013  -2.95666
7988.82  1.09218  -2.98402
7999.58  1.08345  -3.01113
8010.35  1.07508  -3.03801
8021.12  1.06709  -3.06469
8031.88  1.05946  -3.09119
8042.65  1.05219  -3.11753
8053.42  1.04528  3.13945
8064.18  1.03871  3.11335
8074.95  1.03247  3.08735
8085.72  1.02656  3.06143
8096.48  1.02096  3.03556
8107.25  1.01567  3.00972
8118.02  1.01066  2.9839
8128.78  1.00594  2.95808
8139.55  1.00148  2.93225
8150.32  0.997273  2.90639
8161.08  0.993306  2.88049
8171.85  0.989564  2.85453
8182.62  0.986034  2.82851
8193.38  0.982702  2.80241
8204.15  0.979555  2.77622
8214.92  0.976577  2.74993
8225.68  0.973754  2.72354
8236.45  0.971073  2.69704
8247.22  0.968517  2.67042
8257.98  0.966072  2.64367
8268.75  0.963724  2.61679
8279.52  0.961457  2.58979
8290.28  0.959257  2.56264
8301.05  0.957108  2.53537
8311.82  0.954997  2.50796
8322.58  0.952908  2.48041
8333.35  0.950829  2.45274
8344.12  0.948745  2.42494
8354.88  0.946642  2.39701
8365.65  0.944509  2.36897
8376.42  0.942333  2.34082
8387.18  0.940103  2.31257
8397.95  0.937809  2.28422
8408.72  0.935439  2.2558
8419.48  0.932987  2.2273
8430.25  0.930443  2.19874
8441.02  0.927802  2.17013
8451.78  0.925056  2.14149
8462.55  0.922203  2.11283
8473.32  0.919239  2.08416
8484.08  0.91616  2.0555
8494.85  0.912968  2.02686
8505.62  0.909661  1.99825
8516.38  0.906242  1.96971
8527.15  0.902713  1.94122
8537.92  0.899077  1.91282
8548.68  0.895341  1.88452
8559.45  0.891509  1.85633
8570.21  0.887589  1.82826
8580.98  0.883588  1.80034
8591.75  0.879516  1.77256
8602.51  0.87538  1.74494
8613.28  0.871192  1.7175
8624.05  0.866962  1.69024
8634.81  0.8627  1.66318
8645.58  0.858418  1.63632
8656.35  0.854128  1.60966
8667.11  0.84984  1.58323
8677.88  0.845568  1.55701
8688.65  0.841323  1.53102
8699.41  0.837116  1.50527
8710.18  0.832959  1.47974
8720.95  0.828865  1.45445
8731.71  0.824844  1.4294
8742.48  0.820907  1.40458
8753.25  0.817066  1.38
8764.01  0.813331  1.35565
8774.78  0.809713  1.33154
8785.55  0.80622  1.30765
8796.31  0.802864  1.28399
8807.08  0.799653  1.26054
8817.85  0.796596  1.23731
8828.61  0.793702  1.21429
8839.38  0.79098  1.19147
8850.15  0.788438  1.16884
8860.91  0.786083  1.14641
8871.68  0.783924  1.12415
8882.45  0.78197  1.10206
8893.21  0.780227  1.08014
8903.98  0.778705  1.05837
8914.75  0.777414  1.03674
8925.51  0.776363  1.01523
8936.28  0.775559  0.993833
8947.05  0.775007  0.972518
8957.81  0.774702  0.951266
8968.58  0.774635  0.930069
8979.35  0.774806  0.908932
8990.11  0.775224  0.887857
9000.88  0.775903  0.866837
9011.65  0.776857  0.845857
9022.41  0.778095  0.8249
9033.18  0.779625  0.803949
9043.95  0.781453  0.782986
9054.71  0.783588  0.761993
9065.48  0.786033  0.740952
9076.25  0.788797  0.719847
9087.01  0.791886  0.698659
9097.78  0.795305  0.67737
9108.54  0.799062  0.655961
9119.31  0.803164  0.634413
9130.08  0.807617  0.612705
9140.84  0.812428  0.590818
9151.61  0.817604  0.56873
9162.38  0.823151  0.546419
9173.14  0.829076  0.523862
9183.91  0.835386  0.501035
9194.68  0.842086  0.477914
9205.44  0.849183  0.454474
9216.21  0.85668  0.430688
9226.98  0.864582  0.40653
9237.74  0.872894  0.381971
9248.51  0.881616  0.356983
9259.28  0.89075  0.331535
9270.04  0.900295  0.305597
9280.81  0.910249  0.279138
9291.58  0.920606  0.252126
9302.34  0.931358  0.224527
9313.11  0.942496  0.19631
9323.88  0.954005  0.16744
9334.64  0.965866  0.137885
9345.41  0.978056  0.10761
9356.18  0.990547  0.0765849
9366.94  1.0033  0.0447765
9377.71  1.01629  0.0121551
9388.48  1.02945  -0.0213072
9399.24  1.04274  -0.0556358
9410.01  1.05608  -0.090853
9420.78  1.06941  -0.126977
9431.54  1.08265  -0.16402
9442.31  1.09571  -0.201991
9453.08  1.10849  -0.240889
9463.84  1.12089  -0.280708
9474.61  1.13279  -0.321433
9485.38  1.14408  -0.363038
9496.14  1.15464  -0.40549
9506.91  1.16435  -0.448742
9517.68  1.17307  -0.49274
9528.44  1.18071  -0.537415
9539.21  1.18715  -0.582691
9549.98  1.1923  -0.628481
9560.74  1.19606  -0.674687
9571.51  1.19837  -0.721206
9582.28  1.19919  -0.767928
9593.04  1.19848  -0.814739
9603.81  1.19625  -0.861523
9614.58  1.19251  -0.908162
9625.34  1.18731  -0.954544
9636.11  1.18069  -1.00056
9646.88  1.17275  -1.0461
9657.64  1.16357  -1.09108
9668.41  1.15327  -1.1354
9679.17  1.14196  -1.179
9689.94  1.12976  -1.22179
9700.71  1.1168  -1.26374
9711.47  1.1032  -1.30479
9722.24  1.08909  -1.34491
9733.01  1.07458  -1.38408
9743.77  1.05978  -1.42227
9754.54  1.04481  -1.4595
9765.31  1.02974  -1.49575
9776.07  1.01468  -1.53103
9786.84  0.999702  -1.56536
9797.61  0.984866  -1.59876
9808.37  0.970237  -1.63124
9819.14  0.955866  -1.66284
9829.91  0.941798  -1.69358
9840.67  0.928069  -1.7235
9851.44  0.91471  -1.75262
9862.21  0.901746  -1.78097
9872.97  0.889198  -1.8086
9883.74  0.877079  -1.83552
9894.51  0.865403  -1.86179
9905.27  0.854177  -1.88742
9916.04  0.843406  -1.91246
9926.81  0.833094  -1.93693
9937.57  0.823242  -1.96087
9948.34  0.813848  -1.98431
9959.11  0.80491  -2.00727
9969.87  0.796426  -2.0298
9980.64  0.78839  -2.0519
9991.41  1e-09  0
10002.2  1e-09  0
10012.9  1e-09  0
10023.7  1e-09  0
10034.5  1e-09  0
10045.2  1e-09  0
10056  1e-09  0
10066.8  1e-09  0
10077.5  1e-09  0
10088.3  1e-09  0
10099.1  1e-09  0
10109.8  1e-09  0
10120.6  1e-09  0
10131.4  1e-09  0
10142.1  1e-09  0
10152.9  1e-09  0
10163.7  1e-09  0
10174.4  1e-09  0
10185.2  1e-09  0
10196  1e-09  0
10206.7  1e-09  0
10217.5  1e-09  0
10228.3  1e-09  0
10239  1e-09  0
10249.8  1e-09  0
10260.6  1e-09  0
10271.3  1e-09  0
10282.1  1e-09  0
10292.9  1e-09  0
10303.6  1e-09  0
10314.4  1e-09  0
10325.2  1e-09  0
10335.9  1e-09  0
10346.7  1e-09  0
10357.5  1e-09  0
10368.2  1e-09  0
10379  1e-09  0
10389.8  1e-09  0
10400.5  1e-09  0
10411.3  1e-09  0
10422.1  1e-09  0
10432.8  1e-09  0
10443.6  1e-09  0
10454.4  1e-09  0
10465.1  1e-09  0
10475.9  1e-09  0
10486.7  1e-09  0
10497.4  1e-09  0
10508.2  1e-09  0
10519  1e-09  0
10529.7  1e-09  0
10540.5  1e-09  0
10551.3  1e-09  0
10562  1e-09  0
10572.8  1e-09  0
10583.6  1e-09  0
10594.3  1e-09  0
10605.1  1e-09  0
10615.9  1e-09  0
10626.6  1e-09  0
10637.4  1e-09  0
10648.2  1e-09  0
10658.9  1e-09  0
10669.7  1e-09  0
10680.5  1e-09  0
10691.2  1e-09  0
10702  1e-09  0
10712.8  1e-09  0
10723.5  1e-09  0
10734.3  1e-09  0
10745.1  1e-09  0
10755.8  1e-09  0
10766.6  1e-09  0
10777.4  1e-09  0
10788.1  1e-09  0
10798.9  1e-09  0
10809.7  1e-09  0
10820.4  1e-09  0
10831.2  1e-09  0
10842  1e-09  0
10852.7  1e-09  0
10863.5  1e-09  0
10874.3  1e-09  0
10885  1e-09  0
10895.8  1e-09  0
10906.6  1e-09  0
10917.3  1e-09  0
10928.1  1e-09  0
10938.9  1e-09  0
10949.6  1e-09  0
10960.4  1e-09  0
10971.2  1e-09  0
10981.9  1e-09  0
10992.7  1e-09  0
11003.5  1e-09  0
11014.2  1e-09  0
11025  1e-09  0
11035.8  1e-09  0
11046.5  1e-09  0
11057.3  1e-09  0
11068.1  1e-09  0
11078.8  1e-09  0
11089.6  1e-09  0
11100.4  1e-09  0
11111.1  1e-09  0
11121.9  1e-09  0
11132.7  1e-09  0
11143.4  1e-09  0
11154.2  1e-09  0
11165  1e-09  0
11175.7  1e-09  0
11186.5  1e-09  0
11197.3  1e-09  0
11208  1e-09  0
11218.8  1e-09  0
11229.6  1e-09  0
11240.3  1e-09  0
11251.1  1e-09  0
11261.9  1e-09  0
11272.6  1e-09  0
11283.4  1e-09  0
11294.2  1e-09  0
11304.9  1e-09  0
11315.7  1e-09  0
11326.5  1e-09  0
11337.2  1e-09  0
11348  1e-09  0
11358.8  1e-09  0
11369.5  1e-09  0
11380.3  1e-09  0
11391.1  1e-09  0
11401.8  1e-09  0
11412.6  1e-09  0
11423.4  1e-09  0
11434.1  1e-09  0
11444.9  1e-09  0
11455.7  1e-09  0
11466.4  1e-09  0
11477.2  1e-09  0
11488  1e-09  0
11498.7  1e-09  0
11509.5  1e-09  0
11520.3  1e-09  0
11531  1e-09  0
11541.8  1e-09  0
11552.6  1e-09  0
11563.3  1e-09  0
11574.1  1e-09  0
11584.9  1e-09  0
11595.6  1e-09  0
11606.4  1e-09  0
11617.2  1e-09  0
11627.9  1e-09  0
11638.7  1e-09  0
11649.5  1e-09  0
11660.2  1e-09  0
11671  1e-09  0
11681.8  1e-09  0
11692.5  1e-09  0
11703.3  1e-09  0
11714.1  1e-09  0
11724.8  1e-09  0
11735.6  1e-09  0
11746.4  1e-09  0
11757.1  1e-09  0
11767.9  1e-09  0
11778.7  1e-09  0
11789.4  1e-09  0
11800.2  1e-09  0
11811  1e-09  0
11821.7  1e-09  0
11832.5  1e-09  0
11843.3  1e-09  0
11854  1e-09  0
11864.8  1e-09  0
11875.6  1e-09  0
11886.3  1e-09  0
11897.1  1e-09  0
11907.9  1e-09  0
11918.6  1e-09  0
11929.4  1e-09  0
11940.2  1e-09  0
11950.9  1e-09  0
11961.7  1e-09  0
11972.5  1e-09  0
11983.2  1e-09  0
11994  1e-09  0
12004.8  1e-09  0
12015.5  1e-09  0
12026.3  1e-09  0
12037.1  1e-09  0
12047.8  1e-09  0
12058.6  1e-09  0
12069.4  1e-09  0
12080.1  1e-09  0
12090.9  1e-09  0
12101.7  1e-09  0
12112.4  1e-09  0
12123.2  1e-09  0
12134  1e-09  0
12144.7  1e-09  0
12155.5  1e-09  0
12166.3  1e-09  0
12177  1e-09  0
12187.8  1e-09  0
12198.6  1e-09  0
12209.3  1e-09  0
12220.1  1e-09  0
12230.9  1e-09  0
12241.6  1e-09  0
12252.4  1e-09  0
12263.2  1e-09  0
12273.9  1e-09  0
12284.7  1e-09  0
12295.5  1e-09  0
12306.2  1e-09  0
12317  1e-09  0
12327.8  1e-09  0
12338.5  1e-09  0
12349.3  1e-09  0
12360.1  1e-09  0
12370.8  1e-09  0
12381.6  1e-09  0
12392.4  1e-09  0
12403.1  1e-09  0
12413.9  1e-09  0
12424.7  1e-09  0
12435.4  1e-09  0
12446.2  1e-09  0
12457  1e-09  0
12467.7  1e-09  0
12478.5  1e-09  0
12489.3  1e-09  0
12500  1e-09  0
12510.8  1e-09  0
12521.6  1e-09  0
12532.3  1e-09  0
12543.1  1e-09  0
12553.9  1e-09  0
12564.6  1e-09  0
12575.4  1e-09  0
12586.2  1e-09  0
12596.9  1e-09  0
12607.7  1e-09  0
12618.5  1e-09  0
12629.2  1e-09  0
12640  1e-09  0
12650.8  1e-09  0
12661.5  1e-09  0
12672.3  1e-09  0
12683.1  1e-09  0
12693.8  1e-09  0
12704.6  1e-09  0
12715.4  1e-09  0
12726.1  1e-09  0
12736.9  1e-09  0
12747.7  1e-09  0
12758.4  1e-09  0
12769.2  1e-09  0
12780  1e-09  0
12790.7  1e-09  0
12801.5  1e-09  0
12812.3  1e-09  0
12823  1e-09  0
12833.8  1e-09  0
12844.6  1e-09  0
12855.3  1e-09  0
12866.1  1e-09  0
12876.9  1e-09  0
12887.6  1e-09  0
12898.4  1e-09  0
12909.2  1e-09  0
12919.9  1e-09  0
12930.7  1e-09  0
12941.5  1e-09  0
12952.2  1e-09  0
12963  1e-09  0
12973.8  1e-09  0
12984.5  1e-09  0
12995.3  1e-09  0
13006.1  1e-09  0
13016.8  1e-09  0
13027.6  1e-09  0
13038.4  1e-09  0
13049.1  1e-09  0
13059.9  1e-09  0
13070.7  1e-09  0
13081.4  1e-09  0
13092.2  1e-09  0
13103  1e-09  0
13113.7  1e-09  0
13124.5  1e-09  0
13135.3  1e-09  0
13146  1e-09  0
13156.8  1e-09  0
13167.6  1e-09  0
13178.3  1e-09  0
13189.1  1e-09  0
13199.9  1e-09  0
13210.6  1e-09  0
13221.4  1e-09  0
13232.2  1e-09  0
13242.9  1e-09  0
13253.7  1e-09  0
13264.5  1e-09  0
13275.2  1e-09  0
13286  1e-09  0
13296.8  1e-09  0
13307.5  1e-09  0
13318.3  1e-09  0
13329.1  1e-09  0
13339.8  1e-09  0
13350.6  1e-09  0
13361.4  1e-09  0
13372.1  1e-09  0
13382.9  1e-09  0
13393.7  1e-09  0
13404.4  1e-09  0
13415.2  1e-09  0
13426  1e-09  0
13436.7  1e-09  0
13447.5  1e-09  0
13458.3  1e-09  0
13469  1e-09  0
13479.8  1e-09  0
13490.6  1e-09  0
13501.3  1e-09  0
13512.1  1e-09  0
13522.9  1e-09  0
13533.6  1e-09  0
13544.4  1e-09  0
13555.2  1e-09  0
13565.9  1e-09  0
13576.7  1e-09  0
13587.5  1e-09  0
13598.2  1e-09  0
13609  1e-09  0
13619.8  1e-09  0
13630.5  1e-09  0
13641.3  1e-09  0
13652.1  1e-09  0
13662.8  1e-09  0
13673.6  1e-09  0
13684.4  1e-09  0
13695.1  1e-09  0
13705.9  1e-09  0
13716.7  1e-09  0
13727.4  1e-09  0
13738.2  1e-09  0
13749  1e-09  0
13759.7  1e-09  0
13770.5  1e-09  0
13781.3  1e-09  0
13792  1e-09  0
13802.8  1e-09  0
13813.5  1e-09  0
13824.3  1e-09  0
13835.1  1e-09  0
13845.8  1e-09  0
13856.6  1e-09  0
13867.4  1e-09  0
13878.1  1e-09  0
13888.9  1e-09  0
13899.7  1e-09  0
13910.4  1e-09  0
13921.2  1e-09  0
13932  1e-09  0
13942.7  1e-09  0
13953.5  1e-09  0
13964.3  1e-09  0
13975  1e-09  0
13985.8  1e-09  0
13996.6  1e-09  0
14007.3  1e-09  0
14018.1  1e-09  0
14028.9  1e-09  0
14039.6  1e-09  0
14050.4  1e-09  0
14061.2  1e-09  0
14071.9  1e-09  0
14082.7  1e-09  0
14093.5  1e-09  0
14104.2  1e-09  0
14115  1e-09  0
14125.8  1e-09  0
14136.5  1e-09  0
14147.3  1e-09  0
14158.1  1e-09  0
14168.8  1e-09  0
14179.6  1e-09  0
14190.4  1e-09  0
14201.1  1e-09  0
14211.9  1e-09  0
14222.7  1e-09  0
14233.4  1e-09  0
14244.2  1e-09  0
14255  1e-09  0
14265.7  1e-09  0
14276.5  1e-09  0
14287.3  1e-09  0
14298  1e-09  0
14308.8  1e-09  0
14319.6  1e-09  0
14330.3  1e-09  0
14341.1  1e-09  0
14351.9  1e-09  0
14362.6  1e-09  0
14373.4  1e-09  0
14384.2  1e-09  0
14394.9  1e-09  0
14405.7  1e-09  0
14416.5  1e-09  0
14427.2  1e-09  0
14438  1e-09  0
14448.8  1e-09  0
14459.5  1e-09  0
14470.3  1e-09  0
14481.1  1e-09  0
14491.8  1e-09  0
14502.6  1e-09  0
14513.4  1e-09  0
14524.1  1e-09  0
14534.9  1e-09  0
14545.7  1e-09  0
14556.4  1e-09  0
14567.2  1e-09  0
14578  1e-09  0
14588.7  1e-09  0
14599.5  1e-09  0
14610.3  1e-09  0
14621  1e-09  0
14631.8  1e-09  0
14642.6  1e-09  0
14653.3  1e-09  0
14664.1  1e-09  0
14674.9  1e-09  0
14685.6  1e-09  0
14696.4  1e-09  0
14707.2  1e-09  0
14717.9  1e-09  0
14728.7  1e-09  0
14739.5  1e-09  0
14750.2  1e-09  0
14761  1e-09  0
14771.8  1e-09  0
14782.5  1e-09  0
14793.3  1e-09  0
14804.1  1e-09  0
14814.8  1e-09  0
14825.6  1e-09  0
14836.4  1e-09  0
14847.1  1e-09  0
14857.9  1e-09  0
14868.7  1e-09  0
14879.4  1e-09  0
14890.2  1e-09  0
14901  1e-09  0
14911.7  1e-09  0
14922.5  1e-09  0
14933.3  1e-09  0
14944  1e-09  0
14954.8  1e-09  0
14965.6  1e-09  0
14976.3  1e-09  0
14987.1  1e-09  0
14997.9  1e-09  0
15008.6  1e-09  0
15019.4  1e-09  0
15030.2  1e-09  0
15040.9  1e-09  0
15051.7  1e-09  0
15062.5  1e-09  0
15073.2  1e-09  0
15084  1e-09  0
15094.8  1e-09  0
15105.5  1e-09  0
15116.3  1e-09  0
15127.1  1e-09  0
15137.8  1e-09  0
15148.6  1e-09  0
15159.4  1e-09  0
15170.1  1e-09  0
15180.9  1e-09  0
15191.7  1e-09  0
15202.4  1e-09  0
15213.2  1e-09  0
15224  1e-09  0
15234.7  1e-09  0
15245.5  1e-09  0
15256.3  1e-09  0
15267  1e-09  0
15277.8  1e-09  0
15288.6  1e-09  0
15299.3  1e-09  0
15310.1  1e-09  0
15320.9  1e-09  0
15331.6  1e-09  0
15342.4  1e-09  0
15353.2  1e-09  0
15363.9  1e-09  0
15374.7  1e-09  0
15385.5  1e-09  0
15396.2  1e-09  0
15407  1e-09  0
15417.8  1e-09  0
15428.5  1e-09  0
15439.3  1e-09  0
15450.1  1e-09  0
15460.8  1e-09  0
15471.6  1e-09  0
15482.4  1e-09  0
15493.1  1e-09  0
15503.9  1e-09  0
15514.7  1e-09  0
15525.4  1e-09  0
15536.2  1e-09  0
15547  1e-09  0
15557.7  1e-09  0
15568.5  1e-09  0
15579.3  1e-09  0
15590  1e-09  0
15600.8  1e-09  0
15611.6  1e-09  0
15622.3  1e-09  0
15633.1  1e-09  0
15643.9  1e-09  0
15654.6  1e-09  0
15665.4  1e-09  0
15676.2  1e-09  0
15686.9  1e-09  0
15697.7  1e-09  0
15708.5  1e-09  0
15719.2  1e-09  0
15730  1e-09  0
15740.8  1e-09  0
15751.5  1e-09  0
15762.3  1e-09  0
15773.1  1e-09  0
15783.8  1e-09  0
15794.6  1e-09  0
15805.4  1e-09  0
15816.1  1e-09  0
15826.9  1e-09  0
15837.7  1e-09  0
15848.4  1e-09  0
15859.2  1e-09  0
15870  1e-09  0
15880.7  1e-09  0
15891.5  1e-09  0
15902.3  1e-09  0
15913  1e-09  0
15923.8  1e-09  0
15934.6  1e-09  0
15945.3  1e-09  0
15956.1  1e-09  0
15966.9  1e-09  0
15977.6  1e-09  0
15988.4  1e-09  0
15999.2  1e-09  0
16009.9  1e-09  0
16020.7  1e-09  0
16031.5  1e-09  0
16042.2  1e-09  0
16053  1e-09  0
16063.8  1e-09  0
16074.5  1e-09  0
16085.3  1e-09  0
16096.1  1e-09  0
16106.8  1e-09  0
16117.6  1e-09  0
16128.4  1e-09  0
16139.1  1e-09  0
16149.9  1e-09  0
16160.7  1e-09  0
16171.4  1e-09  0
16182.2  1e-09  0
16193  1e-09  0
16203.7  1e-09  0
16214.5  1e-09  0
16225.3  1e-09  0
16236  1e-09  0
16246.8  1e-09  0
16257.6  1e-09  0
16268.3  1e-09  0
16279.1  1e-09  0
16289.9  1e-09  0
16300.6  1e-09  0
16311.4  1e-09  0
16322.2  1e-09  0
16332.9  1e-09  0
16343.7  1e-09  0
16354.5  1e-09  0
16365.2  1e-09  0
16376  1e-09  0
16386.8  1e-09  0
16397.5  1e-09  0
16408.3  1e-09  0
16419.1  1e-09  0
16429.8  1e-09  0
16440.6  1e-09  0
16451.4  1e-09  0
16462.1  1e-09  0
16472.9  1e-09  0
16483.7  1e-09  0
16494.4  1e-09  0
16505.2  1e-09  0
16516  1e-09  0
16526.7  1e-09  0
16537.5  1e-09  0
16548.3  1e-09  0
16559  1e-09  0
16569.8  1e-09  0
16580.6  1e-09  0
16591.3  1e-09  0
16602.1  1e-09  0
16612.9  1e-09  0
16623.6  1e-09  0
16634.4  1e-09  0
16645.2  1e-09  0
16655.9  1e-09  0
16666.7  1e-09  0
16677.5  1e-09  0
16688.2  1e-09  0
16699  1e-09  0
16709.8  1e-09  0
16720.5  1e-09  0
16731.3  1e-09  0
16742.1  1e-09  0
16752.8  1e-09  0
16763.6  1e-09  0
16774.4  1e-09  0
16785.1  1e-09  0
16795.9  1e-09  0
16806.7  1e-09  0
16817.4  1e-09  0
16828.2  1e-09  0
16839  1e-09  0
16849.7  1e-09  0
16860.5  1e-09  0
16871.3  1e-09  0
16882  1e-09  0
16892.8  1e-09  0
16903.6  1e-09  0
16914.3  1e-09  0
16925.1  1e-09  0
16935.9  1e-09  0
16946.6  1e-09  0
16957.4  1e-09  0
16968.2  1e-09  0
16978.9  1e-09  0
16989.7  1e-09  0
17000.5  1e-09  0
17011.2  1e-09  0
17022  1e-09  0
17032.8  1e-09  0
17043.5  1e-09  0
17054.3  1e-09  0
17065.1  1e-09  0
17075.8  1e-09  0
17086.6  1e-09  0
17097.4  1e-09  0
17108.1  1e-09  0
17118.9  1e-09  0
17129.7  1e-09  0
17140.4  1e-09  0
17151.2  1e-09  0
17162  1e-09  0
17172.7  1e-09  0
17183.5  1e-09  0
17194.3  1e-09  0
17205  1e-09  0
17215.8  1e-09  0
17226.6  1e-09  0
17237.3  1e-09  0
17248.1  1e-09  0
17258.9  1e-09  0
17269.6  1e-09  0
17280.4  1e-09  0
17291.2  1e-09  0
17301.9  1e-09  0
17312.7  1e-09  0
17323.5  1e-09  0
17334.2  1e-09  0
17345  1e-09  0
17355.8  1e-09  0
17366.5  1e-09  0
17377.3  1e-09  0
17388.1  1e-09  0
17398.8  1e-09  0
17409.6  1e-09  0
17420.4  1e-09  0
17431.1  1e-09  0
17441.9  1e-09  0
17452.7  1e-09  0
17463.4  1e-09  0
17474.2  1e-09  0
17485  1e-09  0
17495.7  1e-09  0
17506.5  1e-09  0
17517.3  1e-09  0
17528  1e-09  0
17538.8  1e-09  0
17549.6  1e-09  0
17560.3  1e-09  0
17571.1  1e-09  0
17581.9  1e-09  0
17592.6  1e-09  0
17603.4  1e-09  0
17614.2  1e-09  0
17624.9  1e-09  0
17635.7  1e-09  0
17646.5  1e-09  0
17657.2  1e-09  0
17668  1e-09  0
17678.8  1e-09  0
17689.5  1e-09  0
17700.3  1e-09  0
17711.1  1e-09  0
17721.8  1e-09  0
17732.6  1e-09  0
17743.4  1e-09  0
17754.1  1e-09  0
17764.9  1e-09  0
17775.7  1e-09  0
17786.4  1e-09  0
17797.2  1e-09  0
17808  1e-09  0
17818.7  1e-09  0
17829.5  1e-09  0
17840.3  1e-09  0
17851  1e-09  0
17861.8  1e-09  0
17872.6  1e-09  0
17883.3  1e-09  0
17894.1  1e-09  0
17904.9  1e-09  0
17915.6  1e-09  0
17926.4  1e-09  0
17937.2  1e-09  0
17947.9  1e-09  0
17958.7  1e-09  0
17969.5  1e-09  0
17980.2  1e-09  0
17991  1e-09  0
18001.8  1e-09  0
18012.5  1e-09  0
18023.3  1e-09  0
18034.1  1e-09  0
18044.8  1e-09  0
18055.6  1e-09  0
18066.4  1e-09  0
18077.1  1e-09  0
18087.9  1e-09  0
18098.7  1e-09  0
18109.4  1e-09  0
18120.2  1e-09  0
18131  1e-09  0
18141.7  1e-09  0
18152.5  1e-09  0
18163.3  1e-09  0
18174  1e-09  0
18184.8  1e-09  0
18195.6  1e-09  0
18206.3  1e-09  0
18217.1  1e-09  0
18227.9  1e-09  0
18238.6  1e-09  0
18249.4  1e-09  0
18260.2  1e-09  0
18270.9  1e-09  0
18281.7  1e-09  0
18292.5  1e-09  0
18303.2  1e-09  0
18314  1e-09  0
18324.8  1e-09  0
18335.5  1e-09  0
18346.3  1e-09  0
18357.1  1e-09  0
18367.8  1e-09  0
18378.6  1e-09  0
18389.4  1e-09  0
18400.1  1e-09  0
18410.9  1e-09  0
18421.7  1e-09  0
18432.4  1e-09  0
18443.2  1e-09  0
18454  1e-09  0
18464.7  1e-09  0
18475.5  1e-09  0
18486.3  1e-09  0
18497  1e-09  0
18507.8  1e-09  0
18518.6  1e-09  0
18529.3  1e-09  0
18540.1  1e-09  0
18550.9  1e-09  0
18561.6  1e-09  0
18572.4  1e-09  0
18583.2  1e-09  0
18593.9  1e-09  0
18604.7  1e-09  0
18615.5  1e-09  0
18626.2  1e-09  0
18637  1e-09  0
18647.8  1e-09  0
18658.5  1e-09  0
18669.3  1e-09  0
18680.1  1e-09  0
18690.8  1e-09  0
18701.6  1e-09  0
18712.4  1e-09  0
18723.1  1e-09  0
18733.9  1e-09  0
18744.7  1e-09  0
18755.4  1e-09  0
18766.2  1e-09  0
18777  1e-09  0
18787.7  1e-09  0
18798.5  1e-09  0
18809.3  1e-09  0
18820  1e-09  0
18830.8  1e-09  0
18841.6  1e-09  0
18852.3  1e-09  0
18863.1  1e-09  0
18873.9  1e-09  0
18884.6  1e-09  0
18895.4  1e-09  0
18906.2  1e-09  0
18916.9  1e-09  0
18927.7  1e-09  0
18938.5  1e-09  0
18949.2  1e-09  0
18960  1e-09  0
18970.8  1e-09  0
18981.5  1e-09  0
18992.3  1e-09  0
19003.1  1e-09  0
19013.8  1e-09  0
19024.6  1e-09  0
19035.4  1e-09  0
19046.1  1e-09  0
19056.9  1e-09  0
19067.7  1e-09  0
19078.4  1e-09  0
19089.2  1e-09  0
19100  1e-09  0
19110.7  1e-09  0
19121.5  1e-09  0
19132.3  1e-09  0
19143  1e-09  0
19153.8  1e-09  0
19164.6  1e-09  0
19175.3  1e-09  0
19186.1  1e-09  0
19196.9  1e-09  0
19207.6  1e-09  0
19218.4  1e-09  0
19229.2  1e-09  0
19239.9  1e-09  0
19250.7  1e-09  0
19261.5  1e-09  0
19272.2  1e-09  0
19283  1e-09  0
19293.8  1e-09  0
19304.5  1e-09  0
19315.3  1e-09  0
19326  1e-09  0
19336.8  1e-09  0
19347.6  1e-09  0
19358.3  1e-09  0
19369.1  1e-09  0
19379.9  1e-09  0
19390.6  1e-09  0
19401.4  1e-09  0
19412.2  1e-09  0
19422.9  1e-09  0
19433.7  1e-09  0
19444.5  1e-09  0
19455.2  1e-09  0
19466  1e-09  0
19476.8  1e-09  0
19487.5  1e-09  0
19498.3  1e-09  0
19509.1  1e-09  0
19519.8  1e-09  0
19530.6  1e-09  0
19541.4  1e-09  0
19552.1  1e-09  0
19562.9  1e-09  0
19573.7  1e-09  0
19584.4  1e-09  0
19595.2  1e-09  0
19606  1e-09  0
19616.7  1e-09  0
19627.5  1e-09  0
19638.3  1e-09  0
19649  1e-09  0
19659.8  1e-09  0
19670.6  1e-09  0
19681.3  1e-09  0
19692.1  1e-09  0
19702.9  1e-09  0
19713.6  1e-09  0
19724.4  1e-09  0
19735.2  1e-09  0
19745.9  1e-09  0
19756.7  1e-09  0
19767.5  1e-09  0
19778.2  1e-09  0
19789  1e-09  0
19799.8  1e-09  0
19810.5  1e-09  0
19821.3  1e-09  0
19832.1  1e-09  0
19842.8  1e-09  0
19853.6  1e-09  0
19864.4  1e-09  0
19875.1  1e-09  0
19885.9  1e-09  0
19896.7  1e-09  0
19907.4  1e-09  0
19918.2  1e-09  0
19929  1e-09  0
19939.7  1e-09  0
19950.5  1e-09  0
19961.3  1e-09  0
19972  1e-09  0
19982.8  1e-09  0
19993.6  1e-09  0
20004.3  1e-09  0
20015.1  1e-09  0
20025.9  1e-09  0
20036.6  1e-09  0
20047.4  1e-09  0
20058.2  1e-09  0
20068.9  1e-09  0
20079.7  1e-09  0
20090.5  1e-09  0
20101.2  1e-09  0
20112  1e-09  0
20122.8  1e-09  0
20133.5  1e-09  0
20144.3  1e-09  0
20155.1  1e-09  0
20165.8  1e-09  0
20176.6  1e-09  0
20187.4  1e-09  0
20198.1  1e-09  0
20208.9  1e-09  0
20219.7  1e-09  0
20230.4  1e-09  0
20241.2  1e-09  0
20252  1e-09  0
20262.7  1e-09  0
20273.5  1e-09  0
20284.3  1e-09  0
20295  1e-09  0
20305.8  1e-09  0
20316.6  1e-09  0
20327.3  1e-09  0
20338.1  1e-09  0
20348.9  1e-09  0
20359.6  1e-09  0
20370.4  1e-09  0
20381.2  1e-09  0
20391.9  1e-09  0
20402.7  1e-09  0
20413.5  1e-09  0
20424.2  1e-09  0
20435  1e-09  0
20445.8  1e-09  0
20456.5  1e-09  0
20467.3  1e-09  0
20478.1  1e-09  0
20488.8  1e-09  0
20499.6  1e-09  0
20510.4  1e-09  0
20521.1  1e-09  0
20531.9  1e-09  0
20542.7  1e-09  0
20553.4  1e-09  0
20564.2  1e-09  0
20575  1e-09  0
20585.7  1e-09  0
20596.5  1e-09  0
20607.3  1e-09  0
20618  1e-09  0
20628.8  1e-09  0
20639.6  1e-09  0
20650.3  1e-09  0
20661.1  1e-09  0
20671.9  1e-09  0
20682.6  1e-09  0
20693.4  1e-09  0
20704.2  1e-09  0
20714.9  1e-09  0
20725.7  1e-09  0
20736.5  1e-09  0
20747.2  1e-09  0
20758  1e-09  0
20768.8  1e-09  0
20779.5  1e-09  0
20790.3  1e-09  0
20801.1  1e-09  0
20811.8  1e-09  0
20822.6  1e-09  0
20833.4  1e-09  0
20844.1  1e-09  0
20854.9  1e-09  0
20865.7  1e-09  0
20876.4  1e-09  0
20887.2  1e-09  0
20898  1e-09  0
20908.7  1e-09  0
20919.5  1e-09  0
20930.3  1e-09  0
20941  1e-09  0
20951.8  1e-09  0
20962.6  1e-09  0
20973.3  1e-09  0
20984.1  1e-09  0
20994.9  1e-09  0
21005.6  1e-09  0
21016.4  1e-09  0
21027.2  1e-09  0
21037.9  1e-09  0
21048.7  1e-09  0
21059.5  1e-09  0
21070.2  1e-09  0
21081  1e-09  0
21091.8  1e-09  0
21102.5  1e-09  0
21113.3  1e-09  0
21124.1  1e-09  0
21134.8  1e-09  0
21145.6  1e-09  0
21156.4  1e-09  0
21167.1  1e-09  0
21177.9  1e-09  0
21188.7  1e-09  0
21199.4  1e-09  0
21210.2  1e-09  0
21221  1e-09  0
21231.7  1e-09  0
21242.5  1e-09  0
21253.3  1e-09  0
21264  1e-09  0
21274.8  1e-09  0
21285.6  1e-09  0
21296.3  1e-09  0
21307.1  1e-09  0
21317.9  1e-09  0
21328.6  1e-09  0
21339.4  1e-09  0
21350.2  1e-09  0
21360.9  1e-09  0
21371.7  1e-09  0
21382.5  1e-09  0
21393.2  1e-09  0
21404  1e-09  0
21414.8  1e-09  0
21425.5  1e-09  0
21436.3  1e-09  0
21447.1  1e-09  0
21457.8  1e-09  0
21468.6  1e-09  0
21479.4  1e-09  0
21490.1  1e-09  0
21500.9  1e-09  0
21511.7  1e-09  0
21522.4  1e-09  0
21533.2  1e-09  0
21544  1e-09  0
21554.7  1e-09  0
21565.5  1e-09  0
21576.3  1e-09  0
21587  1e-09  0
21597.8  1e-09  0
21608.6  1e-09  0
21619.3  1e-09  0
21630.1  1e-09  0
21640.9  1e-09  0
21651.6  1e-09  0
21662.4  1e-09  0
21673.2  1e-09  0
21683.9  1e-09  0
21694.7  1e-09  0
21705.5  1e-09  0
21716.2  1e-09  0
21727  1e-09  0
21737.8  1e-09  0
21748.5  1e-09  0
21759.3  1e-09  0
21770.1  1e-09  0
21780.8  1e-09  0
21791.6  1e-09  0
21802.4  1e-09  0
21813.1  1e-09  0
21823.9  1e-09  0
21834.7  1e-09  0
21845.4  1e-09  0
21856.2  1e-09  0
21867  1e-09  0
21877.7  1e-09  0
21888.5  1e-09  0
21899.3  1e-09  0
21910  1e-09  0
21920.8  1e-09  0
21931.6  1e-09  0
21942.3  1e-09  0
21953.1  1e-09  0
21963.9  1e-09  0
21974.6  1e-09  0
21985.4  1e-09  0
21996.2  1e-09  0
22006.9  1e-09  0
22017.7  1e-09  0
22028.5  1e-09  0

