num_points: 2047
frequency_Hz  magnitude  phase_rad
0  1.00276  -0.0127769
10.7666  1.00276  -0.0127769
21.5332  1.00549  -0.0265273
32.2998  1.01071  -0.0401372
43.0664  1.01851  -0.053787
53.833  1.02903  -0.0675288
64.5996  1.04245  -0.0814042
75.3662  1.05905  -0.0954649
86.1328  1.07917  -0.10978
96.8994  1.10324  -0.12444
107.666  1.1318  -0.139565
118.433  1.16554  -0.155311
129.199  1.20532  -0.171876
139.966  1.25224  -0.189518
150.732  1.30768  -0.208568
161.499  1.37347  -0.229462
172.266  1.45199  -0.252776
183.032  1.54643  -0.279289
193.799  1.66109  -0.310076
204.565  1.80194  -0.34666
215.332  1.97731  -0.39126
226.099  2.19897  -0.447206
236.865  2.48337  -0.519662
247.632  2.85222  -0.616836
258.398  3.32798  -0.751808
269.165  3.90873  -0.944017
279.932  4.48873  -1.21423
290.698  4.76671  -1.55822
301.465  4.47838  -1.91725
312.231  3.79616  -2.21239
322.998  3.11319  -2.42076
333.765  2.56179  -2.56614
344.531  2.13957  -2.66951
355.298  1.81741  -2.74526
366.064  1.56822  -2.80254
376.831  1.37191  -2.84707
387.598  1.21438  -2.88252
398.364  1.0858  -2.91134
409.131  0.979253  -2.93516
419.897  0.889782  -2.95515
430.664  0.813763  -2.97212
441.431  0.748502  -2.9867
452.197  0.691965  -2.99934
462.964  0.642587  -3.01038
473.73  0.599149  -3.0201
484.497  0.56069  -3.02871
495.264  0.52644  -3.03638
506.03  0.495778  -3.04326
516.797  0.468198  -3.04944
527.563  0.443281  -3.05503
538.33  0.420681  -3.06009
549.097  0.400109  -3.06471
559.863  0.381319  -3.06892
570.63  0.364105  -3.07278
581.396  0.348291  -3.07632
592.163  0.333724  -3.07957
602.93  0.320277  -3.08258
613.696  0.307836  -3.08535
624.463  0.296307  -3.08792
635.229  0.285611  -3.09033
645.996  0.275686  -3.09265
656.763  0.266456  -3.09514
667.529  0.257703  -3.09796
678.296  0.24935  -3.10009
689.063  0.241599  -3.1016
699.829  0.234392  -3.103
710.596  0.227647  -3.10438
721.362  0.221313  -3.10572
732.129  0.215355  -3.10701
742.896  0.209747  -3.10826
753.662  0.204467  -3.10947
764.429  0.199497  -3.11072
775.195  0.194799  -3.1122
785.962  0.190265  -3.11381
796.729  0.18592  -3.11486
807.495  0.181855  -3.11561
818.262  0.178034  -3.11636
829.028  0.17442  -3.11712
839.795  0.170995  -3.11789
850.562  0.167746  -3.11865
861.328  0.16466  -3.11939
872.095  0.16173  -3.12012
882.861  0.158945  -3.12082
893.628  0.156299  -3.1215
904.395  0.153784  -3.12217
915.161  0.151393  -3.12281
925.928  0.149119  -3.12344
936.694  0.146958  -3.12404
947.461  0.144904  -3.12464
958.228  0.142952  -3.12521
968.994  0.141097  -3.12577
979.761  0.139334  -3.12632
990.527  0.13766  -3.12686
1001.29  0.136072  -3.12738
1012.06  0.134565  -3.12789
1022.83  0.133136  -3.12839
1033.59  0.131783  -3.12889
1044.36  0.130502  -3.12937
1055.13  0.129291  -3.12984
1065.89  0.128147  -3.13031
1076.66  0.127068  -3.13077
1087.43  0.126053  -3.13122
1098.19  0.125098  -3.13167
1108.96  0.124203  -3.13211
1119.73  0.123365  -3.13255
1130.49  0.122583  -3.13298
1141.26  0.121856  -3.1334
1152.03  0.121181  -3.13383
1162.79  0.120559  -3.13424
1173.56  0.119987  -3.13466
1184.33  0.119465  -3.13507
1195.09  0.118992  -3.13549
1205.86  0.118566  -3.13589
1216.63  0.118188  -3.1363
1227.39  0.117856  -3.13671
1238.16  0.11757  -3.13711
1248.93  0.117328  -3.13751
1259.69  0.117132  -3.13792
1270.46  0.11698  -3.13832
1281.23  0.116872  -3.13872
1291.99  0.116808  -3.13912
1302.76  0.116788  -3.13953
1313.53  0.116811  -3.13993
1324.29  0.116877  -3.14033
1335.06  0.116987  -3.14074
1345.83  0.117141  -3.14114
1356.59  0.117339  -3.14155
1367.36  0.117581  3.14123
1378.13  0.117868  3.14082
1388.89  0.1182  3.1404
1399.66  0.11858  3.13998
1410.42  0.119007  3.13953
1421.19  0.119484  3.13904
1431.96  0.120006  3.13843
1442.72  0.120552  3.13772
1453.49  0.121125  3.13721
1464.26  0.121759  3.13685
1475.02  0.122456  3.1365
1485.79  0.123208  3.13612
1496.56  0.124014  3.13572
1507.32  0.124874  3.13529
1518.09  0.125789  3.13485
1528.86  0.126759  3.1344
1539.62  0.127787  3.13393
1550.39  0.128873  3.13346
1561.16  0.13002  3.13298
1571.92  0.13123  3.1325
1582.69  0.132504  3.132
1593.46  0.133844  3.1315
1604.22  0.135254  3.13099
1614.99  0.136734  3.13047
1625.76  0.138289  3.12994
1636.52  0.13992  3.1294
1647.29  0.141632  3.12886
1658.06  0.143426  3.12831
1668.82  0.145306  3.12774
1679.59  0.147276  3.12717
1690.36  0.14934  3.12659
1701.12  0.151503  3.126
1711.89  0.153767  3.1254
1722.66  0.156139  3.12478
1733.42  0.158623  3.12416
1744.19  0.161226  3.12353
1754.96  0.163952  3.12288
1765.72  0.166808  3.12222
1776.49  0.169802  3.12155
1787.26  0.172941  3.12087
1798.02  0.176234  3.12017
1808.79  0.179689  3.11946
1819.56  0.183318  3.11873
1830.32  0.187135  3.11796
1841.09  0.191156  3.11713
1851.86  0.195397  3.11611
1862.62  0.199823  3.11463
1873.39  0.20431  3.11319
1884.16  0.209034  3.11257
1894.92  0.214105  3.11203
1905.69  0.219483  3.11135
1916.46  0.225163  3.11056
1927.22  0.231157  3.1097
1937.99  0.237486  3.10878
1948.75  0.244173  3.10782
1959.52  0.251247  3.10681
1970.29  0.258735  3.10577
1981.05  0.266672  3.10468
1991.82  0.275093  3.10356
2002.59  0.284038  3.10239
2013.35  0.293553  3.10118
2024.12  0.303686  3.09992
2034.89  0.314494  3.09861
2045.65  0.326038  3.09725
2056.42  0.338389  3.09583
2067.19  0.351626  3.09434
2077.95  0.365837  3.09279
2088.72  0.381125  3.09117
2099.49  0.397606  3.08947
2110.25  0.415411  3.08768
2121.02  0.434695  3.08579
2131.79  0.455633  3.08379
2142.55  0.478432  3.08168
2153.32  0.503333  3.07943
2164.09  0.530618  3.07704
2174.85  0.560625  3.07448
2185.62  0.593753  3.07172
2196.39  0.630486  3.06875
2207.15  0.67141  3.06553
2217.92  0.717244  3.06201
2228.69  0.768881  3.05816
2239.45  0.827439  3.05389
2250.22  0.89434  3.04914
2260.99  0.971422  3.04381
2271.75  1.0611  3.03774
2282.52  1.1666  3.03077
2293.29  1.29237  3.02265
2304.05  1.44464  3.01301
2314.82  1.6325  3.00136
2325.59  1.86964  2.98691
2336.35  2.17774  2.96843
2347.12  2.59316  2.94385
2357.89  3.18153  2.90939
2368.65  4.07353  2.85737
2379.42  5.56497  2.76979
2390.19  8.43583  2.59447
2400.95  14.522  2.1401
2411.72  16.7432  1.14039
2422.49  10.1259  0.536853
2433.25  6.66033  0.316223
2444.02  4.92659  0.212617
2454.79  3.92192  0.1533
2465.55  3.27403  0.114851
2476.32  2.82431  0.0877744
2487.08  2.49534  0.067541
2497.85  2.24518  0.0517301
2508.62  2.04927  0.0389333
2519.38  1.89228  0.0282761
2530.15  1.76417  0.0191871
2540.92  1.65811  0.0112769
2551.68  1.56928  0.00427115
2562.45  1.49419  -0.00202978
2573.22  1.43028  -0.00777449
2583.98  1.37559  -0.0130763
2594.75  1.32862  -0.0180235
2605.52  1.28821  -0.022686
2616.28  1.25343  -0.0271203
2627.05  1.22356  -0.0313726
2637.82  1.19799  -0.0354818
2648.58  1.17627  -0.0394808
2659.35  1.158  -0.0433979
2670.12  1.14287  -0.0472582
2680.88  1.13062  -0.051084
2691.65  1.12106  -0.0548957
2702.42  1.11401  -0.0587122
2713.18  1.10936  -0.0625516
2723.95  1.10701  -0.0664312
2734.72  1.10689  -0.070368
2745.48  1.10896  -0.0743791
2756.25  1.1132  -0.0784819
2767.02  1.11962  -0.0826945
2777.78  1.12825  -0.0870358
2788.55  1.13915  -0.0915262
2799.32  1.15238  -0.0961874
2810.08  1.16806  -0.101043
2820.85  1.18631  -0.106121
2831.62  1.20729  -0.111448
2842.38  1.23121  -0.11706
2853.15  1.2583  -0.122992
2863.92  1.28885  -0.129289
2874.68  1.3232  -0.136
2885.45  1.36175  -0.143182
2896.22  1.40499  -0.150904
2906.98  1.4535  -0.159244
2917.75  1.50798  -0.1683
2928.52  1.56928  -0.178186
2939.28  1.63844  -0.189041
2950.05  1.71671  -0.201035
2960.82  1.80567  -0.214377
2971.58  1.90728  -0.229334
2982.35  2.02401  -0.246241
2993.12  2.15902  -0.265535
3003.88  2.31638  -0.287786
3014.65  2.50142  -0.313754
3025.42  2.72118  -0.344471
3036.18  2.9851  -0.381368
3046.95  3.30583  -0.426473
3057.71  3.70039  -0.482718
3068.48  4.19095  -0.554432
3079.25  4.8039  -0.648064
3090.01  5.56178  -0.773062
3100.78  6.45374  -0.942111
3111.55  7.36162  -1.16765
3122.31  7.97634  -1.44884
3133.08  7.94272  -1.75408
3143.85  7.27707  -2.03283
3154.61  6.34595  -2.25523
3165.38  5.44758  -2.42163
3176.15  4.68977  -2.54471
3186.91  4.07859  -2.63702
3197.68  3.58983  -2.70783
3208.45  3.19661  -2.76345
3219.21  2.87667  -2.80812
3229.98  2.61307  -2.84472
3240.75  2.39318  -2.87523
3251.51  2.20765  -2.90107
3262.28  2.04946  -2.92324
3273.05  1.91332  -2.94249
3283.81  1.79518  -2.95938
3294.58  1.69191  -2.97435
3305.35  1.60103  -2.98773
3316.11  1.52058  -2.99977
3326.88  1.44901  -3.01068
3337.65  1.38503  -3.02064
3348.41  1.3276  -3.02979
3359.18  1.27588  -3.03822
3369.95  1.22913  -3.04604
3380.71  1.18677  -3.05332
3391.48  1.14829  -3.06013
3402.25  1.11326  -3.06653
3413.01  1.08133  -3.07257
3423.78  1.05217  -3.07828
3434.55  1.02551  -3.08369
3445.31  1.00113  -3.08885
3456.08  0.978829  -3.09378
3466.85  0.958419  -3.0985
3477.61  0.939752  -3.10304
3488.38  0.922693  -3.1074
3499.15  0.907124  -3.11161
3509.91  0.892941  -3.11569
3520.68  0.880054  -3.11964
3531.45  0.868381  -3.12348
3542.21  0.857853  -3.12722
3552.98  0.848407  -3.13087
3563.75  0.839989  -3.13444
3574.51  0.832552  -3.13793
3585.28  0.826055  -3.14136
3596.04  0.820463  3.13846
3606.81  0.815745  3.13515
3617.58  0.811877  3.13188
3628.34  0.808838  3.12865
3639.11  0.806611  3.12546
3649.88  0.805186  3.12229
3660.64  0.804552  3.11916
3671.41  0.804707  3.11604
3682.18  0.805649  3.11294
3692.94  0.807383  3.10985
3703.71  0.809914  3.10676
3714.48  0.813254  3.10368
3725.24  0.817419  3.1006
3736.01  0.822428  3.09751
3746.78  0.828303  3.09441
3757.54  0.835075  3.0913
3768.31  0.842777  3.08816
3779.08  0.851447  3.08501
3789.84  0.861131  3.08182
3800.61  0.871882  3.0786
3811.38  0.883758  3.07535
3822.14  0.896827  3.07204
3832.91  0.911166  3.06869
3843.68  0.926862  3.06528
3854.44  0.944015  3.0618
3865.21  0.962739  3.05825
3875.98  0.983161  3.05462
3886.74  1.00543  3.0509
3897.51  1.02971  3.04708
3908.28  1.0562  3.04314
3919.04  1.08512  3.03908
3929.81  1.11672  3.03488
3940.58  1.15131  3.03051
3951.34  1.18923  3.02597
3962.11  1.23089  3.02122
3972.88  1.27677  3.01623
3983.64  1.32744  3.01099
3994.41  1.38359  3.00544
4005.18  1.44603  2.99954
4015.94  1.51577  2.99323
4026.71  1.59403  2.98645
4037.48  1.68233  2.97911
4048.24  1.78259  2.9711
4059.01  1.89722  2.96229
4069.78  2.02937  2.9525
4080.54  2.18314  2.94149
4091.31  2.36405  2.92896
4102.08  2.57964  2.91449
4112.84  2.84047  2.89746
4123.61  3.16184  2.87702
4134.38  3.56668  2.85183
4145.14  4.09075  2.8198
4155.91  4.79272  2.77743
4166.67  5.77439  2.71844
4177.44  7.22326  2.63052
4188.21  9.49556  2.48706
4198.97  13.1487  2.22576
4209.74  17.5264  1.7314
4220.51  16.8947  1.07759
4231.27  12.3879  0.633064
4242.04  9.02688  0.400502
4252.81  6.94392  0.270188
4263.57  5.60113  0.188773
4274.34  4.68149  0.133291
4285.11  4.01813  0.0929382
4295.87  3.51946  0.0620983
4306.64  3.13214  0.0375981
4317.41  2.8233  0.0175205
4328.17  2.57174  0.000643186
4338.94  2.36319  -0.0138486
4349.71  2.18774  -0.0265181
4360.47  2.03828  -0.0377666
4371.24  1.9096  -0.047888
4382.01  1.7978  -0.0571022
4392.77  1.69987  -0.0655769
4403.54  1.61352  -0.0734425
4414.31  1.53689  -0.0808016
4425.07  1.46853  -0.0877361
4435.84  1.40727  -0.0943121
4446.61  1.35213  -0.100583
4457.37  1.30231  -0.106594
4468.14  1.25717  -0.112377
4478.91  1.21613  -0.117962
4489.67  1.17875  -0.123367
4500.44  1.14462  -0.128605
4511.21  1.11345  -0.133687
4521.97  1.08496  -0.138649
4532.74  1.05892  -0.143558
4543.51  1.03505  -0.148462
4554.27  1.01312  -0.153358
4565.04  0.992947  -0.158224
4575.81  0.974408  -0.163048
4586.57  0.957383  -0.167833
4597.34  0.941767  -0.172586
4608.11  0.927467  -0.177315
4618.87  0.914398  -0.182027
4629.64  0.902483  -0.186731
4640.41  0.891656  -0.191433
4651.17  0.881855  -0.196138
4661.94  0.873028  -0.200852
4672.71  0.865128  -0.20558
4683.47  0.858112  -0.210328
4694.24  0.851946  -0.215099
4705  0.846597  -0.219898
4715.77  0.842038  -0.22473
4726.54  0.838245  -0.229598
4737.3  0.835199  -0.234506
4748.07  0.832883  -0.239459
4758.84  0.831284  -0.244461
4769.6  0.830393  -0.249515
4780.37  0.830203  -0.254625
4791.14  0.830709  -0.259797
4801.9  0.83191  -0.265032
4812.67  0.833808  -0.270338
4823.44  0.836408  -0.275716
4834.2  0.839717  -0.281172
4844.97  0.843745  -0.286712
4855.74  0.848506  -0.292338
4866.5  0.854016  -0.298058
4877.27  0.860295  -0.303876
4888.04  0.867366  -0.309797
4898.8  0.875256  -0.315828
4909.57  0.883996  -0.321976
4920.34  0.893621  -0.328248
4931.1  0.904171  -0.33465
4941.87  0.91569  -0.341191
4952.64  0.928229  -0.347879
4963.4  0.941845  -0.354724
4974.17  0.956601  -0.361735
4984.94  0.972568  -0.368924
4995.7  0.989825  -0.376303
5006.47  1.00846  -0.383885
5017.24  1.02858  -0.391684
5028  1.05029  -0.399717
5038.77  1.07371  -0.408001
5049.54  1.099  -0.416557
5060.3  1.12631  -0.425407
5071.07  1.15583  -0.434575
5081.84  1.18775  -0.44409
5092.6  1.22233  -0.453983
5103.37  1.25982  -0.464292
5114.14  1.30054  -0.475057
5124.9  1.34484  -0.486326
5135.67  1.39315  -0.498154
5146.44  1.44593  -0.510606
5157.2  1.50376  -0.523755
5167.97  1.5673  -0.537691
5178.74  1.63733  -0.552518
5189.5  1.71477  -0.568361
5200.27  1.80076  -0.585369
5211.04  1.89663  -0.603725
5221.8  2.00402  -0.623653
5232.57  2.12493  -0.64543
5243.33  2.26185  -0.669402
5254.1  2.41784  -0.696006
5264.87  2.59678  -0.725806
5275.63  2.80353  -0.759531
5286.4  3.04429  -0.798142
5297.17  3.32691  -0.842924
5307.93  3.66125  -0.895614
5318.7  4.05945  -0.958589
5329.47  4.53544  -1.03512
5340.23  5.1027  -1.12965
5351  5.76721  -1.24803
5361.77  6.51045  -1.39717
5372.53  7.25812  -1.58302
5383.3  7.85099  -1.80561
5394.07  8.08449  -2.05232
5404.83  7.85922  -2.29829
5415.6  7.28052  -2.51912
5426.37  6.55177  -2.70311
5437.13  5.82776  -2.85084
5447.9  5.18  -2.96843
5458.67  4.62629  -3.06275
5469.43  4.1609  -3.13957
5480.2  3.77094  3.07992
5490.97  3.44299  3.02615
5501.73  3.16538  2.97998
5512.5  2.92858  2.9397
5523.27  2.72498  2.90405
5534.03  2.54859  2.87208
5544.8  2.39465  2.84307
5555.57  2.25942  2.81647
5566.33  2.13988  2.79186
5577.1  2.03362  2.76888
5587.87  1.93868  2.74726
5598.63  1.85346  2.72679
5609.4  1.77662  2.70728
5620.17  1.70709  2.68858
5630.93  1.64393  2.67057
5641.7  1.58639  2.65315
5652.47  1.5338  2.63622
5663.23  1.48562  2.61972
5674  1.44135  2.60358
5684.77  1.40061  2.58774
5695.53  1.36302  2.57216
5706.3  1.32828  2.5568
5717.07  1.29613  2.54162
5727.83  1.26632  2.52658
5738.6  1.23865  2.51167
5749.37  1.21293  2.49685
5760.13  1.18901  2.4821
5770.9  1.16673  2.46741
5781.67  1.14597  2.45276
5792.43  1.12661  2.43812
5803.2  1.10855  2.42349
5813.96  1.09169  2.40886
5824.73  1.07596  2.3942
5835.5  1.06127  2.37952
5846.26  1.04756  2.3648
5857.03  1.03476  2.35004
5867.8  1.02282  2.33522
5878.56  1.01168  2.32033
5889.33  1.0013  2.30539
5900.1  0.991643  2.29037
5910.86  0.982658  2.27527
5921.63  0.974313  2.26009
5932.4  0.966576  2.24482
5943.16  0.959415  2.22946
5953.93  0.952803  2.21401
5964.7  0.946715  2.19847
5975.46  0.941126  2.18282
5986.23  0.936017  2.16708
5997  0.931367  2.15124
6007.76  0.927157  2.13529
6018.53  0.923373  2.11924
6029.3  0.919997  2.10308
6040.06  0.917017  2.08682
6050.83  0.914421  2.07045
6061.6  0.912197  2.05398
6072.36  0.910335  2.0374
6083.13  0.908826  2.02072
6093.9  0.907662  2.00393
6104.66  0.906836  1.98704
6115.43  0.906343  1.97004
6126.2  0.906177  1.95294
6136.96  0.906334  1.93574
6147.73  0.906812  1.91844
6158.5  0.907608  1.90104
6169.26  0.908721  1.88354
6180.03  0.910151  1.86594
6190.8  0.911898  1.84825
6201.56  0.913964  1.83046
6212.33  0.916352  1.81258
6223.1  0.919065  1.7946
6233.86  0.922108  1.77652
6244.63  0.925486  1.75836
6255.4  0.929205  1.7401
6266.16  0.933275  1.72175
6276.93  0.937702  1.7033
6287.7  0.942498  1.68476
6298.46  0.947674  1.66612
6309.23  0.953241  1.64738
6320  0.959213  1.62854
6330.76  0.965604  1.6096
6341.53  0.972428  1.59054
6352.29  0.979701  1.57138
6363.06  0.987434  1.5521
6373.83  0.99564  1.53272
6384.59  1.00435  1.51326
6395.36  1.01364  1.49374
6406.13  1.0236  1.47409
6416.89  1.03424  1.45424
6427.66  1.04552  1.43419
6438.43  1.05748  1.41393
6449.19  1.07016  1.39347
6459.96  1.08359  1.37281
6470.73  1.09785  1.35192
6481.49  1.11297  1.33079
6492.26  1.12903  1.3094
6503.03  1.14608  1.28773
6513.79  1.1642  1.26573
6524.56  1.18346  1.24339
6535.33  1.20394  1.22066
6546.09  1.22573  1.19752
6556.86  1.24893  1.17391
6567.63  1.27365  1.14979
6578.39  1.29999  1.1251
6589.16  1.32809  1.09978
6599.93  1.35809  1.07376
6610.69  1.39013  1.04698
6621.46  1.42437  1.01933
6632.23  1.46099  0.99073
6642.99  1.50018  0.961064
6653.76  1.54213  0.93021
6664.53  1.58705  0.89803
6675.29  1.63518  0.864368
6686.06  1.68672  0.829047
6696.83  1.7419  0.79187
6707.59  1.80094  0.752614
6718.36  1.86401  0.71103
6729.13  1.93125  0.666842
6739.89  2.00272  0.619746
6750.66  2.07834  0.569408
6761.43  2.1579  0.515476
6772.19  2.2409  0.457579
6782.96  2.32654  0.39535
6793.73  2.41359  0.32844
6804.49  2.50029  0.25656
6815.26  2.5843  0.179518
6826.03  2.66265  0.097276
6836.79  2.73185  0.0100093
6847.56  2.78808  -0.081838
6858.33  2.82758  -0.177519
6869.09  2.84716  -0.275985
6879.86  2.84472  -0.37594
6890.63  2.81964  -0.475937
6901.39  2.77299  -0.574518
6912.16  2.70726  -0.670345
6922.92  2.62602  -0.762315
6933.69  2.5333  -0.849619
6944.46  2.43313  -0.931754
6955.22  2.32911  -1.0085
6965.99  2.22421  -1.07985
6976.76  2.12076  -1.14597
6987.52  2.02039  -1.20714
6998.29  1.92423  -1.2637
7009.06  1.83294  -1.31601
7019.82  1.74686  -1.36445
7030.59  1.66607  -1.40937
7041.36  1.59052  -1.45112
7052.12  1.52003  -1.49
7062.89  1.45435  -1.5263
7073.66  1.39321  -1.56028
7084.42  1.3363  -1.59216
7095.19  1.28334  -1.62215
7105.96  1.23403  -1.65043
7116.72  1.18811  -1.67716
7127.49  1.1453  -1.70249
7138.26  1.10537  -1.72654
7149.02  1.0681  -1.74943
7159.79  1.03328  -1.77126
7170.56  1.00072  -1.79213
7181.32  0.970255  -1.8121
7192.09  0.941722  -1.83126
7202.86  0.914978  -1.84968
7213.62  0.889894  -1.8674
7224.39  0.86635  -1.88449
7235.16  0.844238  -1.90098
7245.92  0.823459  -1.91694
7256.69  0.803923  -1.93238
7267.46  0.785548  -1.94736
7278.22  0.768257  -1.96191
7288.99  0.751984  -1.97605
7299.76  0.736665  -1.98981
7310.52  0.722242  -2.00322
7321.29  0.708663  -2.0163
7332.06  0.695881  -2.02907
7342.82  0.68385  -2.04156
7353.59  0.672531  -2.05378
7364.36  0.661887  -2.06575
7375.12  0.651884  -2.07749
7385.89  0.642489  -2.08901
7396.66  0.633677  -2.10033
7407.42  0.625419  -2.11145
7418.19  0.617692  -2.1224
7428.96  0.610475  -2.13319
7439.72  0.603747  -2.14382
7450.49  0.59749  -2.15431
7461.25  0.591688  -2.16467
7472.02  0.586327  -2.17491
7482.79  0.581391  -2.18504
7493.55  0.57687  -2.19506
7504.32  0.572752  -2.205
7515.09  0.569029  -2.21485
7525.85  0.565691  -2.22462
7536.62  0.562731  -2.23433
7547.39  0.560144  -2.24399
7558.15  0.557925  -2.2536
7568.92  0.556068  -2.26316
7579.69  0.554573  -2.2727
7590.45  0.553436  -2.28221
7601.22  0.552657  -2.29171
7611.99  0.552236  -2.30121
7622.75  0.552174  -2.31071
7633.52  0.552474  -2.32022
7644.29  0.553139  -2.32975
7655.05  0.554173  -2.33931
7665.82  0.555582  -2.34892
7676.59  0.557373  -2.35858
7687.35  0.559553  -2.3683
7698.12  0.562133  -2.3781
7708.89  0.565123  -2.38798
7719.65  0.568536  -2.39795
7730.42  0.572385  -2.40804
7741.19  0.576685  -2.41826
7751.95  0.581455  -2.42861
7762.72  0.586713  -2.43912
7773.49  0.592481  -2.44981
7784.25  0.598783  -2.46068
7795.02  0.605646  -2.47176
7805.79  0.613098  -2.48308
7816.55  0.621171  -2.49465
7827.32  0.629903  -2.5065
7838.09  0.63933  -2.51866
7848.85  0.649498  -2.53115
7859.62  0.660454  -2.54401
7870.39  0.672251  -2.55728
7881.15  0.684947  -2.57099
7891.92  0.698607  -2.5852
7902.69  0.713302  -2.59994
7913.45  0.729112  -2.61527
7924.22  0.746123  -2.63125
7934.99  0.764432  -2.64795
7945.75  0.784146  -2.66545
7956.52  0.805383  -2.68383
7967.29  0.828273  -2.70318
7978.05  0.852959  -2.72362
7988.82  0.8796  -2.74527
7999.58  0.908367  -2.76826
8010.35  0.939448  -2.79276
8021.12  0.973044  -2.81895
8031.88  1.00937  -2.84702
8042.65  1.04865  -2.87723
8053.42  1.09111  -2.90983
8064.18  1.13698  -2.94512
8074.95  1.18644  -2.98346
8085.72  1.23964  -3.02522
8096.48  1.29667  -3.07084
8107.25  1.35744  -3.12077
8118.02  1.4217  3.10768
8128.78  1.4889  3.04763
8139.55  1.55807  2.9818
8150.32  1.62777  2.90977
8161.08  1.69593  2.83128
8171.85  1.75985  2.74633
8182.62  1.81625  2.6552
8193.38  1.86159  2.55863
8204.15  1.89247  2.4578
8214.92  1.90624  2.35432
8225.68  1.90155  2.25009
8236.45  1.87868  2.14709
8247.22  1.83945  2.04718
8257.98  1.78685  1.95187
8268.75  1.72442  1.86223
8279.52  1.65571  1.77889
8290.28  1.58387  1.70206
8301.05  1.51143  1.63165
8311.82  1.44027  1.56737
8322.58  1.37166  1.50878
8333.35  1.30642  1.45539
8344.12  1.24498  1.40671
8354.88  1.18752  1.36225
8365.65  1.13403  1.32155
8376.42  1.0844  1.28419
8387.18  1.03843  1.2498
8397.95  0.995913  1.21805
8408.72  0.956601  1.18864
8419.48  0.920257  1.16132
8430.25  0.886647  1.13584
8441.02  0.855551  1.11203
8451.78  0.826763  1.0897
8462.55  0.800093  1.06869
8473.32  0.775366  1.04887
8484.08  0.752425  1.03013
8494.85  0.731124  1.01235
8505.62  0.711334  0.995443
8516.38  0.692936  0.979327
8527.15  0.675824  0.963927
8537.92  0.659901  0.949176
8548.68  0.645081  0.935015
8559.45  0.631285  0.921391
8570.21  0.618442  0.908256
8580.98  0.606487  0.895567
8591.75  0.595364  0.883284
8602.51  0.585019  0.871372
8613.28  0.575405  0.859797
8624.05  0.56648  0.848531
8634.81  0.558204  0.837546
8645.58  0.550542  0.826815
8656.35  0.543463  0.816317
8667.11  0.536939  0.806029
8677.88  0.530943  0.795931
8688.65  0.525452  0.786004
8699.41  0.520446  0.77623
8710.18  0.515905  0.766592
8720.95  0.511815  0.757074
8731.71  0.508158  0.747662
8742.48  0.504924  0.738341
8753.25  0.502101  0.729096
8764.01  0.499679  0.719914
8774.78  0.49765  0.710783
8785.55  0.496007  0.701688
8796.31  0.494746  0.692619
8807.08  0.493861  0.683562
8817.85  0.493352  0.674506
8828.61  0.493216  0.665438
8839.38  0.493453  0.656346
8850.15  0.494066  0.647218
8860.91  0.495056  0.638041
8871.68  0.496428  0.628805
8882.45  0.498188  0.619495
8893.21  0.500344  0.6101
8903.98  0.502904  0.600605
8914.75  0.505882  0.590997
8925.51  0.509291  0.581256
8936.28  0.513148  0.571357
8947.05  0.517469  0.56127
8957.81  0.522265  0.550959
8968.58  0.527543  0.540403
8979.35  0.533315  0.529595
8990.11  0.539602  0.51853
9000.88  0.546437  0.507197
9011.65  0.55385  0.495572
9022.41  0.56188  0.483625
9033.18  0.570562  0.471324
9043.95  0.579937  0.458631
9054.71  0.590048  0.445508
9065.48  0.600943  0.431912
9076.25  0.612675  0.417797
9087.01  0.625302  0.403114
9097.78  0.638886  0.387805
9108.54  0.653498  0.371811
9119.31  0.669214  0.355063
9130.08  0.68612  0.337485
9140.84  0.704307  0.318992
9151.61  0.723877  0.29949
9162.38  0.744939  0.278872
9173.14  0.767613  0.257019
9183.91  0.792028  0.233796
9194.68  0.81832  0.209052
9205.44  0.846634  0.182615
9216.21  0.877119  0.154293
9226.98  0.909925  0.12387
9237.74  0.945196  0.0911023
9248.51  0.983062  0.0557175
9259.28  1.02362  0.0174139
9270.04  1.06694  -0.0241405
9280.81  1.11297  -0.0693051
9291.58  1.1616  -0.118461
9302.34  1.21253  -0.172001
9313.11  1.26524  -0.230306
9323.88  1.31896  -0.293722
9334.64  1.37256  -0.362515
9345.41  1.42454  -0.436819
9356.18  1.47302  -0.516572
9366.94  1.5158  -0.601453
9377.71  1.55056  -0.690832
9388.48  1.57514  -0.783746
9399.24  1.58779  -0.878934
9410.01  1.58757  -0.974923
9420.78  1.57447  -1.07016
9431.54  1.54945  -1.16318
9442.31  1.51423  -1.2527
9453.08  1.471  -1.33777
9463.84  1.42209  -1.41774
9474.61  1.36968  -1.49228
9485.38  1.31568  -1.56133
9496.14  1.26157  -1.62503
9506.91  1.20849  -1.68363
9517.68  1.15724  -1.73748
9528.44  1.1083  -1.78696
9539.21  1.06199  -1.83247
9549.98  1.01842  -1.87438
9560.74  0.97763  -1.91306
9571.51  0.939553  -1.94884
9582.28  0.904089  -1.98202
9593.04  0.871107  -2.01287
9603.81  0.84046  -2.04165
9614.58  0.811996  -2.06856
9625.34  0.785566  -2.0938
9636.11  0.761022  -2.11755
9646.88  0.738227  -2.13995
9657.64  0.717051  -2.16114
9668.41  0.697373  -2.18124
9679.17  0.679083  -2.20036
9689.94  0.662079  -2.2186
9700.71  0.646268  -2.23603
9711.47  0.631563  -2.25275
9722.24  0.617889  -2.2688
9733.01  0.605174  -2.28427
9743.77  0.593354  -2.2992
9754.54  0.582371  -2.31365
9765.31  0.572172  -2.32765
9776.07  0.562709  -2.34127
9786.84  0.553939  -2.35452
9797.61  0.545822  -2.36745
9808.37  0.538323  -2.3801
9819.14  0.531408  -2.39248
9829.91  0.525049  -2.40464
9840.67  0.51922  -2.41659
9851.44  0.513896  -2.42836
9862.21  0.509056  -2.43998
9872.97  0.50468  -2.45146
9883.74  0.500752  -2.46284
9894.51  0.497257  -2.47411
9905.27  0.494179  -2.48532
9916.04  0.491509  -2.49647
9926.81  0.489234  -2.50759
9937.57  0.487347  -2.51868
9948.34  0.48584  -2.52978
9959.11  0.484706  -2.54088
9969.87  0.48394  -2.55203
9980.64  0.48354  -2.56322
9991.41  1e-09  0
10002.2  1e-09  0
10012.9  1e-09  0
10023.7  1e-09  0
10034.5  1e-09  0
10045.2  1e-09  0
10056  1e-09  0
10066.8  1e-09  0
10077.5  1e-09  0
10088.3  1e-09  0
10099.1  1e-09  0
10109.8  1e-09  0
10120.6  1e-09  0
10131.4  1e-09  0
10142.1  1e-09  0
10152.9  1e-09  0
10163.7  1e-09  0
10174.4  1e-09  0
10185.2  1e-09  0
10196  1e-09  0
10206.7  1e-09  0
10217.5  1e-09  0
10228.3  1e-09  0
10239  1e-09  0
10249.8  1e-09  0
10260.6  1e-09  0
10271.3  1e-09  0
10282.1  1e-09  0
10292.9  1e-09  0
10303.6  1e-09  0
10314.4  1e-09  0
10325.2  1e-09  0
10335.9  1e-09  0
10346.7  1e-09  0
10357.5  1e-09  0
10368.2  1e-09  0
10379  1e-09  0
10389.8  1e-09  0
10400.5  1e-09  0
10411.3  1e-09  0
10422.1  1e-09  0
10432.8  1e-09  0
10443.6  1e-09  0
10454.4  1e-09  0
10465.1  1e-09  0
10475.9  1e-09  0
10486.7  1e-09  0
10497.4  1e-09  0
10508.2  1e-09  0
10519  1e-09  0
10529.7  1e-09  0
10540.5  1e-09  0
10551.3  1e-09  0
10562  1e-09  0
10572.8  1e-09  0
10583.6  1e-09  0
10594.3  1e-09  0
10605.1  1e-09  0
10615.9  1e-09  0
10626.6  1e-09  0
10637.4  1e-09  0
10648.2  1e-09  0
10658.9  1e-09  0
10669.7  1e-09  0
10680.5  1e-09  0
10691.2  1e-09  0
10702  1e-09  0
10712.8  1e-09  0
10723.5  1e-09  0
10734.3  1e-09  0
10745.1  1e-09  0
10755.8  1e-09  0
10766.6  1e-09  0
10777.4  1e-09  0
10788.1  1e-09  0
10798.9  1e-09  0
10809.7  1e-09  0
10820.4  1e-09  0
10831.2  1e-09  0
10842  1e-09  0
10852.7  1e-09  0
10863.5  1e-09  0
10874.3  1e-09  0
10885  1e-09  0
10895.8  1e-09  0
10906.6  1e-09  0
10917.3  1e-09  0
10928.1  1e-09  0
10938.9  1e-09  0
10949.6  1e-09  0
10960.4  1e-09  0
10971.2  1e-09  0
10981.9  1e-09  0
10992.7  1e-09  0
11003.5  1e-09  0
11014.2  1e-09  0
11025  1e-09  0
11035.8  1e-09  0
11046.5  1e-09  0
11057.3  1e-09  0
11068.1  1e-09  0
11078.8  1e-09  0
11089.6  1e-09  0
11100.4  1e-09  0
11111.1  1e-09  0
11121.9  1e-09  0
11132.7  1e-09  0
11143.4  1e-09  0
11154.2  1e-09  0
11165  1e-09  0
11175.7  1e-09  0
11186.5  1e-09  0
11197.3  1e-09  0
11208  1e-09  0
11218.8  1e-09  0
11229.6  1e-09  0
11240.3  1e-09  0
11251.1  1e-09  0
11261.9  1e-09  0
11272.6  1e-09  0
11283.4  1e-09  0
11294.2  1e-09  0
11304.9  1e-09  0
11315.7  1e-09  0
11326.5  1e-09  0
11337.2  1e-09  0
11348  1e-09  0
11358.8  1e-09  0
11369.5  1e-09  0
11380.3  1e-09  0
11391.1  1e-09  0
11401.8  1e-09  0
11412.6  1e-09  0
11423.4  1e-09  0
11434.1  1e-09  0
11444.9  1e-09  0
11455.7  1e-09  0
11466.4  1e-09  0
11477.2  1e-09  0
11488  1e-09  0
11498.7  1e-09  0
11509.5  1e-09  0
11520.3  1e-09  0
11531  1e-09  0
11541.8  1e-09  0
11552.6  1e-09  0
11563.3  1e-09  0
11574.1  1e-09  0
11584.9  1e-09  0
11595.6  1e-09  0
11606.4  1e-09  0
11617.2  1e-09  0
11627.9  1e-09  0
11638.7  1e-09  0
11649.5  1e-09  0
11660.2  1e-09  0
11671  1e-09  0
11681.8  1e-09  0
11692.5  1e-09  0
11703.3  1e-09  0
11714.1  1e-09  0
11724.8  1e-09  0
11735.6  1e-09  0
11746.4  1e-09  0
11757.1  1e-09  0
11767.9  1e-09  0
11778.7  1e-09  0
11789.4  1e-09  0
11800.2  1e-09  0
11811  1e-09  0
11821.7  1e-09  0
11832.5  1e-09  0
11843.3  1e-09  0
11854  1e-09  0
11864.8  1e-09  0
11875.6  1e-09  0
11886.3  1e-09  0
11897.1  1e-09  0
11907.9  1e-09  0
11918.6  1e-09  0
11929.4  1e-09  0
11940.2  1e-09  0
11950.9  1e-09  0
11961.7  1e-09  0
11972.5  1e-09  0
11983.2  1e-09  0
11994  1e-09  0
12004.8  1e-09  0
12015.5  1e-09  0
12026.3  1e-09  0
12037.1  1e-09  0
12047.8  1e-09  0
12058.6  1e-09  0
12069.4  1e-09  0
12080.1  1e-09  0
12090.9  1e-09  0
12101.7  1e-09  0
12112.4  1e-09  0
12123.2  1e-09  0
12134  1e-09  0
12144.7  1e-09  0
12155.5  1e-09  0
12166.3  1e-09  0
12177  1e-09  0
12187.8  1e-09  0
12198.6  1e-09  0
12209.3  1e-09  0
12220.1  1e-09  0
12230.9  1e-09  0
12241.6  1e-09  0
12252.4  1e-09  0
12263.2  1e-09  0
12273.9  1e-09  0
12284.7  1e-09  0
12295.5  1e-09  0
12306.2  1e-09  0
12317  1e-09  0
12327.8  1e-09  0
12338.5  1e-09  0
12349.3  1e-09  0
12360.1  1e-09  0
12370.8  1e-09  0
12381.6  1e-09  0
12392.4  1e-09  0
12403.1  1e-09  0
12413.9  1e-09  0
12424.7  1e-09  0
12435.4  1e-09  0
12446.2  1e-09  0
12457  1e-09  0
12467.7  1e-09  0
12478.5  1e-09  0
12489.3  1e-09  0
12500  1e-09  0
12510.8  1e-09  0
12521.6  1e-09  0
12532.3  1e-09  0
12543.1  1e-09  0
12553.9  1e-09  0
12564.6  1e-09  0
12575.4  1e-09  0
12586.2  1e-09  0
12596.9  1e-09  0
12607.7  1e-09  0
12618.5  1e-09  0
12629.2  1e-09  0
12640  1e-09  0
12650.8  1e-09  0
12661.5  1e-09  0
12672.3  1e-09  0
12683.1  1e-09  0
12693.8  1e-09  0
12704.6  1e-09  0
12715.4  1e-09  0
12726.1  1e-09  0
12736.9  1e-09  0
12747.7  1e-09  0
12758.4  1e-09  0
12769.2  1e-09  0
12780  1e-09  0
12790.7  1e-09  0
12801.5  1e-09  0
12812.3  1e-09  0
12823  1e-09  0
12833.8  1e-09  0
12844.6  1e-09  0
12855.3  1e-09  0
12866.1  1e-09  0
12876.9  1e-09  0
12887.6  1e-09  0
12898.4  1e-09  0
12909.2  1e-09  0
12919.9  1e-09  0
12930.7  1e-09  0
12941.5  1e-09  0
12952.2  1e-09  0
12963  1e-09  0
12973.8  1e-09  0
12984.5  1e-09  0
12995.3  1e-09  0
13006.1  1e-09  0
13016.8  1e-09  0
13027.6  1e-09  0
13038.4  1e-09  0
13049.1  1e-09  0
13059.9  1e-09  0
13070.7  1e-09  0
13081.4  1e-09  0
13092.2  1e-09  0
13103  1e-09  0
13113.7  1e-09  0
13124.5  1e-09  0
13135.3  1e-09  0
13146  1e-09  0
13156.8  1e-09  0
13167.6  1e-09  0
13178.3  1e-09  0
13189.1  1e-09  0
13199.9  1e-09  0
13210.6  1e-09  0
13221.4  1e-09  0
13232.2  1e-09  0
13242.9  1e-09  0
13253.7  1e-09  0
13264.5  1e-09  0
13275.2  1e-09  0
13286  1e-09  0
13296.8  1e-09  0
13307.5  1e-09  0
13318.3  1e-09  0
13329.1  1e-09  0
13339.8  1e-09  0
13350.6  1e-09  0
13361.4  1e-09  0
13372.1  1e-09  0
13382.9  1e-09  0
13393.7  1e-09  0
13404.4  1e-09  0
13415.2  1e-09  0
13426  1e-09  0
13436.7  1e-09  0
13447.5  1e-09  0
13458.3  1e-09  0
13469  1e-09  0
13479.8  1e-09  0
13490.6  1e-09  0
13501.3  1e-09  0
13512.1  1e-09  0
13522.9  1e-09  0
13533.6  1e-09  0
13544.4  1e-09  0
13555.2  1e-09  0
13565.9  1e-09  0
13576.7  1e-09  0
13587.5  1e-09  0
13598.2  1e-09  0
13609  1e-09  0
13619.8  1e-09  0
13630.5  1e-09  0
13641.3  1e-09  0
13652.1  1e-09  0
13662.8  1e-09  0
13673.6  1e-09  0
13684.4  1e-09  0
13695.1  1e-09  0
13705.9  1e-09  0
13716.7  1e-09  0
13727.4  1e-09  0
13738.2  1e-09  0
13749  1e-09  0
13759.7  1e-09  0
13770.5  1e-09  0
13781.3  1e-09  0
13792  1e-09  0
13802.8  1e-09  0
13813.5  1e-09  0
13824.3  1e-09  0
13835.1  1e-09  0
13845.8  1e-09  0
13856.6  1e-09  0
13867.4  1e-09  0
13878.1  1e-09  0
13888.9  1e-09  0
13899.7  1e-09  0
13910.4  1e-09  0
13921.2  1e-09  0
13932  1e-09  0
13942.7  1e-09  0
13953.5  1e-09  0
13964.3  1e-09  0
13975  1e-09  0
13985.8  1e-09  0
13996.6  1e-09  0
14007.3  1e-09  0
14018.1  1e-09  0
14028.9  1e-09  0
14039.6  1e-09  0
14050.4  1e-09  0
14061.2  1e-09  0
14071.9  1e-09  0
14082.7  1e-09  0
14093.5  1e-09  0
14104.2  1e-09  0
14115  1e-09  0
14125.8  1e-09  0
14136.5  1e-09  0
14147.3  1e-09  0
14158.1  1e-09  0
14168.8  1e-09  0
14179.6  1e-09  0
14190.4  1e-09  0
14201.1  1e-09  0
14211.9  1e-09  0
14222.7  1e-09  0
14233.4  1e-09  0
14244.2  1e-09  0
14255  1e-09  0
14265.7  1e-09  0
14276.5  1e-09  0
14287.3  1e-09  0
14298  1e-09  0
14308.8  1e-09  0
14319.6  1e-09  0
14330.3  1e-09  0
14341.1  1e-09  0
14351.9  1e-09  0
14362.6  1e-09  0
14373.4  1e-09  0
14384.2  1e-09  0
14394.9  1e-09  0
14405.7  1e-09  0
14416.5  1e-09  0
14427.2  1e-09  0
14438  1e-09  0
14448.8  1e-09  0
14459.5  1e-09  0
14470.3  1e-09  0
14481.1  1e-09  0
14491.8  1e-09  0
14502.6  1e-09  0
14513.4  1e-09  0
14524.1  1e-09  0
14534.9  1e-09  0
14545.7  1e-09  0
14556.4  1e-09  0
14567.2  1e-09  0
14578  1e-09  0
14588.7  1e-09  0
14599.5  1e-09  0
14610.3  1e-09  0
14621  1e-09  0
14631.8  1e-09  0
14642.6  1e-09  0
14653.3  1e-09  0
14664.1  1e-09  0
14674.9  1e-09  0
14685.6  1e-09  0
14696.4  1e-09  0
14707.2  1e-09  0
14717.9  1e-09  0
14728.7  1e-09  0
14739.5  1e-09  0
14750.2  1e-09  0
14761  1e-09  0
14771.8  1e-09  0
14782.5  1e-09  0
14793.3  1e-09  0
14804.1  1e-09  0
14814.8  1e-09  0
14825.6  1e-09  0
14836.4  1e-09  0
14847.1  1e-09  0
14857.9  1e-09  0
14868.7  1e-09  0
14879.4  1e-09  0
14890.2  1e-09  0
14901  1e-09  0
14911.7  1e-09  0
14922.5  1e-09  0
14933.3  1e-09  0
14944  1e-09  0
14954.8  1e-09  0
14965.6  1e-09  0
14976.3  1e-09  0
14987.1  1e-09  0
14997.9  1e-09  0
15008.6  1e-09  0
15019.4  1e-09  0
15030.2  1e-09  0
15040.9  1e-09  0
15051.7  1e-09  0
15062.5  1e-09  0
15073.2  1e-09  0
15084  1e-09  0
15094.8  1e-09  0
15105.5  1e-09  0
15116.3  1e-09  0
15127.1  1e-09  0
15137.8  1e-09  0
15148.6  1e-09  0
15159.4  1e-09  0
15170.1  1e-09  0
15180.9  1e-09  0
15191.7  1e-09  0
15202.4  1e-09  0
15213.2  1e-09  0
15224  1e-09  0
15234.7  1e-09  0
15245.5  1e-09  0
15256.3  1e-09  0
15267  1e-09  0
15277.8  1e-09  0
15288.6  1e-09  0
15299.3  1e-09  0
15310.1  1e-09  0
15320.9  1e-09  0
15331.6  1e-09  0
15342.4  1e-09  0
15353.2  1e-09  0
15363.9  1e-09  0
15374.7  1e-09  0
15385.5  1e-09  0
15396.2  1e-09  0
15407  1e-09  0
15417.8  1e-09  0
15428.5  1e-09  0
15439.3  1e-09  0
15450.1  1e-09  0
15460.8  1e-09  0
15471.6  1e-09  0
15482.4  1e-09  0
15493.1  1e-09  0
15503.9  1e-09  0
15514.7  1e-09  0
15525.4  1e-09  0
15536.2  1e-09  0
15547  1e-09  0
15557.7  1e-09  0
15568.5  1e-09  0
15579.3  1e-09  0
15590  1e-09  0
15600.8  1e-09  0
15611.6  1e-09  0
15622.3  1e-09  0
15633.1  1e-09  0
15643.9  1e-09  0
15654.6  1e-09  0
15665.4  1e-09  0
15676.2  1e-09  0
15686.9  1e-09  0
15697.7  1e-09  0
15708.5  1e-09  0
15719.2  1e-09  0
15730  1e-09  0
15740.8  1e-09  0
15751.5  1e-09  0
15762.3  1e-09  0
15773.1  1e-09  0
15783.8  1e-09  0
15794.6  1e-09  0
15805.4  1e-09  0
15816.1  1e-09  0
15826.9  1e-09  0
15837.7  1e-09  0
15848.4  1e-09  0
15859.2  1e-09  0
15870  1e-09  0
15880.7  1e-09  0
15891.5  1e-09  0
15902.3  1e-09  0
15913  1e-09  0
15923.8  1e-09  0
15934.6  1e-09  0
15945.3  1e-09  0
15956.1  1e-09  0
15966.9  1e-09  0
15977.6  1e-09  0
15988.4  1e-09  0
15999.2  1e-09  0
16009.9  1e-09  0
16020.7  1e-09  0
16031.5  1e-09  0
16042.2  1e-09  0
16053  1e-09  0
16063.8  1e-09  0
16074.5  1e-09  0
16085.3  1e-09  0
16096.1  1e-09  0
16106.8  1e-09  0
16117.6  1e-09  0
16128.4  1e-09  0
16139.1  1e-09  0
16149.9  1e-09  0
16160.7  1e-09  0
16171.4  1e-09  0
16182.2  1e-09  0
16193  1e-09  0
16203.7  1e-09  0
16214.5  1e-09  0
16225.3  1e-09  0
16236  1e-09  0
16246.8  1e-09  0
16257.6  1e-09  0
16268.3  1e-09  0
16279.1  1e-09  0
16289.9  1e-09  0
16300.6  1e-09  0
16311.4  1e-09  0
16322.2  1e-09  0
16332.9  1e-09  0
16343.7  1e-09  0
16354.5  1e-09  0
16365.2  1e-09  0
16376  1e-09  0
16386.8  1e-09  0
16397.5  1e-09  0
16408.3  1e-09  0
16419.1  1e-09  0
16429.8  1e-09  0
16440.6  1e-09  0
16451.4  1e-09  0
16462.1  1e-09  0
16472.9  1e-09  0
16483.7  1e-09  0
16494.4  1e-09  0
16505.2  1e-09  0
16516  1e-09  0
16526.7  1e-09  0
16537.5  1e-09  0
16548.3  1e-09  0
16559  1e-09  0
16569.8  1e-09  0
16580.6  1e-09  0
16591.3  1e-09  0
16602.1  1e-09  0
16612.9  1e-09  0
16623.6  1e-09  0
16634.4  1e-09  0
16645.2  1e-09  0
16655.9  1e-09  0
16666.7  1e-09  0
16677.5  1e-09  0
16688.2  1e-09  0
16699  1e-09  0
16709.8  1e-09  0
16720.5  1e-09  0
16731.3  1e-09  0
16742.1  1e-09  0
16752.8  1e-09  0
16763.6  1e-09  0
16774.4  1e-09  0
16785.1  1e-09  0
16795.9  1e-09  0
16806.7  1e-09  0
16817.4  1e-09  0
16828.2  1e-09  0
16839  1e-09  0
16849.7  1e-09  0
16860.5  1e-09  0
16871.3  1e-09  0
16882  1e-09  0
16892.8  1e-09  0
16903.6  1e-09  0
16914.3  1e-09  0
16925.1  1e-09  0
16935.9  1e-09  0
16946.6  1e-09  0
16957.4  1e-09  0
16968.2  1e-09  0
16978.9  1e-09  0
16989.7  1e-09  0
17000.5  1e-09  0
17011.2  1e-09  0
17022  1e-09  0
17032.8  1e-09  0
17043.5  1e-09  0
17054.3  1e-09  0
17065.1  1e-09  0
17075.8  1e-09  0
17086.6  1e-09  0
17097.4  1e-09  0
17108.1  1e-09  0
17118.9  1e-09  0
17129.7  1e-09  0
17140.4  1e-09  0
17151.2  1e-09  0
17162  1e-09  0
17172.7  1e-09  0
17183.5  1e-09  0
17194.3  1e-09  0
17205  1e-09  0
17215.8  1e-09  0
17226.6  1e-09  0
17237.3  1e-09  0
17248.1  1e-09  0
17258.9  1e-09  0
17269.6  1e-09  0
17280.4  1e-09  0
17291.2  1e-09  0
17301.9  1e-09  0
17312.7  1e-09  0
17323.5  1e-09  0
17334.2  1e-09  0
17345  1e-09  0
17355.8  1e-09  0
17366.5  1e-09  0
17377.3  1e-09  0
17388.1  1e-09  0
17398.8  1e-09  0
17409.6  1e-09  0
17420.4  1e-09  0
17431.1  1e-09  0
17441.9  1e-09  0
17452.7  1e-09  0
17463.4  1e-09  0
17474.2  1e-09  0
17485  1e-09  0
17495.7  1e-09  0
17506.5  1e-09  0
17517.3  1e-09  0
17528  1e-09  0
17538.8  1e-09  0
17549.6  1e-09  0
17560.3  1e-09  0
17571.1  1e-09  0
17581.9  1e-09  0
17592.6  1e-09  0
17603.4  1e-09  0
17614.2  1e-09  0
17624.9  1e-09  0
17635.7  1e-09  0
17646.5  1e-09  0
17657.2  1e-09  0
17668  1e-09  0
17678.8  1e-09  0
17689.5  1e-09  0
17700.3  1e-09  0
17711.1  1e-09  0
17721.8  1e-09  0
17732.6  1e-09  0
17743.4  1e-09  0
17754.1  1e-09  0
17764.9  1e-09  0
17775.7  1e-09  0
17786.4  1e-09  0
17797.2  1e-09  0
17808  1e-09  0
17818.7  1e-09  0
17829.5  1e-09  0
17840.3  1e-09  0
17851  1e-09  0
17861.8  1e-09  0
17872.6  1e-09  0
17883.3  1e-09  0
17894.1  1e-09  0
17904.9  1e-09  0
17915.6  1e-09  0
17926.4  1e-09  0
17937.2  1e-09  0
17947.9  1e-09  0
17958.7  1e-09  0
17969.5  1e-09  0
17980.2  1e-09  0
17991  1e-09  0
18001.8  1e-09  0
18012.5  1e-09  0
18023.3  1e-09  0
18034.1  1e-09  0
18044.8  1e-09  0
18055.6  1e-09  0
18066.4  1e-09  0
18077.1  1e-09  0
18087.9  1e-09  0
18098.7  1e-09  0
18109.4  1e-09  0
18120.2  1e-09  0
18131  1e-09  0
18141.7  1e-09  0
18152.5  1e-09  0
18163.3  1e-09  0
18174  1e-09  0
18184.8  1e-09  0
18195.6  1e-09  0
18206.3  1e-09  0
18217.1  1e-09  0
18227.9  1e-09  0
18238.6  1e-09  0
18249.4  1e-09  0
18260.2  1e-09  0
18270.9  1e-09  0
18281.7  1e-09  0
18292.5  1e-09  0
18303.2  1e-09  0
18314  1e-09  0
18324.8  1e-09  0
18335.5  1e-09  0
18346.3  1e-09  0
18357.1  1e-09  0
18367.8  1e-09  0
18378.6  1e-09  0
18389.4  1e-09  0
18400.1  1e-09  0
18410.9  1e-09  0
18421.7  1e-09  0
18432.4  1e-09  0
18443.2  1e-09  0
18454  1e-09  0
18464.7  1e-09  0
18475.5  1e-09  0
18486.3  1e-09  0
18497  1e-09  0
18507.8  1e-09  0
18518.6  1e-09  0
18529.3  1e-09  0
18540.1  1e-09  0
18550.9  1e-09  0
18561.6  1e-09  0
18572.4  1e-09  0
18583.2  1e-09  0
18593.9  1e-09  0
18604.7  1e-09  0
18615.5  1e-09  0
18626.2  1e-09  0
18637  1e-09  0
18647.8  1e-09  0
18658.5  1e-09  0
18669.3  1e-09  0
18680.1  1e-09  0
18690.8  1e-09  0
18701.6  1e-09  0
18712.4  1e-09  0
18723.1  1e-09  0
18733.9  1e-09  0
18744.7  1e-09  0
18755.4  1e-09  0
18766.2  1e-09  0
18777  1e-09  0
18787.7  1e-09  0
18798.5  1e-09  0
18809.3  1e-09  0
18820  1e-09  0
18830.8  1e-09  0
18841.6  1e-09  0
18852.3  1e-09  0
18863.1  1e-09  0
18873.9  1e-09  0
18884.6  1e-09  0
18895.4  1e-09  0
18906.2  1e-09  0
18916.9  1e-09  0
18927.7  1e-09  0
18938.5  1e-09  0
18949.2  1e-09  0
18960  1e-09  0
18970.8  1e-09  0
18981.5  1e-09  0
18992.3  1e-09  0
19003.1  1e-09  0
19013.8  1e-09  0
19024.6  1e-09  0
19035.4  1e-09  0
19046.1  1e-09  0
19056.9  1e-09  0
19067.7  1e-09  0
19078.4  1e-09  0
19089.2  1e-09  0
19100  1e-09  0
19110.7  1e-09  0
19121.5  1e-09  0
19132.3  1e-09  0
19143  1e-09  0
19153.8  1e-09  0
19164.6  1e-09  0
19175.3  1e-09  0
19186.1  1e-09  0
19196.9  1e-09  0
19207.6  1e-09  0
19218.4  1e-09  0
19229.2  1e-09  0
19239.9  1e-09  0
19250.7  1e-09  0
19261.5  1e-09  0
19272.2  1e-09  0
19283  1e-09  0
19293.8  1e-09  0
19304.5  1e-09  0
19315.3  1e-09  0
19326  1e-09  0
19336.8  1e-09  0
19347.6  1e-09  0
19358.3  1e-09  0
19369.1  1e-09  0
19379.9  1e-09  0
19390.6  1e-09  0
19401.4  1e-09  0
19412.2  1e-09  0
19422.9  1e-09  0
19433.7  1e-09  0
19444.5  1e-09  0
19455.2  1e-09  0
19466  1e-09  0
19476.8  1e-09  0
19487.5  1e-09  0
19498.3  1e-09  0
19509.1  1e-09  0
19519.8  1e-09  0
19530.6  1e-09  0
19541.4  1e-09  0
19552.1  1e-09  0
19562.9  1e-09  0
19573.7  1e-09  0
19584.4  1e-09  0
19595.2  1e-09  0
19606  1e-09  0
19616.7  1e-09  0
19627.5  1e-09  0
19638.3  1e-09  0
19649  1e-09  0
19659.8  1e-09  0
19670.6  1e-09  0
19681.3  1e-09  0
19692.1  1e-09  0
19702.9  1e-09  0
19713.6  1e-09  0
19724.4  1e-09  0
19735.2  1e-09  0
19745.9  1e-09  0
19756.7  1e-09  0
19767.5  1e-09  0
19778.2  1e-09  0
19789  1e-09  0
19799.8  1e-09  0
19810.5  1e-09  0
19821.3  1e-09  0
19832.1  1e-09  0
19842.8  1e-09  0
19853.6  1e-09  0
19864.4  1e-09  0
19875.1  1e-09  0
19885.9  1e-09  0
19896.7  1e-09  0
19907.4  1e-09  0
19918.2  1e-09  0
19929  1e-09  0
19939.7  1e-09  0
19950.5  1e-09  0
19961.3  1e-09  0
19972  1e-09  0
19982.8  1e-09  0
19993.6  1e-09  0
20004.3  1e-09  0
20015.1  1e-09  0
20025.9  1e-09  0
20036.6  1e-09  0
20047.4  1e-09  0
20058.2  1e-09  0
20068.9  1e-09  0
20079.7  1e-09  0
20090.5  1e-09  0
20101.2  1e-09  0
20112  1e-09  0
20122.8  1e-09  0
20133.5  1e-09  0
20144.3  1e-09  0
20155.1  1e-09  0
20165.8  1e-09  0
20176.6  1e-09  0
20187.4  1e-09  0
20198.1  1e-09  0
20208.9  1e-09  0
20219.7  1e-09  0
20230.4  1e-09  0
20241.2  1e-09  0
20252  1e-09  0
20262.7  1e-09  0
20273.5  1e-09  0
20284.3  1e-09  0
20295  1e-09  0
20305.8  1e-09  0
20316.6  1e-09  0
20327.3  1e-09  0
20338.1  1e-09  0
20348.9  1e-09  0
20359.6  1e-09  0
20370.4  1e-09  0
20381.2  1e-09  0
20391.9  1e-09  0
20402.7  1e-09  0
20413.5  1e-09  0
20424.2  1e-09  0
20435  1e-09  0
20445.8  1e-09  0
20456.5  1e-09  0
20467.3  1e-09  0
20478.1  1e-09  0
20488.8  1e-09  0
20499.6  1e-09  0
20510.4  1e-09  0
20521.1  1e-09  0
20531.9  1e-09  0
20542.7  1e-09  0
20553.4  1e-09  0
20564.2  1e-09  0
20575  1e-09  0
20585.7  1e-09  0
20596.5  1e-09  0
20607.3  1e-09  0
20618  1e-09  0
20628.8  1e-09  0
20639.6  1e-09  0
20650.3  1e-09  0
20661.1  1e-09  0
20671.9  1e-09  0
20682.6  1e-09  0
20693.4  1e-09  0
20704.2  1e-09  0
20714.9  1e-09  0
20725.7  1e-09  0
20736.5  1e-09  0
20747.2  1e-09  0
20758  1e-09  0
20768.8  1e-09  0
20779.5  1e-09  0
20790.3  1e-09  0
20801.1  1e-09  0
20811.8  1e-09  0
20822.6  1e-09  0
20833.4  1e-09  0
20844.1  1e-09  0
20854.9  1e-09  0
20865.7  1e-09  0
20876.4  1e-09  0
20887.2  1e-09  0
20898  1e-09  0
20908.7  1e-09  0
20919.5  1e-09  0
20930.3  1e-09  0
20941  1e-09  0
20951.8  1e-09  0
20962.6  1e-09  0
20973.3  1e-09  0
20984.1  1e-09  0
20994.9  1e-09  0
21005.6  1e-09  0
21016.4  1e-09  0
21027.2  1e-09  0
21037.9  1e-09  0
21048.7  1e-09  0
21059.5  1e-09  0
21070.2  1e-09  0
21081  1e-09  0
21091.8  1e-09  0
21102.5  1e-09  0
21113.3  1e-09  0
21124.1  1e-09  0
21134.8  1e-09  0
21145.6  1e-09  0
21156.4  1e-09  0
21167.1  1e-09  0
21177.9  1e-09  0
21188.7  1e-09  0
21199.4  1e-09  0
21210.2  1e-09  0
21221  1e-09  0
21231.7  1e-09  0
21242.5  1e-09  0
21253.3  1e-09  0
21264  1e-09  0
21274.8  1e-09  0
21285.6  1e-09  0
21296.3  1e-09  0
21307.1  1e-09  0
21317.9  1e-09  0
21328.6  1e-09  0
21339.4  1e-09  0
21350.2  1e-09  0
21360.9  1e-09  0
21371.7  1e-09  0
21382.5  1e-09  0
21393.2  1e-09  0
21404  1e-09  0
21414.8  1e-09  0
21425.5  1e-09  0
21436.3  1e-09  0
21447.1  1e-09  0
21457.8  1e-09  0
21468.6  1e-09  0
21479.4  1e-09  0
21490.1  1e-09  0
21500.9  1e-09  0
21511.7  1e-09  0
21522.4  1e-09  0
21533.2  1e-09  0
21544  1e-09  0
21554.7  1e-09  0
21565.5  1e-09  0
21576.3  1e-09  0
21587  1e-09  0
21597.8  1e-09  0
21608.6  1e-09  0
21619.3  1e-09  0
21630.1  1e-09  0
21640.9  1e-09  0
21651.6  1e-09  0
21662.4  1e-09  0
21673.2  1e-09  0
21683.9  1e-09  0
21694.7  1e-09  0
21705.5  1e-09  0
21716.2  1e-09  0
21727  1e-09  0
21737.8  1e-09  0
21748.5  1e-09  0
21759.3  1e-09  0
21770.1  1e-09  0
21780.8  1e-09  0
21791.6  1e-09  0
21802.4  1e-09  0
21813.1  1e-09  0
21823.9  1e-09  0
21834.7  1e-09  0
21845.4  1e-09  0
21856.2  1e-09  0
21867  1e-09  0
21877.7  1e-09  0
21888.5  1e-09  0
21899.3  1e-09  0
21910  1e-09  0
21920.8  1e-09  0
21931.6  1e-09  0
21942.3  1e-09  0
21953.1  1e-09  0
21963.9  1e-09  0
21974.6  1e-09  0
21985.4  1e-09  0
21996.2  1e-09  0
22006.9  1e-09  0
22017.7  1e-09  0
22028.5  1e-09  0

