num_points: 2047
frequency_Hz  magnitude  phase_rad
0  0  0
10.7666  0.00246149  1.5085
21.5332  0.00493377  1.44528
32.2998  0.00743279  1.38231
43.0664  0.00997531  1.3194
53.833  0.012579  1.25654
64.5996  0.0152631  1.19373
75.3662  0.0180492  1.13095
86.1328  0.0209617  1.06818
96.8994  0.0240287  1.00538
107.666  0.027283  0.942517
118.433  0.0307631  0.879504
129.199  0.0345147  0.816252
139.966  0.0385927  0.752641
150.732  0.0430639  0.688518
161.499  0.04801  0.623696
172.266  0.0535325  0.557936
183.032  0.0597588  0.490941
193.799  0.0668513  0.42233
204.565  0.0750198  0.351613
215.332  0.0845393  0.278145
226.099  0.0957765  0.201063
236.865  0.109228  0.119185
247.632  0.125579  0.0308489
258.398  0.145782  -0.0663425
269.165  0.171178  -0.175942
279.932  0.203615  -0.303343
290.698  0.245468  -0.456841
301.465  0.299036  -0.648926
312.231  0.363779  -0.896245
322.998  0.428965  -1.21216
333.765  0.467946  -1.58349
344.531  0.459726  -1.95506
355.298  0.417741  -2.27141
366.064  0.36797  -2.519
376.831  0.32382  -2.7111
387.598  0.288198  -2.86435
398.364  0.260242  -2.99131
409.131  0.238382  -3.10027
419.897  0.221228  3.08651
430.664  0.207711  2.99912
441.431  0.197049  2.91832
452.197  0.188675  2.84245
462.964  0.182181  2.77032
473.73  0.177274  2.70104
484.497  0.173748  2.63396
495.264  0.17146  2.56854
506.03  0.170323  2.50438
516.797  0.170294  2.44111
527.563  0.17137  2.37843
538.33  0.173593  2.31603
549.097  0.177048  2.25363
559.863  0.181875  2.19092
570.63  0.188284  2.12755
581.396  0.196577  2.0631
592.163  0.207189  1.99703
602.93  0.220746  1.92862
613.696  0.238177  1.85686
624.463  0.26089  1.78022
635.229  0.291102  1.69641
645.996  0.33254  1.60177
656.763  0.392196  1.48926
667.529  0.482819  1.3418
678.296  0.626311  1.12585
689.063  0.848267  0.765481
699.829  1.03748  0.153563
710.596  0.878748  -0.516856
721.362  0.61765  -0.939612
732.129  0.445168  -1.18463
742.896  0.338813  -1.34628
753.662  0.269562  -1.46688
764.429  0.221695  -1.56503
775.195  0.186942  -1.64973
785.962  0.16071  -1.72581
796.729  0.14029  -1.79603
807.495  0.123993  -1.86209
818.262  0.11072  -1.92511
829.028  0.099725  -1.98581
839.795  0.090487  -2.04472
850.562  0.08263  -2.10221
861.328  0.0758771  -2.15856
872.095  0.07002  -2.21398
882.861  0.0648987  -2.26862
893.628  0.060389  -2.32262
904.395  0.0563925  -2.37606
915.161  0.0528307  -2.42903
925.928  0.04964  -2.4816
936.694  0.0467685  -2.53382
947.461  0.0441731  -2.58572
958.228  0.0418183  -2.63736
968.994  0.0396742  -2.68875
979.761  0.0377156  -2.73993
990.527  0.035921  -2.79092
1001.29  0.034272  -2.84173
1012.06  0.032753  -2.8924
1022.83  0.0313503  -2.94292
1033.59  0.030052  -2.99331
1044.36  0.0288479  -3.04359
1055.13  0.027729  -3.09377
1065.89  0.0266872  3.13934
1076.66  0.0257157  3.08935
1087.43  0.0248081  3.03944
1098.19  0.023959  2.98961
1108.96  0.0231635  2.93985
1119.73  0.0224172  2.89015
1130.49  0.0217161  2.84051
1141.26  0.0210568  2.79093
1152.03  0.020436  2.7414
1162.79  0.0198508  2.69191
1173.56  0.0192987  2.64247
1184.33  0.0187772  2.59308
1195.09  0.0182843  2.54372
1205.86  0.017818  2.4944
1216.63  0.0173766  2.44511
1227.39  0.0169583  2.39586
1238.16  0.0165616  2.34663
1248.93  0.0161854  2.29744
1259.69  0.0158282  2.24827
1270.46  0.0154889  2.19912
1281.23  0.0151665  2.15
1291.99  0.0148599  2.10091
1302.76  0.0145684  2.05183
1313.53  0.0142909  2.00277
1324.29  0.0140269  1.95374
1335.06  0.0137755  1.90472
1345.83  0.0135361  1.85572
1356.59  0.013308  1.80673
1367.36  0.0130908  1.75776
1378.13  0.0128838  1.7088
1388.89  0.0126866  1.65986
1399.66  0.0124987  1.61093
1410.42  0.0123197  1.56201
1421.19  0.0121491  1.51311
1431.96  0.0119867  1.46421
1442.72  0.0118321  1.41533
1453.49  0.0116848  1.36646
1464.26  0.0115447  1.31759
1475.02  0.0114114  1.26873
1485.79  0.0112848  1.21989
1496.56  0.0111644  1.17105
1507.32  0.0110502  1.12221
1518.09  0.0109418  1.07339
1528.86  0.0108391  1.02457
1539.62  0.0107419  0.975758
1550.39  0.01065  0.926951
1561.16  0.0105632  0.878151
1571.92  0.0104815  0.829356
1582.69  0.0104045  0.780565
1593.46  0.0103324  0.73178
1604.22  0.0102648  0.682999
1614.99  0.0102016  0.634222
1625.76  0.0101429  0.585448
1636.52  0.0100884  0.536679
1647.29  0.0100381  0.487912
1658.06  0.00999196  0.439149
1668.82  0.00994981  0.390388
1679.59  0.00991161  0.34163
1690.36  0.0098773  0.292874
1701.12  0.00984684  0.244121
1711.89  0.00982017  0.195369
1722.66  0.00979724  0.146618
1733.42  0.00977803  0.0978697
1744.19  0.00976249  0.0491221
1754.96  0.00975061  0.000375566
1765.72  0.00974236  -0.0483702
1776.49  0.00973773  -0.0971154
1787.26  0.00973671  -0.14586
1798.02  0.0097393  -0.194605
1808.79  0.0097455  -0.24335
1819.56  0.00975531  -0.292094
1830.32  0.00976875  -0.34084
1841.09  0.00978584  -0.389586
1851.86  0.0098066  -0.438332
1862.62  0.00983106  -0.48708
1873.39  0.00985926  -0.535829
1884.16  0.00989124  -0.58458
1894.92  0.00992705  -0.633332
1905.69  0.00996674  -0.682086
1916.46  0.0100104  -0.730842
1927.22  0.010058  -0.7796
1937.99  0.0101097  -0.828361
1948.75  0.0101656  -0.877124
1959.52  0.0102257  -0.925891
1970.29  0.0102902  -0.97466
1981.05  0.0103591  -1.02343
1991.82  0.0104326  -1.07221
2002.59  0.0105108  -1.12099
2013.35  0.0105938  -1.16978
2024.12  0.0106818  -1.21856
2034.89  0.0107749  -1.26736
2045.65  0.0108732  -1.31616
2056.42  0.010977  -1.36496
2067.19  0.0110865  -1.41377
2077.95  0.0112018  -1.46259
2088.72  0.0113231  -1.51141
2099.49  0.0114507  -1.56024
2110.25  0.0115849  -1.60908
2121.02  0.0117259  -1.65792
2131.79  0.0118739  -1.70677
2142.55  0.0120293  -1.75563
2153.32  0.0121925  -1.8045
2164.09  0.0123637  -1.85338
2174.85  0.0125434  -1.90226
2185.62  0.0127319  -1.95116
2196.39  0.0129297  -2.00007
2207.15  0.0131372  -2.04899
2217.92  0.013355  -2.09792
2228.69  0.0135836  -2.14687
2239.45  0.0138236  -2.19582
2250.22  0.0140755  -2.2448
2260.99  0.0143402  -2.29378
2271.75  0.0146183  -2.34279
2282.52  0.0149106  -2.39181
2293.29  0.0152181  -2.44085
2304.05  0.0155416  -2.4899
2314.82  0.0158821  -2.53898
2325.59  0.0162408  -2.58808
2336.35  0.016619  -2.6372
2347.12  0.0170179  -2.68635
2357.89  0.017439  -2.73553
2368.65  0.0178839  -2.78473
2379.42  0.0183544  -2.83396
2390.19  0.0188524  -2.88323
2400.95  0.0193801  -2.93253
2411.72  0.0199399  -2.98187
2422.49  0.0205344  -3.03125
2433.25  0.0211665  -3.08067
2444.02  0.0218397  -3.13014
2454.79  0.0225575  3.10352
2465.55  0.0233242  3.05394
2476.32  0.0241444  3.0043
2487.08  0.0250234  2.95458
2497.85  0.0259673  2.90479
2508.62  0.0269831  2.85492
2519.38  0.0280786  2.80495
2530.15  0.0292632  2.75487
2540.92  0.0305473  2.70467
2551.68  0.0319437  2.65433
2562.45  0.0334668  2.60384
2573.22  0.0351343  2.55315
2583.98  0.0369671  2.50224
2594.75  0.0389904  2.45105
2605.52  0.0412353  2.39954
2616.28  0.04374  2.34759
2627.05  0.0465527  2.29508
2637.82  0.0497343  2.2418
2648.58  0.0533629  2.18742
2659.35  0.0575384  2.1314
2670.12  0.0623854  2.07284
2680.88  0.0680425  2.01025
2691.65  0.0746099  1.94144
2702.42  0.0820083  1.86444
2713.18  0.0898623  1.78119
2723.95  0.0980081  1.70094
2734.72  0.107471  1.63164
2745.48  0.120031  1.5693
2756.25  0.137346  1.50467
2767.02  0.161409  1.43041
2777.78  0.195658  1.33972
2788.55  0.246714  1.22182
2799.32  0.327919  1.05341
2810.08  0.4644  0.777087
2820.85  0.65834  0.263855
2831.62  0.679577  -0.482854
2842.38  0.496174  -1.02366
2853.15  0.356942  -1.31613
2863.92  0.273384  -1.49431
2874.68  0.220799  -1.62056
2885.45  0.185361  -1.7202
2896.22  0.160086  -1.80469
2906.98  0.141244  -1.87981
2917.75  0.126704  -1.94877
2928.52  0.115175  -2.01348
2939.28  0.10583  -2.07513
2950.05  0.098118  -2.13452
2960.82  0.0916583  -2.1922
2971.58  0.0861803  -2.24853
2982.35  0.0814858  -2.30381
2993.12  0.077427  -2.35824
3003.88  0.0738913  -2.41198
3014.65  0.0707914  -2.46514
3025.42  0.0680588  -2.51783
3036.18  0.0656388  -2.57011
3046.95  0.0634874  -2.62206
3057.71  0.0615687  -2.67371
3068.48  0.0598533  -2.72511
3079.25  0.0583167  -2.77629
3090.01  0.0569386  -2.82728
3100.78  0.0557018  -2.87811
3111.55  0.0545917  -2.92879
3122.31  0.053596  -2.97934
3133.08  0.0527042  -3.02978
3143.85  0.0519072  -3.08012
3154.61  0.0511972  -3.13038
3165.38  0.0505676  3.10264
3176.15  0.0500126  3.05254
3186.91  0.049527  3.0025
3197.68  0.0491066  2.95251
3208.45  0.0487476  2.90258
3219.21  0.0484467  2.85269
3229.98  0.0482012  2.80284
3240.75  0.0480087  2.75302
3251.51  0.047867  2.70324
3262.28  0.0477746  2.65348
3273.05  0.04773  2.60374
3283.81  0.0477321  2.55402
3294.58  0.0477799  2.50432
3305.35  0.0478729  2.45463
3316.11  0.0480105  2.40496
3326.88  0.0481926  2.35529
3337.65  0.0484191  2.30562
3348.41  0.0486903  2.25596
3359.18  0.0490064  2.2063
3369.95  0.0493682  2.15664
3380.71  0.0497763  2.10697
3391.48  0.0502316  2.0573
3402.25  0.0507355  2.00762
3413.01  0.0512893  1.95793
3423.78  0.0518946  1.90822
3434.55  0.0525532  1.8585
3445.31  0.0532672  1.80876
3456.08  0.0540391  1.75899
3466.85  0.0548715  1.70921
3477.61  0.0557673  1.6594
3488.38  0.05673  1.60955
3499.15  0.0577631  1.55968
3509.91  0.0588708  1.50977
3520.68  0.0600576  1.45982
3531.45  0.0613287  1.40982
3542.21  0.0626897  1.35978
3552.98  0.0641468  1.30969
3563.75  0.065707  1.25954
3574.51  0.0673782  1.20932
3585.28  0.0691691  1.15904
3596.04  0.0710893  1.10868
3606.81  0.0731499  1.05825
3617.58  0.0753631  1.00772
3628.34  0.0777428  0.957086
3639.11  0.0803047  0.906348
3649.88  0.0830666  0.855489
3660.64  0.0860488  0.804497
3671.41  0.0892744  0.753357
3682.18  0.0927701  0.702052
3692.94  0.0965664  0.650564
3703.71  0.100699  0.59887
3714.48  0.105209  0.546945
3725.24  0.110146  0.494758
3736.01  0.115565  0.442275
3746.78  0.121536  0.389454
3757.54  0.128139  0.336246
3768.31  0.135472  0.28259
3779.08  0.143653  0.228413
3789.84  0.152829  0.173626
3800.61  0.16318  0.118119
3811.38  0.174932  0.0617514
3822.14  0.188375  0.00434615
3832.91  0.203881  -0.0543266
3843.68  0.221938  -0.114569
3854.44  0.2432  -0.176788
3865.21  0.268559  -0.241541
3875.98  0.299264  -0.309616
3886.74  0.337109  -0.382156
3897.51  0.384763  -0.460889
3908.28  0.446331  -0.548533
3919.04  0.528377  -0.649589
3929.81  0.641785  -0.771976
3940.58  0.804798  -0.930559
3951.34  1.04487  -1.15468
3962.11  1.37433  -1.49889
3972.88  1.6449  -2.01191
3983.64  1.54029  -2.57274
3994.41  1.22152  -2.98448
4005.18  0.953132  3.03404
4015.94  0.767311  2.85387
4026.71  0.639035  2.71964
4037.48  0.547388  2.61193
4048.24  0.479463  2.5207
4059.01  0.427518  2.44051
4069.78  0.386821  2.36822
4080.54  0.354421  2.3018
4091.31  0.328406  2.23953
4102.08  0.307374  2.17951
4112.84  0.290076  2.12001
4123.61  0.275422  2.06031
4134.38  0.262675  2.00071
4145.14  0.251441  1.94176
4155.91  0.241509  1.88375
4166.67  0.232733  1.82674
4177.44  0.224985  1.77065
4188.21  0.21815  1.71535
4198.97  0.212124  1.66073
4209.74  0.206816  1.60667
4220.51  0.202149  1.55308
4231.27  0.198056  1.4999
4242.04  0.19448  1.44707
4252.81  0.191374  1.39452
4263.57  0.188695  1.34223
4274.34  0.186411  1.29016
4285.11  0.184493  1.23828
4295.87  0.182915  1.18656
4306.64  0.181659  1.13498
4317.41  0.180706  1.08353
4328.17  0.180044  1.03219
4338.94  0.179661  0.980936
4349.71  0.17955  0.929764
4360.47  0.179702  0.878659
4371.24  0.180116  0.827612
4382.01  0.180787  0.776613
4392.77  0.181716  0.725652
4403.54  0.182905  0.67472
4414.31  0.184356  0.62381
4425.07  0.186076  0.572914
4435.84  0.188069  0.522023
4446.61  0.190347  0.47113
4457.37  0.19292  0.420228
4468.14  0.1958  0.369309
4478.91  0.199003  0.318365
4489.67  0.202549  0.267388
4500.44  0.206457  0.21637
4511.21  0.210752  0.165302
4521.97  0.215461  0.114175
4532.74  0.220618  0.0629783
4543.51  0.226258  0.011701
4554.27  0.232424  -0.0396689
4565.04  0.239164  -0.0911447
4575.81  0.246535  -0.142741
4586.57  0.2546  -0.194475
4597.34  0.263435  -0.246365
4608.11  0.273126  -0.298433
4618.87  0.283776  -0.350703
4629.64  0.295504  -0.403205
4640.41  0.308451  -0.455971
4651.17  0.322785  -0.509041
4661.94  0.338708  -0.562463
4672.71  0.356462  -0.616292
4683.47  0.376341  -0.670596
4694.24  0.39871  -0.72546
4705  0.424019  -0.780985
4715.77  0.452833  -0.837303
4726.54  0.485872  -0.894578
4737.3  0.524067  -0.953023
4748.07  0.568641  -1.01292
4758.84  0.621227  -1.07464
4769.6  0.684064  -1.13871
4780.37  0.760286  -1.20584
4791.14  0.854419  -1.27712
4801.9  0.973207  -1.35412
4812.67  1.1271  -1.4394
4823.44  1.33298  -1.53714
4834.2  1.61937  -1.65481
4844.97  2.03588  -1.80666
4855.74  2.66449  -2.02178
4866.5  3.57606  -2.35888
4877.27  4.4184  -2.88656
4888.04  4.16225  2.79634
4898.8  3.23838  2.3631
4909.57  2.487  2.09373
4920.34  1.98359  1.91376
4931.1  1.6436  1.7805
4941.87  1.40429  1.67339
4952.64  1.22886  1.58207
4963.4  1.09578  1.50089
4974.17  0.99199  1.4266
4984.94  0.9092  1.35715
4995.7  0.841956  1.29124
5006.47  0.786535  1.22799
5017.24  0.740319  1.16678
5028  0.701419  1.10715
5038.77  0.668439  1.04879
5049.54  0.640331  0.991446
5060.3  0.616293  0.934924
5071.07  0.595704  0.879077
5081.84  0.578078  0.823785
5092.6  0.563028  0.768951
5103.37  0.550248  0.714496
5114.14  0.539495  0.660352
5124.9  0.530571  0.606463
5135.67  0.523321  0.55278
5146.44  0.517623  0.49926
5157.2  0.513383  0.445864
5167.97  0.51053  0.392556
5178.74  0.509015  0.339305
5189.5  0.508808  0.286078
5200.27  0.5099  0.232846
5211.04  0.512297  0.179577
5221.8  0.516025  0.126241
5232.57  0.521127  0.0728054
5243.33  0.527668  0.019236
5254.1  0.535736  -0.0345047
5264.87  0.545443  -0.0884582
5275.63  0.556931  -0.142671
5286.4  0.570378  -0.197197
5297.17  0.586004  -0.252097
5307.93  0.604083  -0.307446
5318.7  0.624955  -0.363332
5329.47  0.649043  -0.419861
5340.23  0.676878  -0.477164
5351  0.709136  -0.535407
5361.77  0.746679  -0.5948
5372.53  0.790631  -0.655612
5383.3  0.842472  -0.718201
5394.07  0.904189  -0.783047
5404.83  0.978506  -0.850812
5415.6  1.06924  -0.922435
5426.37  1.1819  -0.999285
5437.13  1.32463  -1.08344
5447.9  1.50993  -1.17819
5458.67  1.75748  -1.28901
5469.43  2.09876  -1.42549
5480.2  2.58184  -1.60541
5490.97  3.25757  -1.86186
5501.73  4.04674  -2.24497
5512.5  4.39478  -2.75978
5523.27  3.84873  3.02615
5534.03  3.02514  2.66987
5544.8  2.3707  2.43096
5555.57  1.90972  2.26101
5566.33  1.58385  2.13036
5577.1  1.34638  2.02318
5587.87  1.16762  1.93086
5598.63  1.0291  1.84843
5609.4  0.919082  1.77288
5620.17  0.829882  1.70229
5630.93  0.756288  1.63539
5641.7  0.694667  1.5713
5652.47  0.642418  1.5094
5663.23  0.597633  1.44924
5674  0.558885  1.39048
5684.77  0.525088  1.33286
5695.53  0.495396  1.27618
5706.3  0.469149  1.2203
5717.07  0.445819  1.16509
5727.83  0.42498  1.11045
5738.6  0.406287  1.05629
5749.37  0.389455  1.00256
5760.13  0.374248  0.949187
5770.9  0.360469  0.896135
5781.67  0.347954  0.843363
5792.43  0.336561  0.790837
5803.2  0.326171  0.738528
5813.96  0.316681  0.686412
5824.73  0.308003  0.634466
5835.5  0.300062  0.582672
5846.26  0.292792  0.531013
5857.03  0.286134  0.479474
5867.8  0.280038  0.428043
5878.56  0.274462  0.376708
5889.33  0.269365  0.325458
5900.1  0.264715  0.274283
5910.86  0.260482  0.223175
5921.63  0.256639  0.172126
5932.4  0.253164  0.121129
5943.16  0.250037  0.0701758
5953.93  0.247239  0.0192612
5964.7  0.244757  -0.0316212
5975.46  0.242576  -0.0824771
5986.23  0.240686  -0.133312
5997  0.239076  -0.184131
6007.76  0.23774  -0.234939
6018.53  0.23667  -0.285742
6029.3  0.235861  -0.336544
6040.06  0.235312  -0.38735
6050.83  0.235018  -0.438164
6061.6  0.234979  -0.488993
6072.36  0.235197  -0.539841
6083.13  0.235672  -0.590713
6093.9  0.236409  -0.641614
6104.66  0.237411  -0.69255
6115.43  0.238686  -0.743527
6126.2  0.240241  -0.794551
6136.96  0.242086  -0.845629
6147.73  0.244233  -0.896768
6158.5  0.246694  -0.947975
6169.26  0.249486  -0.999259
6180.03  0.252628  -1.05063
6190.8  0.256139  -1.1021
6201.56  0.260046  -1.15367
6212.33  0.264375  -1.20536
6223.1  0.269159  -1.25719
6233.86  0.274436  -1.30917
6244.63  0.280248  -1.36132
6255.4  0.286645  -1.41366
6266.16  0.293684  -1.46623
6276.93  0.301431  -1.51905
6287.7  0.309965  -1.57218
6298.46  0.31937  -1.62568
6309.23  0.329742  -1.67964
6320  0.341173  -1.73415
6330.76  0.353744  -1.78923
6341.53  0.36757  -1.84471
6352.29  0.382901  -1.90038
6363.06  0.400107  -1.95634
6373.83  0.419554  -2.01292
6384.59  0.441607  -2.07042
6395.36  0.466709  -2.12907
6406.13  0.495434  -2.1891
6416.89  0.528534  -2.25078
6427.66  0.566993  -2.31448
6438.43  0.612116  -2.38068
6449.19  0.665664  -2.45007
6459.96  0.730054  -2.52358
6470.73  0.808676  -2.60258
6481.49  0.906393  -2.68907
6492.26  1.03033  -2.78613
6503.03  1.19107  -2.89862
6513.79  1.40414  -3.0346
6524.56  1.69039  3.07548
6535.33  2.06671  2.84259
6546.09  2.49681  2.51926
6556.86  2.77997  2.09628
6567.63  2.65876  1.64684
6578.39  2.25409  1.27571
6589.16  1.83969  1.0056
6599.93  1.51227  0.808815
6610.69  1.26812  0.658113
6621.46  1.08549  0.53618
6632.23  0.946148  0.432812
6642.99  0.837376  0.341915
6653.76  0.750631  0.259719
6664.53  0.680127  0.183799
6675.29  0.621869  0.112539
6686.06  0.57304  0.0448233
6696.83  0.531607  -0.020138
6707.59  0.496073  -0.0829196
6718.36  0.465314  -0.143949
6729.13  0.43847  -0.20355
6739.89  0.414878  -0.261973
6750.66  0.394012  -0.319413
6761.43  0.375456  -0.376027
6772.19  0.358873  -0.431937
6782.96  0.34399  -0.487248
6793.73  0.330581  -0.542042
6804.49  0.318462  -0.596388
6815.26  0.307475  -0.650345
6826.03  0.297489  -0.703961
6836.79  0.288395  -0.757278
6847.56  0.280097  -0.810331
6858.33  0.272514  -0.863152
6869.09  0.265578  -0.915767
6879.86  0.259227  -0.968198
6890.63  0.25341  -1.02047
6901.39  0.24808  -1.07259
6912.16  0.243199  -1.12459
6922.92  0.238732  -1.17647
6933.69  0.234647  -1.22825
6944.46  0.230919  -1.27994
6955.22  0.227524  -1.33155
6965.99  0.22444  -1.38309
6976.76  0.221649  -1.43457
6987.52  0.219137  -1.486
6998.29  0.216887  -1.53738
7009.06  0.214888  -1.58872
7019.82  0.21313  -1.64003
7030.59  0.211602  -1.69132
7041.36  0.210298  -1.74259
7052.12  0.209209  -1.79384
7062.89  0.208331  -1.84508
7073.66  0.207659  -1.89633
7084.42  0.20719  -1.94758
7095.19  0.20692  -1.99883
7105.96  0.206849  -2.0501
7116.72  0.206976  -2.10139
7127.49  0.207302  -2.1527
7138.26  0.207826  -2.20404
7149.02  0.208552  -2.25542
7159.79  0.209483  -2.30685
7170.56  0.210622  -2.35831
7181.32  0.211975  -2.40984
7192.09  0.213549  -2.46142
7202.86  0.21535  -2.51308
7213.62  0.217387  -2.56481
7224.39  0.21967  -2.61662
7235.16  0.222211  -2.66853
7245.92  0.225023  -2.72054
7256.69  0.228121  -2.77267
7267.46  0.231522  -2.82491
7278.22  0.235246  -2.8773
7288.99  0.239313  -2.92984
7299.76  0.243749  -2.98254
7310.52  0.248581  -3.03543
7321.29  0.253842  -3.08852
7332.06  0.259567  3.14136
7342.82  0.265798  3.0878
7353.59  0.272581  3.03396
7364.36  0.279971  2.97983
7375.12  0.288028  2.92535
7385.89  0.296824  2.87049
7396.66  0.306441  2.81521
7407.42  0.316975  2.75945
7418.19  0.328538  2.70314
7428.96  0.341261  2.64622
7439.72  0.355299  2.58859
7450.49  0.370838  2.53016
7461.25  0.388096  2.47079
7472.02  0.407342  2.41034
7482.79  0.428897  2.34862
7493.55  0.453159  2.28541
7504.32  0.480615  2.22041
7515.09  0.511875  2.15326
7525.85  0.547705  2.08352
7536.62  0.58908  2.01058
7547.39  0.637246  1.93366
7558.15  0.693811  1.8517
7568.92  0.760857  1.76329
7579.69  0.841067  1.66647
7590.45  0.937823  1.55848
7601.22  1.05514  1.43545
7611.99  1.19706  1.29194
7622.75  1.36539  1.12063
7633.52  1.55403  0.912795
7644.29  1.73805  0.661453
7655.05  1.86587  0.36933
7665.82  1.88151  0.0574276
7676.59  1.7777  -0.240956
7687.35  1.60416  -0.501175
7698.12  1.41655  -0.717327
7708.89  1.24524  -0.895246
7719.65  1.09941  -1.0437
7730.42  0.978428  -1.17037
7741.19  0.878589  -1.28105
7751.95  0.795885  -1.37991
7762.72  0.726847  -1.46988
7773.49  0.668698  -1.55307
7784.25  0.619269  -1.63098
7795.02  0.576884  -1.70473
7805.79  0.540243  -1.77514
7816.55  0.50833  -1.84286
7827.32  0.48035  -1.90836
7838.09  0.455667  -1.97202
7848.85  0.433775  -2.03413
7859.62  0.414264  -2.09494
7870.39  0.3968  -2.15465
7881.15  0.381106  -2.2134
7891.92  0.366956  -2.27132
7902.69  0.35416  -2.32853
7913.45  0.342557  -2.38511
7924.22  0.332012  -2.44115
7934.99  0.322412  -2.4967
7945.75  0.313657  -2.55183
7956.52  0.305663  -2.60657
7967.29  0.298358  -2.66098
7978.05  0.291678  -2.71509
7988.82  0.28557  -2.76892
7999.58  0.279984  -2.82251
8010.35  0.27488  -2.87589
8021.12  0.270221  -2.92907
8031.88  0.265974  -2.98207
8042.65  0.262111  -3.03492
8053.42  0.258608  -3.08763
8064.18  0.255442  -3.14021
8074.95  0.252594  3.09051
8085.72  0.250046  3.03814
8096.48  0.247784  2.98586
8107.25  0.245794  2.93366
8118.02  0.244064  2.88152
8128.78  0.242584  2.82944
8139.55  0.241344  2.77741
8150.32  0.240338  2.72543
8161.08  0.239557  2.67348
8171.85  0.238997  2.62156
8182.62  0.238652  2.56968
8193.38  0.238521  2.51783
8204.15  0.2386  2.46601
8214.92  0.238889  2.41422
8225.68  0.23939  2.36246
8236.45  0.240104  2.31074
8247.22  0.241036  2.25904
8257.98  0.242189  2.20736
8268.75  0.243569  2.15569
8279.52  0.245181  2.10402
8290.28  0.247032  2.05235
8301.05  0.249129  2.00066
8311.82  0.251481  1.94895
8322.58  0.254096  1.8972
8333.35  0.256985  1.84541
8344.12  0.26016  1.79357
8354.88  0.263635  1.74167
8365.65  0.267425  1.6897
8376.42  0.271548  1.63766
8387.18  0.276022  1.58553
8397.95  0.28087  1.53331
8408.72  0.286117  1.48099
8419.48  0.29179  1.42855
8430.25  0.297921  1.37599
8441.02  0.304544  1.32328
8451.78  0.3117  1.27043
8462.55  0.319432  1.21741
8473.32  0.327792  1.1642
8484.08  0.336838  1.11079
8494.85  0.346634  1.05715
8505.62  0.357256  1.00326
8516.38  0.368789  0.949082
8527.15  0.381332  0.894596
8537.92  0.394998  0.839759
8548.68  0.409921  0.784527
8559.45  0.426255  0.72885
8570.21  0.444181  0.672668
8580.98  0.463912  0.615911
8591.75  0.485704  0.558496
8602.51  0.509859  0.500323
8613.28  0.536746  0.441271
8624.05  0.566808  0.381194
8634.81  0.600593  0.319909
8645.58  0.638777  0.257193
8656.35  0.682206  0.19276
8667.11  0.731949  0.126248
8677.88  0.789377  0.0571861
8688.65  0.856264  -0.0150435
8699.41  0.93494  -0.0912701
8710.18  1.0285  -0.172626
8720.95  1.14111  -0.26069
8731.71  1.27837  -0.357713
8742.48  1.4478  -0.466971
8753.25  1.65914  -0.593313
8764.01  1.92353  -0.743953
8774.78  2.24883  -0.929293
8785.55  2.62384  -1.16255
8796.31  2.98356  -1.4541
8807.08  3.18722  -1.7955
8817.85  3.11682  -2.1466
8828.61  2.82677  -2.45935
8839.38  2.4669  -2.71365
8850.15  2.13361  -2.91528
8860.91  1.85587  -3.07754
8871.68  1.63204  3.0711
8882.45  1.45244  2.95597
8893.21  1.30728  2.85462
8903.98  1.18865  2.76327
8914.75  1.09051  2.67933
8925.51  1.00838  2.60101
8936.28  0.938902  2.52703
8947.05  0.879563  2.45647
8957.81  0.828448  2.38863
8968.58  0.784083  2.32299
8979.35  0.745322  2.25916
8990.11  0.711261  2.19682
9000.88  0.68118  2.13573
9011.65  0.6545  2.07569
9022.41  0.63075  2.01654
9033.18  0.609543  1.95816
9043.95  0.590561  1.90043
9054.71  0.57354  1.84328
9065.48  0.558256  1.78661
9076.25  0.544523  1.73039
9087.01  0.532185  1.67454
9097.78  0.521106  1.61904
9108.54  0.511176  1.56384
9119.31  0.5023  1.50892
9130.08  0.494402  1.45425
9140.84  0.487417  1.3998
9151.61  0.481293  1.34552
9162.38  0.475985  1.29138
9173.14  0.471446  1.2373
9183.91  0.467629  1.18323
9194.68  0.46448  1.12913
9205.44  0.461952  1.07498
9216.21  0.460009  1.02079
9226.98  0.458626  0.96658
9237.74  0.457789  0.912349
9248.51  0.45749  0.858105
9259.28  0.457728  0.803843
9270.04  0.458502  0.749555
9280.81  0.459815  0.69523
9291.58  0.461673  0.640853
9302.34  0.464083  0.586409
9313.11  0.467056  0.531881
9323.88  0.470604  0.477253
9334.64  0.474746  0.422507
9345.41  0.4795  0.367626
9356.18  0.484891  0.31259
9366.94  0.490946  0.257379
9377.71  0.497698  0.201971
9388.48  0.505184  0.146344
9399.24  0.513447  0.090471
9410.01  0.522535  0.0343262
9420.78  0.532504  -0.0221208
9431.54  0.543418  -0.0789031
9442.31  0.555349  -0.136058
9453.08  0.568379  -0.193625
9463.84  0.582602  -0.251651
9474.61  0.598123  -0.310188
9485.38  0.615066  -0.369293
9496.14  0.633568  -0.429035
9506.91  0.653789  -0.489488
9517.68  0.675913  -0.550741
9528.44  0.700151  -0.612894
9539.21  0.726747  -0.676066
9549.98  0.755984  -0.740394
9560.74  0.788189  -0.806039
9571.51  0.823744  -0.873193
9582.28  0.863095  -0.942082
9593.04  0.90676  -1.01298
9603.81  0.955345  -1.0862
9614.58  1.00955  -1.16216
9625.34  1.0702  -1.24132
9636.11  1.13822  -1.32427
9646.88  1.21465  -1.41172
9657.64  1.30063  -1.50456
9668.41  1.3973  -1.60385
9679.17  1.50565  -1.71088
9689.94  1.62625  -1.82719
9700.71  1.7587  -1.9545
9711.47  1.90077  -2.09465
9722.24  2.04727  -2.24928
9733.01  2.18882  -2.41935
9743.77  2.31144  -2.60435
9754.54  2.39839  -2.80156
9765.31  2.43509  -3.00575
9776.07  2.41529  3.07321
9786.84  2.34408  2.87589
9797.61  2.23525  2.69072
9808.37  2.10522  2.52044
9819.14  1.96808  2.36557
9829.91  1.83351  2.22517
9840.67  1.70706  2.0976
9851.44  1.59129  1.98101
9862.21  1.48686  1.87368
9872.97  1.39345  1.77408
9883.74  1.3102  1.6809
9894.51  1.23612  1.59309
9905.27  1.17015  1.50976
9916.04  1.11133  1.4302
9926.81  1.05879  1.35381
9937.57  1.01175  1.28013
9948.34  0.969534  1.20875
9959.11  0.931572  1.13934
9969.87  0.897362  1.07164
9980.64  0.866476  1.00542
9991.41  1e-17  0
10002.2  1e-17  0
10012.9  1e-17  0
10023.7  1e-17  0
10034.5  1e-17  0
10045.2  1e-17  0
10056  1e-17  0
10066.8  1e-17  0
10077.5  1e-17  0
10088.3  1e-17  0
10099.1  1e-17  0
10109.8  1e-17  0
10120.6  1e-17  0
10131.4  1e-17  0
10142.1  1e-17  0
10152.9  1e-17  0
10163.7  1e-17  0
10174.4  1e-17  0
10185.2  1e-17  0
10196  1e-17  0
10206.7  1e-17  0
10217.5  1e-17  0
10228.3  1e-17  0
10239  1e-17  0
10249.8  1e-17  0
10260.6  1e-17  0
10271.3  1e-17  0
10282.1  1e-17  0
10292.9  1e-17  0
10303.6  1e-17  0
10314.4  1e-17  0
10325.2  1e-17  0
10335.9  1e-17  0
10346.7  1e-17  0
10357.5  1e-17  0
10368.2  1e-17  0
10379  1e-17  0
10389.8  1e-17  0
10400.5  1e-17  0
10411.3  1e-17  0
10422.1  1e-17  0
10432.8  1e-17  0
10443.6  1e-17  0
10454.4  1e-17  0
10465.1  1e-17  0
10475.9  1e-17  0
10486.7  1e-17  0
10497.4  1e-17  0
10508.2  1e-17  0
10519  1e-17  0
10529.7  1e-17  0
10540.5  1e-17  0
10551.3  1e-17  0
10562  1e-17  0
10572.8  1e-17  0
10583.6  1e-17  0
10594.3  1e-17  0
10605.1  1e-17  0
10615.9  1e-17  0
10626.6  1e-17  0
10637.4  1e-17  0
10648.2  1e-17  0
10658.9  1e-17  0
10669.7  1e-17  0
10680.5  1e-17  0
10691.2  1e-17  0
10702  1e-17  0
10712.8  1e-17  0
10723.5  1e-17  0
10734.3  1e-17  0
10745.1  1e-17  0
10755.8  1e-17  0
10766.6  1e-17  0
10777.4  1e-17  0
10788.1  1e-17  0
10798.9  1e-17  0
10809.7  1e-17  0
10820.4  1e-17  0
10831.2  1e-17  0
10842  1e-17  0
10852.7  1e-17  0
10863.5  1e-17  0
10874.3  1e-17  0
10885  1e-17  0
10895.8  1e-17  0
10906.6  1e-17  0
10917.3  1e-17  0
10928.1  1e-17  0
10938.9  1e-17  0
10949.6  1e-17  0
10960.4  1e-17  0
10971.2  1e-17  0
10981.9  1e-17  0
10992.7  1e-17  0
11003.5  1e-17  0
11014.2  1e-17  0
11025  1e-17  0
11035.8  1e-17  0
11046.5  1e-17  0
11057.3  1e-17  0
11068.1  1e-17  0
11078.8  1e-17  0
11089.6  1e-17  0
11100.4  1e-17  0
11111.1  1e-17  0
11121.9  1e-17  0
11132.7  1e-17  0
11143.4  1e-17  0
11154.2  1e-17  0
11165  1e-17  0
11175.7  1e-17  0
11186.5  1e-17  0
11197.3  1e-17  0
11208  1e-17  0
11218.8  1e-17  0
11229.6  1e-17  0
11240.3  1e-17  0
11251.1  1e-17  0
11261.9  1e-17  0
11272.6  1e-17  0
11283.4  1e-17  0
11294.2  1e-17  0
11304.9  1e-17  0
11315.7  1e-17  0
11326.5  1e-17  0
11337.2  1e-17  0
11348  1e-17  0
11358.8  1e-17  0
11369.5  1e-17  0
11380.3  1e-17  0
11391.1  1e-17  0
11401.8  1e-17  0
11412.6  1e-17  0
11423.4  1e-17  0
11434.1  1e-17  0
11444.9  1e-17  0
11455.7  1e-17  0
11466.4  1e-17  0
11477.2  1e-17  0
11488  1e-17  0
11498.7  1e-17  0
11509.5  1e-17  0
11520.3  1e-17  0
11531  1e-17  0
11541.8  1e-17  0
11552.6  1e-17  0
11563.3  1e-17  0
11574.1  1e-17  0
11584.9  1e-17  0
11595.6  1e-17  0
11606.4  1e-17  0
11617.2  1e-17  0
11627.9  1e-17  0
11638.7  1e-17  0
11649.5  1e-17  0
11660.2  1e-17  0
11671  1e-17  0
11681.8  1e-17  0
11692.5  1e-17  0
11703.3  1e-17  0
11714.1  1e-17  0
11724.8  1e-17  0
11735.6  1e-17  0
11746.4  1e-17  0
11757.1  1e-17  0
11767.9  1e-17  0
11778.7  1e-17  0
11789.4  1e-17  0
11800.2  1e-17  0
11811  1e-17  0
11821.7  1e-17  0
11832.5  1e-17  0
11843.3  1e-17  0
11854  1e-17  0
11864.8  1e-17  0
11875.6  1e-17  0
11886.3  1e-17  0
11897.1  1e-17  0
11907.9  1e-17  0
11918.6  1e-17  0
11929.4  1e-17  0
11940.2  1e-17  0
11950.9  1e-17  0
11961.7  1e-17  0
11972.5  1e-17  0
11983.2  1e-17  0
11994  1e-17  0
12004.8  1e-17  0
12015.5  1e-17  0
12026.3  1e-17  0
12037.1  1e-17  0
12047.8  1e-17  0
12058.6  1e-17  0
12069.4  1e-17  0
12080.1  1e-17  0
12090.9  1e-17  0
12101.7  1e-17  0
12112.4  1e-17  0
12123.2  1e-17  0
12134  1e-17  0
12144.7  1e-17  0
12155.5  1e-17  0
12166.3  1e-17  0
12177  1e-17  0
12187.8  1e-17  0
12198.6  1e-17  0
12209.3  1e-17  0
12220.1  1e-17  0
12230.9  1e-17  0
12241.6  1e-17  0
12252.4  1e-17  0
12263.2  1e-17  0
12273.9  1e-17  0
12284.7  1e-17  0
12295.5  1e-17  0
12306.2  1e-17  0
12317  1e-17  0
12327.8  1e-17  0
12338.5  1e-17  0
12349.3  1e-17  0
12360.1  1e-17  0
12370.8  1e-17  0
12381.6  1e-17  0
12392.4  1e-17  0
12403.1  1e-17  0
12413.9  1e-17  0
12424.7  1e-17  0
12435.4  1e-17  0
12446.2  1e-17  0
12457  1e-17  0
12467.7  1e-17  0
12478.5  1e-17  0
12489.3  1e-17  0
12500  1e-17  0
12510.8  1e-17  0
12521.6  1e-17  0
12532.3  1e-17  0
12543.1  1e-17  0
12553.9  1e-17  0
12564.6  1e-17  0
12575.4  1e-17  0
12586.2  1e-17  0
12596.9  1e-17  0
12607.7  1e-17  0
12618.5  1e-17  0
12629.2  1e-17  0
12640  1e-17  0
12650.8  1e-17  0
12661.5  1e-17  0
12672.3  1e-17  0
12683.1  1e-17  0
12693.8  1e-17  0
12704.6  1e-17  0
12715.4  1e-17  0
12726.1  1e-17  0
12736.9  1e-17  0
12747.7  1e-17  0
12758.4  1e-17  0
12769.2  1e-17  0
12780  1e-17  0
12790.7  1e-17  0
12801.5  1e-17  0
12812.3  1e-17  0
12823  1e-17  0
12833.8  1e-17  0
12844.6  1e-17  0
12855.3  1e-17  0
12866.1  1e-17  0
12876.9  1e-17  0
12887.6  1e-17  0
12898.4  1e-17  0
12909.2  1e-17  0
12919.9  1e-17  0
12930.7  1e-17  0
12941.5  1e-17  0
12952.2  1e-17  0
12963  1e-17  0
12973.8  1e-17  0
12984.5  1e-17  0
12995.3  1e-17  0
13006.1  1e-17  0
13016.8  1e-17  0
13027.6  1e-17  0
13038.4  1e-17  0
13049.1  1e-17  0
13059.9  1e-17  0
13070.7  1e-17  0
13081.4  1e-17  0
13092.2  1e-17  0
13103  1e-17  0
13113.7  1e-17  0
13124.5  1e-17  0
13135.3  1e-17  0
13146  1e-17  0
13156.8  1e-17  0
13167.6  1e-17  0
13178.3  1e-17  0
13189.1  1e-17  0
13199.9  1e-17  0
13210.6  1e-17  0
13221.4  1e-17  0
13232.2  1e-17  0
13242.9  1e-17  0
13253.7  1e-17  0
13264.5  1e-17  0
13275.2  1e-17  0
13286  1e-17  0
13296.8  1e-17  0
13307.5  1e-17  0
13318.3  1e-17  0
13329.1  1e-17  0
13339.8  1e-17  0
13350.6  1e-17  0
13361.4  1e-17  0
13372.1  1e-17  0
13382.9  1e-17  0
13393.7  1e-17  0
13404.4  1e-17  0
13415.2  1e-17  0
13426  1e-17  0
13436.7  1e-17  0
13447.5  1e-17  0
13458.3  1e-17  0
13469  1e-17  0
13479.8  1e-17  0
13490.6  1e-17  0
13501.3  1e-17  0
13512.1  1e-17  0
13522.9  1e-17  0
13533.6  1e-17  0
13544.4  1e-17  0
13555.2  1e-17  0
13565.9  1e-17  0
13576.7  1e-17  0
13587.5  1e-17  0
13598.2  1e-17  0
13609  1e-17  0
13619.8  1e-17  0
13630.5  1e-17  0
13641.3  1e-17  0
13652.1  1e-17  0
13662.8  1e-17  0
13673.6  1e-17  0
13684.4  1e-17  0
13695.1  1e-17  0
13705.9  1e-17  0
13716.7  1e-17  0
13727.4  1e-17  0
13738.2  1e-17  0
13749  1e-17  0
13759.7  1e-17  0
13770.5  1e-17  0
13781.3  1e-17  0
13792  1e-17  0
13802.8  1e-17  0
13813.5  1e-17  0
13824.3  1e-17  0
13835.1  1e-17  0
13845.8  1e-17  0
13856.6  1e-17  0
13867.4  1e-17  0
13878.1  1e-17  0
13888.9  1e-17  0
13899.7  1e-17  0
13910.4  1e-17  0
13921.2  1e-17  0
13932  1e-17  0
13942.7  1e-17  0
13953.5  1e-17  0
13964.3  1e-17  0
13975  1e-17  0
13985.8  1e-17  0
13996.6  1e-17  0
14007.3  1e-17  0
14018.1  1e-17  0
14028.9  1e-17  0
14039.6  1e-17  0
14050.4  1e-17  0
14061.2  1e-17  0
14071.9  1e-17  0
14082.7  1e-17  0
14093.5  1e-17  0
14104.2  1e-17  0
14115  1e-17  0
14125.8  1e-17  0
14136.5  1e-17  0
14147.3  1e-17  0
14158.1  1e-17  0
14168.8  1e-17  0
14179.6  1e-17  0
14190.4  1e-17  0
14201.1  1e-17  0
14211.9  1e-17  0
14222.7  1e-17  0
14233.4  1e-17  0
14244.2  1e-17  0
14255  1e-17  0
14265.7  1e-17  0
14276.5  1e-17  0
14287.3  1e-17  0
14298  1e-17  0
14308.8  1e-17  0
14319.6  1e-17  0
14330.3  1e-17  0
14341.1  1e-17  0
14351.9  1e-17  0
14362.6  1e-17  0
14373.4  1e-17  0
14384.2  1e-17  0
14394.9  1e-17  0
14405.7  1e-17  0
14416.5  1e-17  0
14427.2  1e-17  0
14438  1e-17  0
14448.8  1e-17  0
14459.5  1e-17  0
14470.3  1e-17  0
14481.1  1e-17  0
14491.8  1e-17  0
14502.6  1e-17  0
14513.4  1e-17  0
14524.1  1e-17  0
14534.9  1e-17  0
14545.7  1e-17  0
14556.4  1e-17  0
14567.2  1e-17  0
14578  1e-17  0
14588.7  1e-17  0
14599.5  1e-17  0
14610.3  1e-17  0
14621  1e-17  0
14631.8  1e-17  0
14642.6  1e-17  0
14653.3  1e-17  0
14664.1  1e-17  0
14674.9  1e-17  0
14685.6  1e-17  0
14696.4  1e-17  0
14707.2  1e-17  0
14717.9  1e-17  0
14728.7  1e-17  0
14739.5  1e-17  0
14750.2  1e-17  0
14761  1e-17  0
14771.8  1e-17  0
14782.5  1e-17  0
14793.3  1e-17  0
14804.1  1e-17  0
14814.8  1e-17  0
14825.6  1e-17  0
14836.4  1e-17  0
14847.1  1e-17  0
14857.9  1e-17  0
14868.7  1e-17  0
14879.4  1e-17  0
14890.2  1e-17  0
14901  1e-17  0
14911.7  1e-17  0
14922.5  1e-17  0
14933.3  1e-17  0
14944  1e-17  0
14954.8  1e-17  0
14965.6  1e-17  0
14976.3  1e-17  0
14987.1  1e-17  0
14997.9  1e-17  0
15008.6  1e-17  0
15019.4  1e-17  0
15030.2  1e-17  0
15040.9  1e-17  0
15051.7  1e-17  0
15062.5  1e-17  0
15073.2  1e-17  0
15084  1e-17  0
15094.8  1e-17  0
15105.5  1e-17  0
15116.3  1e-17  0
15127.1  1e-17  0
15137.8  1e-17  0
15148.6  1e-17  0
15159.4  1e-17  0
15170.1  1e-17  0
15180.9  1e-17  0
15191.7  1e-17  0
15202.4  1e-17  0
15213.2  1e-17  0
15224  1e-17  0
15234.7  1e-17  0
15245.5  1e-17  0
15256.3  1e-17  0
15267  1e-17  0
15277.8  1e-17  0
15288.6  1e-17  0
15299.3  1e-17  0
15310.1  1e-17  0
15320.9  1e-17  0
15331.6  1e-17  0
15342.4  1e-17  0
15353.2  1e-17  0
15363.9  1e-17  0
15374.7  1e-17  0
15385.5  1e-17  0
15396.2  1e-17  0
15407  1e-17  0
15417.8  1e-17  0
15428.5  1e-17  0
15439.3  1e-17  0
15450.1  1e-17  0
15460.8  1e-17  0
15471.6  1e-17  0
15482.4  1e-17  0
15493.1  1e-17  0
15503.9  1e-17  0
15514.7  1e-17  0
15525.4  1e-17  0
15536.2  1e-17  0
15547  1e-17  0
15557.7  1e-17  0
15568.5  1e-17  0
15579.3  1e-17  0
15590  1e-17  0
15600.8  1e-17  0
15611.6  1e-17  0
15622.3  1e-17  0
15633.1  1e-17  0
15643.9  1e-17  0
15654.6  1e-17  0
15665.4  1e-17  0
15676.2  1e-17  0
15686.9  1e-17  0
15697.7  1e-17  0
15708.5  1e-17  0
15719.2  1e-17  0
15730  1e-17  0
15740.8  1e-17  0
15751.5  1e-17  0
15762.3  1e-17  0
15773.1  1e-17  0
15783.8  1e-17  0
15794.6  1e-17  0
15805.4  1e-17  0
15816.1  1e-17  0
15826.9  1e-17  0
15837.7  1e-17  0
15848.4  1e-17  0
15859.2  1e-17  0
15870  1e-17  0
15880.7  1e-17  0
15891.5  1e-17  0
15902.3  1e-17  0
15913  1e-17  0
15923.8  1e-17  0
15934.6  1e-17  0
15945.3  1e-17  0
15956.1  1e-17  0
15966.9  1e-17  0
15977.6  1e-17  0
15988.4  1e-17  0
15999.2  1e-17  0
16009.9  1e-17  0
16020.7  1e-17  0
16031.5  1e-17  0
16042.2  1e-17  0
16053  1e-17  0
16063.8  1e-17  0
16074.5  1e-17  0
16085.3  1e-17  0
16096.1  1e-17  0
16106.8  1e-17  0
16117.6  1e-17  0
16128.4  1e-17  0
16139.1  1e-17  0
16149.9  1e-17  0
16160.7  1e-17  0
16171.4  1e-17  0
16182.2  1e-17  0
16193  1e-17  0
16203.7  1e-17  0
16214.5  1e-17  0
16225.3  1e-17  0
16236  1e-17  0
16246.8  1e-17  0
16257.6  1e-17  0
16268.3  1e-17  0
16279.1  1e-17  0
16289.9  1e-17  0
16300.6  1e-17  0
16311.4  1e-17  0
16322.2  1e-17  0
16332.9  1e-17  0
16343.7  1e-17  0
16354.5  1e-17  0
16365.2  1e-17  0
16376  1e-17  0
16386.8  1e-17  0
16397.5  1e-17  0
16408.3  1e-17  0
16419.1  1e-17  0
16429.8  1e-17  0
16440.6  1e-17  0
16451.4  1e-17  0
16462.1  1e-17  0
16472.9  1e-17  0
16483.7  1e-17  0
16494.4  1e-17  0
16505.2  1e-17  0
16516  1e-17  0
16526.7  1e-17  0
16537.5  1e-17  0
16548.3  1e-17  0
16559  1e-17  0
16569.8  1e-17  0
16580.6  1e-17  0
16591.3  1e-17  0
16602.1  1e-17  0
16612.9  1e-17  0
16623.6  1e-17  0
16634.4  1e-17  0
16645.2  1e-17  0
16655.9  1e-17  0
16666.7  1e-17  0
16677.5  1e-17  0
16688.2  1e-17  0
16699  1e-17  0
16709.8  1e-17  0
16720.5  1e-17  0
16731.3  1e-17  0
16742.1  1e-17  0
16752.8  1e-17  0
16763.6  1e-17  0
16774.4  1e-17  0
16785.1  1e-17  0
16795.9  1e-17  0
16806.7  1e-17  0
16817.4  1e-17  0
16828.2  1e-17  0
16839  1e-17  0
16849.7  1e-17  0
16860.5  1e-17  0
16871.3  1e-17  0
16882  1e-17  0
16892.8  1e-17  0
16903.6  1e-17  0
16914.3  1e-17  0
16925.1  1e-17  0
16935.9  1e-17  0
16946.6  1e-17  0
16957.4  1e-17  0
16968.2  1e-17  0
16978.9  1e-17  0
16989.7  1e-17  0
17000.5  1e-17  0
17011.2  1e-17  0
17022  1e-17  0
17032.8  1e-17  0
17043.5  1e-17  0
17054.3  1e-17  0
17065.1  1e-17  0
17075.8  1e-17  0
17086.6  1e-17  0
17097.4  1e-17  0
17108.1  1e-17  0
17118.9  1e-17  0
17129.7  1e-17  0
17140.4  1e-17  0
17151.2  1e-17  0
17162  1e-17  0
17172.7  1e-17  0
17183.5  1e-17  0
17194.3  1e-17  0
17205  1e-17  0
17215.8  1e-17  0
17226.6  1e-17  0
17237.3  1e-17  0
17248.1  1e-17  0
17258.9  1e-17  0
17269.6  1e-17  0
17280.4  1e-17  0
17291.2  1e-17  0
17301.9  1e-17  0
17312.7  1e-17  0
17323.5  1e-17  0
17334.2  1e-17  0
17345  1e-17  0
17355.8  1e-17  0
17366.5  1e-17  0
17377.3  1e-17  0
17388.1  1e-17  0
17398.8  1e-17  0
17409.6  1e-17  0
17420.4  1e-17  0
17431.1  1e-17  0
17441.9  1e-17  0
17452.7  1e-17  0
17463.4  1e-17  0
17474.2  1e-17  0
17485  1e-17  0
17495.7  1e-17  0
17506.5  1e-17  0
17517.3  1e-17  0
17528  1e-17  0
17538.8  1e-17  0
17549.6  1e-17  0
17560.3  1e-17  0
17571.1  1e-17  0
17581.9  1e-17  0
17592.6  1e-17  0
17603.4  1e-17  0
17614.2  1e-17  0
17624.9  1e-17  0
17635.7  1e-17  0
17646.5  1e-17  0
17657.2  1e-17  0
17668  1e-17  0
17678.8  1e-17  0
17689.5  1e-17  0
17700.3  1e-17  0
17711.1  1e-17  0
17721.8  1e-17  0
17732.6  1e-17  0
17743.4  1e-17  0
17754.1  1e-17  0
17764.9  1e-17  0
17775.7  1e-17  0
17786.4  1e-17  0
17797.2  1e-17  0
17808  1e-17  0
17818.7  1e-17  0
17829.5  1e-17  0
17840.3  1e-17  0
17851  1e-17  0
17861.8  1e-17  0
17872.6  1e-17  0
17883.3  1e-17  0
17894.1  1e-17  0
17904.9  1e-17  0
17915.6  1e-17  0
17926.4  1e-17  0
17937.2  1e-17  0
17947.9  1e-17  0
17958.7  1e-17  0
17969.5  1e-17  0
17980.2  1e-17  0
17991  1e-17  0
18001.8  1e-17  0
18012.5  1e-17  0
18023.3  1e-17  0
18034.1  1e-17  0
18044.8  1e-17  0
18055.6  1e-17  0
18066.4  1e-17  0
18077.1  1e-17  0
18087.9  1e-17  0
18098.7  1e-17  0
18109.4  1e-17  0
18120.2  1e-17  0
18131  1e-17  0
18141.7  1e-17  0
18152.5  1e-17  0
18163.3  1e-17  0
18174  1e-17  0
18184.8  1e-17  0
18195.6  1e-17  0
18206.3  1e-17  0
18217.1  1e-17  0
18227.9  1e-17  0
18238.6  1e-17  0
18249.4  1e-17  0
18260.2  1e-17  0
18270.9  1e-17  0
18281.7  1e-17  0
18292.5  1e-17  0
18303.2  1e-17  0
18314  1e-17  0
18324.8  1e-17  0
18335.5  1e-17  0
18346.3  1e-17  0
18357.1  1e-17  0
18367.8  1e-17  0
18378.6  1e-17  0
18389.4  1e-17  0
18400.1  1e-17  0
18410.9  1e-17  0
18421.7  1e-17  0
18432.4  1e-17  0
18443.2  1e-17  0
18454  1e-17  0
18464.7  1e-17  0
18475.5  1e-17  0
18486.3  1e-17  0
18497  1e-17  0
18507.8  1e-17  0
18518.6  1e-17  0
18529.3  1e-17  0
18540.1  1e-17  0
18550.9  1e-17  0
18561.6  1e-17  0
18572.4  1e-17  0
18583.2  1e-17  0
18593.9  1e-17  0
18604.7  1e-17  0
18615.5  1e-17  0
18626.2  1e-17  0
18637  1e-17  0
18647.8  1e-17  0
18658.5  1e-17  0
18669.3  1e-17  0
18680.1  1e-17  0
18690.8  1e-17  0
18701.6  1e-17  0
18712.4  1e-17  0
18723.1  1e-17  0
18733.9  1e-17  0
18744.7  1e-17  0
18755.4  1e-17  0
18766.2  1e-17  0
18777  1e-17  0
18787.7  1e-17  0
18798.5  1e-17  0
18809.3  1e-17  0
18820  1e-17  0
18830.8  1e-17  0
18841.6  1e-17  0
18852.3  1e-17  0
18863.1  1e-17  0
18873.9  1e-17  0
18884.6  1e-17  0
18895.4  1e-17  0
18906.2  1e-17  0
18916.9  1e-17  0
18927.7  1e-17  0
18938.5  1e-17  0
18949.2  1e-17  0
18960  1e-17  0
18970.8  1e-17  0
18981.5  1e-17  0
18992.3  1e-17  0
19003.1  1e-17  0
19013.8  1e-17  0
19024.6  1e-17  0
19035.4  1e-17  0
19046.1  1e-17  0
19056.9  1e-17  0
19067.7  1e-17  0
19078.4  1e-17  0
19089.2  1e-17  0
19100  1e-17  0
19110.7  1e-17  0
19121.5  1e-17  0
19132.3  1e-17  0
19143  1e-17  0
19153.8  1e-17  0
19164.6  1e-17  0
19175.3  1e-17  0
19186.1  1e-17  0
19196.9  1e-17  0
19207.6  1e-17  0
19218.4  1e-17  0
19229.2  1e-17  0
19239.9  1e-17  0
19250.7  1e-17  0
19261.5  1e-17  0
19272.2  1e-17  0
19283  1e-17  0
19293.8  1e-17  0
19304.5  1e-17  0
19315.3  1e-17  0
19326  1e-17  0
19336.8  1e-17  0
19347.6  1e-17  0
19358.3  1e-17  0
19369.1  1e-17  0
19379.9  1e-17  0
19390.6  1e-17  0
19401.4  1e-17  0
19412.2  1e-17  0
19422.9  1e-17  0
19433.7  1e-17  0
19444.5  1e-17  0
19455.2  1e-17  0
19466  1e-17  0
19476.8  1e-17  0
19487.5  1e-17  0
19498.3  1e-17  0
19509.1  1e-17  0
19519.8  1e-17  0
19530.6  1e-17  0
19541.4  1e-17  0
19552.1  1e-17  0
19562.9  1e-17  0
19573.7  1e-17  0
19584.4  1e-17  0
19595.2  1e-17  0
19606  1e-17  0
19616.7  1e-17  0
19627.5  1e-17  0
19638.3  1e-17  0
19649  1e-17  0
19659.8  1e-17  0
19670.6  1e-17  0
19681.3  1e-17  0
19692.1  1e-17  0
19702.9  1e-17  0
19713.6  1e-17  0
19724.4  1e-17  0
19735.2  1e-17  0
19745.9  1e-17  0
19756.7  1e-17  0
19767.5  1e-17  0
19778.2  1e-17  0
19789  1e-17  0
19799.8  1e-17  0
19810.5  1e-17  0
19821.3  1e-17  0
19832.1  1e-17  0
19842.8  1e-17  0
19853.6  1e-17  0
19864.4  1e-17  0
19875.1  1e-17  0
19885.9  1e-17  0
19896.7  1e-17  0
19907.4  1e-17  0
19918.2  1e-17  0
19929  1e-17  0
19939.7  1e-17  0
19950.5  1e-17  0
19961.3  1e-17  0
19972  1e-17  0
19982.8  1e-17  0
19993.6  1e-17  0
20004.3  1e-17  0
20015.1  1e-17  0
20025.9  1e-17  0
20036.6  1e-17  0
20047.4  1e-17  0
20058.2  1e-17  0
20068.9  1e-17  0
20079.7  1e-17  0
20090.5  1e-17  0
20101.2  1e-17  0
20112  1e-17  0
20122.8  1e-17  0
20133.5  1e-17  0
20144.3  1e-17  0
20155.1  1e-17  0
20165.8  1e-17  0
20176.6  1e-17  0
20187.4  1e-17  0
20198.1  1e-17  0
20208.9  1e-17  0
20219.7  1e-17  0
20230.4  1e-17  0
20241.2  1e-17  0
20252  1e-17  0
20262.7  1e-17  0
20273.5  1e-17  0
20284.3  1e-17  0
20295  1e-17  0
20305.8  1e-17  0
20316.6  1e-17  0
20327.3  1e-17  0
20338.1  1e-17  0
20348.9  1e-17  0
20359.6  1e-17  0
20370.4  1e-17  0
20381.2  1e-17  0
20391.9  1e-17  0
20402.7  1e-17  0
20413.5  1e-17  0
20424.2  1e-17  0
20435  1e-17  0
20445.8  1e-17  0
20456.5  1e-17  0
20467.3  1e-17  0
20478.1  1e-17  0
20488.8  1e-17  0
20499.6  1e-17  0
20510.4  1e-17  0
20521.1  1e-17  0
20531.9  1e-17  0
20542.7  1e-17  0
20553.4  1e-17  0
20564.2  1e-17  0
20575  1e-17  0
20585.7  1e-17  0
20596.5  1e-17  0
20607.3  1e-17  0
20618  1e-17  0
20628.8  1e-17  0
20639.6  1e-17  0
20650.3  1e-17  0
20661.1  1e-17  0
20671.9  1e-17  0
20682.6  1e-17  0
20693.4  1e-17  0
20704.2  1e-17  0
20714.9  1e-17  0
20725.7  1e-17  0
20736.5  1e-17  0
20747.2  1e-17  0
20758  1e-17  0
20768.8  1e-17  0
20779.5  1e-17  0
20790.3  1e-17  0
20801.1  1e-17  0
20811.8  1e-17  0
20822.6  1e-17  0
20833.4  1e-17  0
20844.1  1e-17  0
20854.9  1e-17  0
20865.7  1e-17  0
20876.4  1e-17  0
20887.2  1e-17  0
20898  1e-17  0
20908.7  1e-17  0
20919.5  1e-17  0
20930.3  1e-17  0
20941  1e-17  0
20951.8  1e-17  0
20962.6  1e-17  0
20973.3  1e-17  0
20984.1  1e-17  0
20994.9  1e-17  0
21005.6  1e-17  0
21016.4  1e-17  0
21027.2  1e-17  0
21037.9  1e-17  0
21048.7  1e-17  0
21059.5  1e-17  0
21070.2  1e-17  0
21081  1e-17  0
21091.8  1e-17  0
21102.5  1e-17  0
21113.3  1e-17  0
21124.1  1e-17  0
21134.8  1e-17  0
21145.6  1e-17  0
21156.4  1e-17  0
21167.1  1e-17  0
21177.9  1e-17  0
21188.7  1e-17  0
21199.4  1e-17  0
21210.2  1e-17  0
21221  1e-17  0
21231.7  1e-17  0
21242.5  1e-17  0
21253.3  1e-17  0
21264  1e-17  0
21274.8  1e-17  0
21285.6  1e-17  0
21296.3  1e-17  0
21307.1  1e-17  0
21317.9  1e-17  0
21328.6  1e-17  0
21339.4  1e-17  0
21350.2  1e-17  0
21360.9  1e-17  0
21371.7  1e-17  0
21382.5  1e-17  0
21393.2  1e-17  0
21404  1e-17  0
21414.8  1e-17  0
21425.5  1e-17  0
21436.3  1e-17  0
21447.1  1e-17  0
21457.8  1e-17  0
21468.6  1e-17  0
21479.4  1e-17  0
21490.1  1e-17  0
21500.9  1e-17  0
21511.7  1e-17  0
21522.4  1e-17  0
21533.2  1e-17  0
21544  1e-17  0
21554.7  1e-17  0
21565.5  1e-17  0
21576.3  1e-17  0
21587  1e-17  0
21597.8  1e-17  0
21608.6  1e-17  0
21619.3  1e-17  0
21630.1  1e-17  0
21640.9  1e-17  0
21651.6  1e-17  0
21662.4  1e-17  0
21673.2  1e-17  0
21683.9  1e-17  0
21694.7  1e-17  0
21705.5  1e-17  0
21716.2  1e-17  0
21727  1e-17  0
21737.8  1e-17  0
21748.5  1e-17  0
21759.3  1e-17  0
21770.1  1e-17  0
21780.8  1e-17  0
21791.6  1e-17  0
21802.4  1e-17  0
21813.1  1e-17  0
21823.9  1e-17  0
21834.7  1e-17  0
21845.4  1e-17  0
21856.2  1e-17  0
21867  1e-17  0
21877.7  1e-17  0
21888.5  1e-17  0
21899.3  1e-17  0
21910  1e-17  0
21920.8  1e-17  0
21931.6  1e-17  0
21942.3  1e-17  0
21953.1  1e-17  0
21963.9  1e-17  0
21974.6  1e-17  0
21985.4  1e-17  0
21996.2  1e-17  0
22006.9  1e-17  0
22017.7  1e-17  0
22028.5  1e-17  0

