num_points: 2047
frequency_Hz  magnitude  phase_rad
0  1.00124  -0.00573562
10.7666  1.00124  -0.00573562
21.5332  1.00192  -0.0119157
32.2998  1.00323  -0.0179244
43.0664  1.00521  -0.0238171
53.833  1.00787  -0.0295835
64.5996  1.01124  -0.0352039
75.3662  1.01536  -0.0406588
86.1328  1.02025  -0.0459311
96.8994  1.02598  -0.0510072
107.666  1.03258  -0.0558772
118.433  1.04012  -0.060535
129.199  1.04866  -0.0649782
139.966  1.05827  -0.0692077
150.732  1.06901  -0.0732277
161.499  1.08097  -0.0770451
172.266  1.09424  -0.0806692
183.032  1.1089  -0.0841113
193.799  1.12505  -0.0873845
204.565  1.14281  -0.0905028
215.332  1.16229  -0.0934815
226.099  1.18363  -0.0963361
236.865  1.20699  -0.0990822
247.632  1.23253  -0.101735
258.398  1.26047  -0.10431
269.165  1.29107  -0.10683
279.932  1.32474  -0.109398
290.698  1.36174  -0.11262
301.465  1.40025  -0.116152
312.231  1.44247  -0.118546
322.998  1.48937  -0.120987
333.765  1.54092  -0.123622
344.531  1.5975  -0.126436
355.298  1.65966  -0.129429
366.064  1.72808  -0.132621
376.831  1.80355  -0.13604
387.598  1.88703  -0.139723
398.364  1.97964  -0.143713
409.131  2.08274  -0.148062
419.897  2.19795  -0.152832
430.664  2.32725  -0.158095
441.431  2.47308  -0.163942
452.197  2.63845  -0.17048
462.964  2.82715  -0.177847
473.73  3.044  -0.186213
484.497  3.29518  -0.195798
495.264  3.58885  -0.206887
506.03  3.93582  -0.219864
516.797  4.35088  -0.235247
527.563  4.85462  -0.253766
538.33  5.47654  -0.276471
549.097  6.26028  -0.304931
559.863  7.27265  -0.341593
570.63  8.62006  -0.390464
581.396  10.4787  -0.458504
592.163  13.1474  -0.558626
602.93  17.1068  -0.716258
613.696  22.8029  -0.980752
624.463  28.6362  -1.41356
635.229  28.6451  -1.94194
645.996  23.3689  -2.34593
656.763  18.3632  -2.58887
667.529  14.8559  -2.73526
678.296  12.4647  -2.82969
689.063  10.7898  -2.89496
699.829  9.577  -2.94276
710.596  8.6741  -2.97941
721.362  7.988  -3.00863
732.129  7.45981  -3.0327
742.896  7.05111  -3.05312
753.662  6.73618  -3.07092
764.429  6.49748  -3.08686
775.195  6.32286  -3.10147
785.962  6.20444  -3.11513
796.729  6.13777  -3.12821
807.495  6.12043  -3.14107
818.262  6.15223  3.12915
829.028  6.23531  3.11577
839.795  6.37441  3.1016
850.562  6.57744  3.08622
861.328  6.85658  3.06906
872.095  7.23018  3.04939
882.861  7.72588  3.02614
893.628  8.38622  2.9977
904.395  9.2789  2.96156
915.161  10.5162  2.91344
925.928  12.2939  2.84558
936.694  14.9682  2.74254
947.461  19.1665  2.5706
958.228  25.4546  2.2548
968.994  30.3081  1.70293
979.761  25.5627  1.10625
990.527  18.1048  0.740112
1001.29  13.0837  0.543573
1012.06  9.94892  0.429084
1022.83  7.89524  0.355717
1033.59  6.47194  0.305059
1044.36  5.43777  0.268067
1055.13  4.65744  0.239881
1065.89  4.05062  0.217683
1076.66  3.5671  0.199736
1087.43  3.17402  0.184912
1098.19  2.84912  0.172451
1108.96  2.57675  0.161821
1119.73  2.34567  0.152638
1130.49  2.14756  0.14462
1141.26  1.97619  0.137553
1152.03  1.82675  0.131274
1162.79  1.69552  0.125653
1173.56  1.57956  0.120591
1184.33  1.4765  0.116004
1195.09  1.38445  0.111827
1205.86  1.30184  0.108005
1216.63  1.22741  0.104494
1227.39  1.16007  0.101254
1238.16  1.09895  0.0982555
1248.93  1.04328  0.0954699
1259.69  0.992431  0.0928743
1270.46  0.945858  0.0904489
1281.23  0.903091  0.0881763
1291.99  0.863726  0.0860416
1302.76  0.827414  0.0840314
1313.53  0.793849  0.0821344
1324.29  0.762764  0.0803401
1335.06  0.733925  0.0786396
1345.83  0.707127  0.0770249
1356.59  0.682186  0.0754886
1367.36  0.658941  0.0740243
1378.13  0.637248  0.0726264
1388.89  0.616979  0.0712897
1399.66  0.598018  0.0700099
1410.42  0.580262  0.0687841
1421.19  0.56362  0.067612
1431.96  0.548013  0.0664918
1442.72  0.533368  0.0654058
1453.49  0.519608  0.064345
1464.26  0.506669  0.0633172
1475.02  0.494498  0.0623237
1485.79  0.483044  0.0613619
1496.56  0.472263  0.0604292
1507.32  0.462111  0.0595233
1518.09  0.45255  0.0586419
1528.86  0.443545  0.0577833
1539.62  0.435063  0.0569456
1550.39  0.427076  0.0561273
1561.16  0.419555  0.0553268
1571.92  0.412476  0.0545427
1582.69  0.405815  0.0537737
1593.46  0.399553  0.0530186
1604.22  0.39367  0.0522762
1614.99  0.388148  0.0515453
1625.76  0.382971  0.0508249
1636.52  0.378123  0.0501139
1647.29  0.373592  0.0494114
1658.06  0.369364  0.0487164
1668.82  0.365428  0.048028
1679.59  0.361774  0.0473453
1690.36  0.358392  0.0466674
1701.12  0.355274  0.0459936
1711.89  0.352411  0.0453229
1722.66  0.349796  0.0446546
1733.42  0.347422  0.0439881
1744.19  0.345285  0.0433229
1754.96  0.343377  0.0426589
1765.72  0.341694  0.0419977
1776.49  0.34023  0.0413459
1787.26  0.338981  0.0407277
1798.02  0.337962  0.0401923
1808.79  0.337215  0.0396232
1819.56  0.336675  0.0388885
1830.32  0.336318  0.0381415
1841.09  0.336166  0.0374143
1851.86  0.336227  0.0366965
1862.62  0.336503  0.0359804
1873.39  0.336996  0.0352614
1884.16  0.337708  0.0345367
1894.92  0.338642  0.0338045
1905.69  0.339801  0.0330632
1916.46  0.34119  0.0323116
1927.22  0.342813  0.0315484
1937.99  0.344676  0.0307725
1948.75  0.346784  0.0299828
1959.52  0.349145  0.0291782
1970.29  0.351767  0.0283574
1981.05  0.354658  0.0275192
1991.82  0.357829  0.0266624
2002.59  0.36129  0.0257855
2013.35  0.365053  0.0248872
2024.12  0.369132  0.0239661
2034.89  0.373542  0.0230204
2045.65  0.378298  0.0220487
2056.42  0.383418  0.0210489
2067.19  0.388922  0.0200192
2077.95  0.394832  0.0189574
2088.72  0.401171  0.0178613
2099.49  0.407966  0.0167284
2110.25  0.415246  0.0155561
2121.02  0.423043  0.0143414
2131.79  0.431392  0.0130812
2142.55  0.440332  0.011772
2153.32  0.449908  0.0104101
2164.09  0.460168  0.0089912
2174.85  0.471165  0.00751076
2185.62  0.482961  0.00596367
2196.39  0.495623  0.00434424
2207.15  0.509226  0.00264616
2217.92  0.523857  0.000862345
2228.69  0.539612  -0.00101513
2239.45  0.5566  -0.00299522
2250.22  0.574947  -0.00508806
2260.99  0.594793  -0.00730514
2271.75  0.616303  -0.00965963
2282.52  0.639664  -0.0121666
2293.29  0.665093  -0.0148434
2304.05  0.692843  -0.0177103
2314.82  0.72321  -0.0207908
2325.59  0.756542  -0.0241125
2336.35  0.793252  -0.0277082
2347.12  0.833832  -0.0316169
2357.89  0.878876  -0.0358852
2368.65  0.929101  -0.0405701
2379.42  0.985389  -0.0457409
2390.19  1.04883  -0.0514838
2400.95  1.12079  -0.0579063
2411.72  1.20301  -0.0651455
2422.49  1.29772  -0.0733775
2433.25  1.40784  -0.0828338
2444.02  1.53727  -0.0938237
2454.79  1.69135  -0.10677
2465.55  1.8775  -0.122268
2476.32  2.10643  -0.141175
2487.08  2.39405  -0.164785
2497.85  2.76502  -0.195121
2508.62  3.25933  -0.235536
2519.38  3.94546  -0.291958
2530.15  4.9473  -0.375756
2540.92  6.49563  -0.510877
2551.68  8.95586  -0.751537
2562.45  12.0944  -1.2001
2573.22  12.4334  -1.82902
2583.98  9.5295  -2.29902
2594.75  7.05337  -2.55276
2605.52  5.47511  -2.69415
2616.28  4.4542  -2.78123
2627.05  3.75709  -2.8396
2637.82  3.25674  -2.88131
2648.58  2.88283  -2.9126
2659.35  2.59433  -2.93699
2670.12  2.366  -2.95659
2680.88  2.18158  -2.97274
2691.65  2.03017  -2.98632
2702.42  1.90419  -2.99796
2713.18  1.79825  -3.0081
2723.95  1.7084  -3.01707
2734.72  1.63168  -3.02511
2745.48  1.56581  -3.03243
2756.25  1.509  -3.03918
2767.02  1.45984  -3.04541
2777.78  1.41726  -3.05114
2788.55  1.38052  -3.05638
2799.32  1.34906  -3.06122
2810.08  1.32234  -3.06575
2820.85  1.2999  -3.07008
2831.62  1.28135  -3.07425
2842.38  1.26638  -3.07831
2853.15  1.25474  -3.08228
2863.92  1.24625  -3.08618
2874.68  1.24077  -3.09004
2885.45  1.23822  -3.09388
2896.22  1.23855  -3.09772
2906.98  1.24173  -3.10157
2917.75  1.24779  -3.10547
2928.52  1.25679  -3.10943
2939.28  1.26882  -3.11347
2950.05  1.28401  -3.11761
2960.82  1.30254  -3.1219
2971.58  1.32465  -3.12634
2982.35  1.35061  -3.13098
2993.12  1.38078  -3.13585
3003.88  1.41558  -3.14099
3014.65  1.45556  3.13673
3025.42  1.50135  3.13089
3036.18  1.55374  3.1246
3046.95  1.61373  3.11778
3057.71  1.68252  3.11034
3068.48  1.76166  3.10213
3079.25  1.85309  3.09301
3090.01  1.95931  3.08278
3100.78  2.08357  3.07116
3111.55  2.2302  3.05782
3122.31  2.40504  3.04227
3133.08  2.61616  3.02386
3143.85  2.87501  3.00166
3154.61  3.19829  2.97426
3165.38  3.61122  2.93953
3176.15  4.15328  2.89401
3186.91  4.88868  2.83181
3197.68  5.92464  2.74223
3208.45  7.43513  2.60451
3219.21  9.62138  2.37766
3229.98  12.1561  1.9976
3240.75  12.8026  1.4763
3251.51  10.6004  1.02282
3262.28  8.10188  0.739349
3273.05  6.30501  0.57072
3283.81  5.08419  0.464262
3294.58  4.23229  0.392236
3305.35  3.61422  0.340593
3316.11  3.14942  0.301821
3326.88  2.78917  0.271626
3337.65  2.50287  0.247406
3348.41  2.27059  0.227502
3359.18  2.07886  0.210811
3369.95  1.9183  0.19657
3380.71  1.78219  0.184239
3391.48  1.66559  0.173423
3402.25  1.56482  0.163827
3413.01  1.47705  0.155226
3423.78  1.40011  0.147447
3434.55  1.33228  0.140352
3445.31  1.27218  0.133832
3456.08  1.21872  0.127799
3466.85  1.17099  0.122182
3477.61  1.12827  0.116918
3488.38  1.08993  0.11196
3499.15  1.05547  0.107263
3509.91  1.02447  0.102794
3520.68  0.996558  0.0985217
3531.45  0.971433  0.0944188
3542.21  0.948835  0.0904624
3552.98  0.928541  0.0866323
3563.75  0.91036  0.0829103
3574.51  0.894131  0.0792804
3585.28  0.879713  0.0757279
3596.04  0.866987  0.0722398
3606.81  0.855852  0.0688037
3617.58  0.846222  0.0654086
3628.34  0.838024  0.062044
3639.11  0.831198  0.0586999
3649.88  0.825695  0.0553671
3660.64  0.821478  0.0520364
3671.41  0.818518  0.0486992
3682.18  0.816795  0.0453468
3692.94  0.816298  0.0419706
3703.71  0.817027  0.0385622
3714.48  0.818988  0.035113
3725.24  0.822196  0.0316141
3736.01  0.826675  0.0280566
3746.78  0.832459  0.024431
3757.54  0.839592  0.0207276
3768.31  0.848128  0.0169359
3779.08  0.858132  0.0130449
3789.84  0.869682  0.00904283
3800.61  0.88287  0.00491697
3811.38  0.897804  0.000653493
3822.14  0.91461  -0.00376268
3832.91  0.933433  -0.00834812
3843.68  0.954442  -0.0131211
3854.44  0.977834  -0.0181021
3865.21  1.00383  -0.0233136
3875.98  1.03271  -0.0287814
3886.74  1.06476  -0.0345343
3897.51  1.10036  -0.0406051
3908.28  1.13992  -0.0470315
3919.04  1.18393  -0.0538566
3929.81  1.23299  -0.0611306
3940.58  1.2878  -0.0689121
3951.34  1.34919  -0.0772696
3962.11  1.41817  -0.0862846
3972.88  1.49596  -0.0960545
3983.64  1.58406  -0.106697
3994.41  1.68433  -0.118354
4005.18  1.79907  -0.131201
4015.94  1.93119  -0.145459
4026.71  2.08441  -0.161405
4037.48  2.26354  -0.179392
4048.24  2.47489  -0.199885
4059.01  2.72687  -0.223497
4069.78  3.03091  -0.251064
4080.54  3.40282  -0.283744
4091.31  3.86493  -0.32319
4102.08  4.44939  -0.371831
4112.84  5.20321  -0.433355
4123.61  6.19529  -0.513542
4134.38  7.52295  -0.621691
4145.14  9.30182  -0.772741
4155.91  11.5726  -0.988601
4166.67  13.9698  -1.28991
4177.44  15.3602  -1.661
4188.21  14.8947  -2.02465
4198.97  13.3345  -2.31299
4209.74  11.7178  -2.52132
4220.51  10.4314  -2.67258
4231.27  9.5041  -2.78802
4242.04  8.87993  -2.88215
4252.81  8.50609  -2.96463
4263.57  8.35133  -3.04255
4274.34  8.40764  -3.12216
4285.11  8.6898  3.07279
4295.87  9.23659  2.96661
4306.64  10.1062  2.82815
4317.41  11.3286  2.63393
4328.17  12.6837  2.35047
4338.94  13.2149  1.96088
4349.71  11.801  1.53485
4360.47  9.2629  1.18861
4371.24  6.98977  0.95096
4382.01  5.32929  0.79192
4392.77  4.16058  0.681759
4403.54  3.32663  0.601892
4414.31  2.71589  0.54152
4425.07  2.25659  0.494257
4435.84  1.90282  0.456177
4446.61  1.62459  0.42476
4457.37  1.40182  0.398328
4468.14  1.22068  0.375723
4478.91  1.07139  0.356121
4489.67  0.946914  0.33892
4500.44  0.842049  0.323673
4511.21  0.752897  0.310036
4521.97  0.676488  0.297744
4532.74  0.61052  0.286587
4543.51  0.553193  0.276398
4554.27  0.503075  0.267042
4565.04  0.459022  0.258409
4575.81  0.420106  0.250405
4586.57  0.385571  0.242957
4597.34  0.354793  0.235998
4608.11  0.327257  0.229475
4618.87  0.30253  0.223341
4629.64  0.280249  0.217557
4640.41  0.26011  0.212088
4651.17  0.241851  0.206904
4661.94  0.225251  0.20198
4672.71  0.210117  0.197294
4683.47  0.196286  0.192824
4694.24  0.183615  0.188555
4705  0.17198  0.184471
4715.77  0.161273  0.180557
4726.54  0.1514  0.176804
4737.3  0.142277  0.1732
4748.07  0.133831  0.169736
4758.84  0.125998  0.166404
4769.6  0.118718  0.163199
4780.37  0.111943  0.160113
4791.14  0.105625  0.157143
4801.9  0.0997241  0.154284
4812.67  0.094204  0.151534
4823.44  0.0890316  0.148891
4834.2  0.0841774  0.146353
4844.97  0.0796146  0.143921
4855.74  0.0753193  0.141596
4866.5  0.0712693  0.139379
4877.27  0.0674448  0.137274
4888.04  0.0638276  0.135286
4898.8  0.0604012  0.13342
4909.57  0.0571504  0.131685
4920.34  0.0540613  0.130091
4931.1  0.051121  0.128649
4941.87  0.0483179  0.127376
4952.64  0.045641  0.126289
4963.4  0.0430802  0.125411
4974.17  0.0406261  0.124771
4984.94  0.0382699  0.124403
4995.7  0.0360036  0.124349
5006.47  0.0338193  0.124661
5017.24  0.03171  0.125405
5028  0.0296687  0.126663
5038.77  0.027689  0.12854
5049.54  0.0257648  0.131171
5060.3  0.0238902  0.134731
5071.07  0.0220596  0.139454
5081.84  0.0202677  0.145653
5092.6  0.0185095  0.153761
5103.37  0.0167802  0.164389
5114.14  0.0150755  0.178427
5124.9  0.0133917  0.197216
5135.67  0.0117264  0.222865
5146.44  0.0100788  0.258871
5157.2  0.00845276  0.311413
5167.97  0.00686092  0.39229
5178.74  0.00533905  0.526075
5189.5  0.00398717  0.766734
5200.27  0.00308277  1.20752
5211.04  0.00311447  1.80375
5221.8  0.00412368  2.24687
5232.57  0.00566596  2.48795
5243.33  0.00747539  2.62033
5254.1  0.00945893  2.69848
5264.87  0.0115891  2.7472
5275.63  0.0138637  2.77831
5286.4  0.0162926  2.79799
5297.17  0.018893  2.80965
5307.93  0.0216882  2.8153
5318.7  0.0247076  2.81616
5329.47  0.0279867  2.81293
5340.23  0.0315691  2.80601
5351  0.0355072  2.79556
5361.77  0.0398651  2.78157
5372.53  0.044721  2.76384
5383.3  0.0501706  2.74202
5394.07  0.0563312  2.71556
5404.83  0.0633469  2.68369
5415.6  0.0713927  2.64537
5426.37  0.0806774  2.5992
5437.13  0.0914397  2.54334
5447.9  0.103928  2.47537
5458.67  0.118346  2.39225
5469.43  0.134718  2.29036
5480.2  0.152645  2.1659
5490.97  0.170927  2.01612
5501.73  0.187267  1.84156
5512.5  0.1986  1.64865
5523.27  0.202508  1.45006
5534.03  0.198786  1.26074
5544.8  0.18945  1.09188
5555.57  0.177246  0.948115
5566.33  0.164348  0.828821
5577.1  0.152018  0.730769
5587.87  0.140811  0.650114
5598.63  0.130879  0.583333
5609.4  0.122173  0.527518
5620.17  0.114572  0.480378
5630.93  0.107932  0.440137
5641.7  0.102117  0.405429
5652.47  0.0970048  0.375199
5663.23  0.0924918  0.348627
5674  0.0884906  0.325069
5684.77  0.0849282  0.304019
5695.53  0.0817438  0.285071
5706.3  0.0788869  0.267898
5717.07  0.0763151  0.252234
5727.83  0.0739929  0.237863
5738.6  0.0718906  0.224604
5749.37  0.0699827  0.212307
5760.13  0.0682479  0.200847
5770.9  0.0666679  0.190118
5781.67  0.065227  0.180029
5792.43  0.0639116  0.170502
5803.2  0.0627101  0.161472
5813.96  0.0616124  0.152881
5824.73  0.0606097  0.144678
5835.5  0.0596943  0.136819
5846.26  0.0588595  0.129266
5857.03  0.0580995  0.121984
5867.8  0.057409  0.114943
5878.56  0.0567836  0.108116
5889.33  0.0562192  0.101477
5900.1  0.0557123  0.0950054
5910.86  0.0552597  0.0886806
5921.63  0.0548587  0.0824848
5932.4  0.0545066  0.076404
5943.16  0.0542013  0.0704309
5953.93  0.0539415  0.0645656
5964.7  0.0537271  0.0587916
5975.46  0.0535571  0.0530609
5986.23  0.0534289  0.0473509
5997  0.0533407  0.0416632
6007.76  0.053292  0.0359962
6018.53  0.0532824  0.0303429
6029.3  0.0533114  0.0246945
6040.06  0.053379  0.0190416
6050.83  0.0534849  0.0133747
6061.6  0.0536294  0.00768446
6072.36  0.0538126  0.00196167
6083.13  0.0540348  -0.00380294
6093.9  0.0542965  -0.00961863
6104.66  0.0545983  -0.0154948
6115.43  0.054941  -0.0214409
6126.2  0.0553255  -0.0274668
6136.96  0.0557529  -0.0335823
6147.73  0.0562245  -0.0397979
6158.5  0.0567416  -0.0461246
6169.26  0.0573059  -0.0525734
6180.03  0.0579191  -0.0591564
6190.8  0.0585834  -0.0658859
6201.56  0.0593009  -0.0727753
6212.33  0.0600742  -0.0798388
6223.1  0.060906  -0.0870914
6233.86  0.0617993  -0.0945494
6244.63  0.0627577  -0.10223
6255.4  0.0637847  -0.110153
6266.16  0.0648846  -0.118338
6276.93  0.0660619  -0.126807
6287.7  0.0673216  -0.135585
6298.46  0.0686692  -0.144698
6309.23  0.070111  -0.154176
6320  0.0716538  -0.164051
6330.76  0.073305  -0.174358
6341.53  0.075073  -0.185137
6352.29  0.0769671  -0.196431
6363.06  0.0789976  -0.208289
6373.83  0.0811759  -0.220766
6384.59  0.0835148  -0.233923
6395.36  0.0860286  -0.247828
6406.13  0.088733  -0.262559
6416.89  0.0916458  -0.278204
6427.66  0.0947867  -0.294863
6438.43  0.0981777  -0.312649
6449.19  0.101843  -0.331692
6459.96  0.105811  -0.35214
6470.73  0.110111  -0.374163
6481.49  0.114776  -0.397958
6492.26  0.119843  -0.42375
6503.03  0.125351  -0.451801
6513.79  0.131342  -0.48241
6524.56  0.137859  -0.515924
6535.33  0.144943  -0.552741
6546.09  0.152633  -0.593316
6556.86  0.160956  -0.638164
6567.63  0.169925  -0.687855
6578.39  0.179521  -0.743014
6589.16  0.189682  -0.804289
6599.93  0.200277  -0.872317
6610.69  0.211087  -0.947656
6621.46  0.22178  -1.03068
6632.23  0.231897  -1.12145
6642.99  0.24087  -1.21956
6653.76  0.248069  -1.324
6664.53  0.2529  -1.43312
6675.29  0.254931  -1.54471
6686.06  0.253995  -1.65623
6696.83  0.250235  -1.76514
6707.59  0.244063  -1.86928
6718.36  0.236055  -1.96702
6729.13  0.226827  -2.05741
6739.89  0.216942  -2.14008
6750.66  0.206856  -2.21512
6761.43  0.196903  -2.28292
6772.19  0.187311  -2.34404
6782.96  0.178215  -2.39913
6793.73  0.169688  -2.44882
6804.49  0.161753  -2.49375
6815.26  0.15441  -2.53448
6826.03  0.147634  -2.57153
6836.79  0.141394  -2.60533
6847.56  0.135654  -2.63629
6858.33  0.130374  -2.66474
6869.09  0.125518  -2.691
6879.86  0.121047  -2.71531
6890.63  0.11693  -2.73789
6901.39  0.113135  -2.75895
6912.16  0.109632  -2.77865
6922.92  0.106398  -2.79715
6933.69  0.103409  -2.81455
6944.46  0.100643  -2.83099
6955.22  0.0980825  -2.84656
6965.99  0.0957103  -2.86134
6976.76  0.0935113  -2.87542
6987.52  0.0914721  -2.88886
6998.29  0.0895805  -2.90172
7009.06  0.0878255  -2.91406
7019.82  0.0861972  -2.92592
7030.59  0.084687  -2.93735
7041.36  0.0832867  -2.94839
7052.12  0.0819892  -2.95907
7062.89  0.080788  -2.96943
7073.66  0.0796773  -2.97949
7084.42  0.0786517  -2.98928
7095.19  0.0777065  -2.99883
7105.96  0.0768373  -3.00816
7116.72  0.0760402  -3.01728
7127.49  0.0753117  -3.02622
7138.26  0.0746487  -3.03499
7149.02  0.0740481  -3.04362
7159.79  0.0735075  -3.05211
7170.56  0.0730244  -3.06047
7181.32  0.0725968  -3.06873
7192.09  0.0722229  -3.0769
7202.86  0.0719008  -3.08498
7213.62  0.0716293  -3.09298
7224.39  0.0714068  -3.10093
7235.16  0.0712324  -3.10882
7245.92  0.071105  -3.11666
7256.69  0.0710238  -3.12447
7267.46  0.0709881  -3.13226
7278.22  0.0709973  -3.14003
7288.99  0.071051  3.1354
7299.76  0.0711489  3.12765
7310.52  0.0712907  3.11989
7321.29  0.0714765  3.11211
7332.06  0.0717062  3.10432
7342.82  0.07198  3.0965
7353.59  0.0722981  3.08865
7364.36  0.0726609  3.08075
7375.12  0.0730689  3.07281
7385.89  0.0735227  3.06481
7396.66  0.074023  3.05675
7407.42  0.0745706  3.04862
7418.19  0.0751664  3.04041
7428.96  0.0758115  3.03213
7439.72  0.0765071  3.02375
7450.49  0.0772545  3.01528
7461.25  0.0780551  3.0067
7472.02  0.0789107  2.99801
7482.79  0.079823  2.9892
7493.55  0.0807939  2.98026
7504.32  0.0818256  2.97118
7515.09  0.0829203  2.96196
7525.85  0.0840805  2.95258
7536.62  0.0853086  2.94302
7547.39  0.0866075  2.93329
7558.15  0.0879799  2.92336
7568.92  0.0894287  2.91323
7579.69  0.0909572  2.90289
7590.45  0.092569  2.89231
7601.22  0.0942678  2.8815
7611.99  0.0960577  2.87044
7622.75  0.0979432  2.85912
7633.52  0.099929  2.84752
7644.29  0.10202  2.83563
7655.05  0.104222  2.82343
7665.82  0.106541  2.81091
7676.59  0.108983  2.79805
7687.35  0.111554  2.78483
7698.12  0.114262  2.77122
7708.89  0.117114  2.75722
7719.65  0.120118  2.74279
7730.42  0.123283  2.72791
7741.19  0.126617  2.71256
7751.95  0.130131  2.6967
7762.72  0.133834  2.68032
7773.49  0.137738  2.66338
7784.25  0.141853  2.64584
7795.02  0.146191  2.62768
7805.79  0.150766  2.60885
7816.55  0.15559  2.58932
7827.32  0.160678  2.56905
7838.09  0.166042  2.548
7848.85  0.171699  2.52612
7859.62  0.177662  2.50336
7870.39  0.183948  2.47968
7881.15  0.190571  2.45502
7891.92  0.197546  2.42933
7902.69  0.204888  2.40256
7913.45  0.21261  2.37465
7924.22  0.220725  2.34555
7934.99  0.229244  2.31519
7945.75  0.238174  2.28353
7956.52  0.247521  2.25051
7967.29  0.257286  2.21609
7978.05  0.267467  2.1802
7988.82  0.278053  2.14283
7999.58  0.289031  2.10393
8010.35  0.300378  2.0635
8021.12  0.312064  2.02151
8031.88  0.324049  1.97798
8042.65  0.336287  1.93295
8053.42  0.348722  1.88644
8064.18  0.36129  1.83855
8074.95  0.373921  1.78935
8085.72  0.38654  1.73896
8096.48  0.39907  1.68753
8107.25  0.411435  1.6352
8118.02  0.423561  1.58217
8128.78  0.435386  1.52862
8139.55  0.446854  1.47476
8150.32  0.457926  1.4208
8161.08  0.468579  1.36694
8171.85  0.478807  1.31338
8182.62  0.488622  1.2603
8193.38  0.498054  1.20789
8204.15  0.507153  1.15628
8214.92  0.51598  1.1056
8225.68  0.524612  1.05595
8236.45  0.533139  1.00742
8247.22  0.541657  0.960046
8257.98  0.550273  0.913864
8268.75  0.559099  0.868882
8279.52  0.568255  0.825088
8290.28  0.577865  0.782454
8301.05  0.588062  0.740937
8311.82  0.598986  0.700476
8322.58  0.61079  0.660994
8333.35  0.623629  0.622391
8344.12  0.637664  0.584558
8354.88  0.653063  0.547395
8365.65  0.670022  0.510812
8376.42  0.688773  0.474708
8387.18  0.709588  0.438962
8397.95  0.732781  0.403431
8408.72  0.758718  0.367955
8419.48  0.787828  0.332351
8430.25  0.820628  0.296411
8441.02  0.857743  0.259897
8451.78  0.899939  0.222523
8462.55  0.948163  0.18395
8473.32  1.0036  0.143759
8484.08  1.06777  0.101425
8494.85  1.14259  0.0562787
8505.62  1.23056  0.00744231
8516.38  1.33494  -0.0462549
8527.15  1.46003  -0.106412
8537.92  1.61145  -0.175257
8548.68  1.79644  -0.25596
8559.45  2.02377  -0.35308
8570.21  2.30227  -0.473158
8580.98  2.63534  -0.625195
8591.75  3.0056  -0.819907
8602.51  3.34677  -1.06484
8613.28  3.53225  -1.35252
8624.05  3.45761  -1.65143
8634.81  3.16177  -1.9219
8645.58  2.77902  -2.14327
8656.35  2.41051  -2.3167
8667.11  2.09476  -2.45223
8677.88  1.83557  -2.56005
8688.65  1.62509  -2.648
8699.41  1.45362  -2.72163
8710.18  1.31274  -2.78481
8720.95  1.19576  -2.84019
8731.71  1.09759  -2.8897
8742.48  1.01436  -2.93469
8753.25  0.943117  -2.97617
8764.01  0.881622  -3.0149
8774.78  0.828124  -3.05145
8785.55  0.781259  -3.08628
8796.31  0.739944  -3.11974
8807.08  0.703315  3.13107
8817.85  0.670673  3.09954
8828.61  0.641448  3.06867
8839.38  0.615171  3.03829
8850.15  0.591451  3.00826
8860.91  0.569964  2.97847
8871.68  0.550433  2.94882
8882.45  0.532625  2.9192
8893.21  0.516338  2.88956
8903.98  0.5014  2.8598
8914.75  0.487661  2.82987
8925.51  0.474989  2.79972
8936.28  0.46327  2.76929
8947.05  0.4524  2.73853
8957.81  0.44229  2.7074
8968.58  0.432856  2.67587
8979.35  0.424025  2.6439
8990.11  0.415731  2.61147
9000.88  0.407912  2.57855
9011.65  0.400512  2.54512
9022.41  0.39348  2.51117
9033.18  0.386767  2.47669
9043.95  0.380331  2.44166
9054.71  0.37413  2.4061
9065.48  0.368126  2.37001
9076.25  0.362285  2.33339
9087.01  0.356575  2.29627
9097.78  0.350967  2.25867
9108.54  0.345435  2.22062
9119.31  0.339955  2.18215
9130.08  0.334507  2.14329
9140.84  0.329074  2.10411
9151.61  0.323641  2.06463
9162.38  0.318196  2.02493
9173.14  0.312732  1.98504
9183.91  0.307242  1.94505
9194.68  0.301724  1.90499
9205.44  0.296179  1.86495
9216.21  0.290608  1.82498
9226.98  0.285016  1.78514
9237.74  0.27941  1.74549
9248.51  0.273799  1.7061
9259.28  0.268192  1.66701
9270.04  0.262599  1.62829
9280.81  0.257032  1.58997
9291.58  0.251503  1.5521
9302.34  0.246023  1.51471
9313.11  0.240604  1.47784
9323.88  0.235256  1.44152
9334.64  0.229991  1.40577
9345.41  0.224818  1.3706
9356.18  0.219745  1.33602
9366.94  0.214781  1.30206
9377.71  0.209933  1.26869
9388.48  0.205205  1.23594
9399.24  0.200604  1.20378
9410.01  0.196133  1.17222
9420.78  0.191795  1.14124
9431.54  0.187593  1.11082
9442.31  0.183526  1.08096
9453.08  0.179597  1.05164
9463.84  0.175806  1.02283
9474.61  0.17215  0.994509
9485.38  0.168631  0.966662
9496.14  0.165245  0.939263
9506.91  0.161991  0.912288
9517.68  0.158867  0.885712
9528.44  0.155871  0.859509
9539.21  0.152999  0.833654
9549.98  0.15025  0.80812
9560.74  0.147619  0.782882
9571.51  0.145104  0.757913
9582.28  0.142702  0.733186
9593.04  0.14041  0.708674
9603.81  0.138225  0.684352
9614.58  0.136143  0.660191
9625.34  0.134161  0.636166
9636.11  0.132277  0.612249
9646.88  0.130487  0.588413
9657.64  0.128788  0.564632
9668.41  0.127177  0.540877
9679.17  0.125652  0.517123
9689.94  0.124209  0.493341
9700.71  0.122846  0.469504
9711.47  0.12156  0.445585
9722.24  0.120348  0.421556
9733.01  0.119208  0.397388
9743.77  0.118136  0.373053
9754.54  0.11713  0.348524
9765.31  0.116187  0.323772
9776.07  0.115305  0.298767
9786.84  0.114481  0.273483
9797.61  0.113712  0.24789
9808.37  0.112996  0.221961
9819.14  0.11233  0.195666
9829.91  0.111711  0.168972
9840.67  0.111139  0.141835
9851.44  0.11061  0.114187
9862.21  0.110113  0.0859755
9872.97  0.109639  0.0572247
9883.74  0.109187  0.0279617
9894.51  0.108758  -0.00183795
9905.27  0.108348  -0.0322149
9916.04  0.107953  -0.0632036
9926.81  0.107568  -0.0948316
9937.57  0.107187  -0.12712
9948.34  0.106803  -0.160087
9959.11  0.106412  -0.193745
9969.87  0.106007  -0.228103
9980.64  0.105582  -0.263165
9991.41  1e-09  0
10002.2  1e-09  0
10012.9  1e-09  0
10023.7  1e-09  0
10034.5  1e-09  0
10045.2  1e-09  0
10056  1e-09  0
10066.8  1e-09  0
10077.5  1e-09  0
10088.3  1e-09  0
10099.1  1e-09  0
10109.8  1e-09  0
10120.6  1e-09  0
10131.4  1e-09  0
10142.1  1e-09  0
10152.9  1e-09  0
10163.7  1e-09  0
10174.4  1e-09  0
10185.2  1e-09  0
10196  1e-09  0
10206.7  1e-09  0
10217.5  1e-09  0
10228.3  1e-09  0
10239  1e-09  0
10249.8  1e-09  0
10260.6  1e-09  0
10271.3  1e-09  0
10282.1  1e-09  0
10292.9  1e-09  0
10303.6  1e-09  0
10314.4  1e-09  0
10325.2  1e-09  0
10335.9  1e-09  0
10346.7  1e-09  0
10357.5  1e-09  0
10368.2  1e-09  0
10379  1e-09  0
10389.8  1e-09  0
10400.5  1e-09  0
10411.3  1e-09  0
10422.1  1e-09  0
10432.8  1e-09  0
10443.6  1e-09  0
10454.4  1e-09  0
10465.1  1e-09  0
10475.9  1e-09  0
10486.7  1e-09  0
10497.4  1e-09  0
10508.2  1e-09  0
10519  1e-09  0
10529.7  1e-09  0
10540.5  1e-09  0
10551.3  1e-09  0
10562  1e-09  0
10572.8  1e-09  0
10583.6  1e-09  0
10594.3  1e-09  0
10605.1  1e-09  0
10615.9  1e-09  0
10626.6  1e-09  0
10637.4  1e-09  0
10648.2  1e-09  0
10658.9  1e-09  0
10669.7  1e-09  0
10680.5  1e-09  0
10691.2  1e-09  0
10702  1e-09  0
10712.8  1e-09  0
10723.5  1e-09  0
10734.3  1e-09  0
10745.1  1e-09  0
10755.8  1e-09  0
10766.6  1e-09  0
10777.4  1e-09  0
10788.1  1e-09  0
10798.9  1e-09  0
10809.7  1e-09  0
10820.4  1e-09  0
10831.2  1e-09  0
10842  1e-09  0
10852.7  1e-09  0
10863.5  1e-09  0
10874.3  1e-09  0
10885  1e-09  0
10895.8  1e-09  0
10906.6  1e-09  0
10917.3  1e-09  0
10928.1  1e-09  0
10938.9  1e-09  0
10949.6  1e-09  0
10960.4  1e-09  0
10971.2  1e-09  0
10981.9  1e-09  0
10992.7  1e-09  0
11003.5  1e-09  0
11014.2  1e-09  0
11025  1e-09  0
11035.8  1e-09  0
11046.5  1e-09  0
11057.3  1e-09  0
11068.1  1e-09  0
11078.8  1e-09  0
11089.6  1e-09  0
11100.4  1e-09  0
11111.1  1e-09  0
11121.9  1e-09  0
11132.7  1e-09  0
11143.4  1e-09  0
11154.2  1e-09  0
11165  1e-09  0
11175.7  1e-09  0
11186.5  1e-09  0
11197.3  1e-09  0
11208  1e-09  0
11218.8  1e-09  0
11229.6  1e-09  0
11240.3  1e-09  0
11251.1  1e-09  0
11261.9  1e-09  0
11272.6  1e-09  0
11283.4  1e-09  0
11294.2  1e-09  0
11304.9  1e-09  0
11315.7  1e-09  0
11326.5  1e-09  0
11337.2  1e-09  0
11348  1e-09  0
11358.8  1e-09  0
11369.5  1e-09  0
11380.3  1e-09  0
11391.1  1e-09  0
11401.8  1e-09  0
11412.6  1e-09  0
11423.4  1e-09  0
11434.1  1e-09  0
11444.9  1e-09  0
11455.7  1e-09  0
11466.4  1e-09  0
11477.2  1e-09  0
11488  1e-09  0
11498.7  1e-09  0
11509.5  1e-09  0
11520.3  1e-09  0
11531  1e-09  0
11541.8  1e-09  0
11552.6  1e-09  0
11563.3  1e-09  0
11574.1  1e-09  0
11584.9  1e-09  0
11595.6  1e-09  0
11606.4  1e-09  0
11617.2  1e-09  0
11627.9  1e-09  0
11638.7  1e-09  0
11649.5  1e-09  0
11660.2  1e-09  0
11671  1e-09  0
11681.8  1e-09  0
11692.5  1e-09  0
11703.3  1e-09  0
11714.1  1e-09  0
11724.8  1e-09  0
11735.6  1e-09  0
11746.4  1e-09  0
11757.1  1e-09  0
11767.9  1e-09  0
11778.7  1e-09  0
11789.4  1e-09  0
11800.2  1e-09  0
11811  1e-09  0
11821.7  1e-09  0
11832.5  1e-09  0
11843.3  1e-09  0
11854  1e-09  0
11864.8  1e-09  0
11875.6  1e-09  0
11886.3  1e-09  0
11897.1  1e-09  0
11907.9  1e-09  0
11918.6  1e-09  0
11929.4  1e-09  0
11940.2  1e-09  0
11950.9  1e-09  0
11961.7  1e-09  0
11972.5  1e-09  0
11983.2  1e-09  0
11994  1e-09  0
12004.8  1e-09  0
12015.5  1e-09  0
12026.3  1e-09  0
12037.1  1e-09  0
12047.8  1e-09  0
12058.6  1e-09  0
12069.4  1e-09  0
12080.1  1e-09  0
12090.9  1e-09  0
12101.7  1e-09  0
12112.4  1e-09  0
12123.2  1e-09  0
12134  1e-09  0
12144.7  1e-09  0
12155.5  1e-09  0
12166.3  1e-09  0
12177  1e-09  0
12187.8  1e-09  0
12198.6  1e-09  0
12209.3  1e-09  0
12220.1  1e-09  0
12230.9  1e-09  0
12241.6  1e-09  0
12252.4  1e-09  0
12263.2  1e-09  0
12273.9  1e-09  0
12284.7  1e-09  0
12295.5  1e-09  0
12306.2  1e-09  0
12317  1e-09  0
12327.8  1e-09  0
12338.5  1e-09  0
12349.3  1e-09  0
12360.1  1e-09  0
12370.8  1e-09  0
12381.6  1e-09  0
12392.4  1e-09  0
12403.1  1e-09  0
12413.9  1e-09  0
12424.7  1e-09  0
12435.4  1e-09  0
12446.2  1e-09  0
12457  1e-09  0
12467.7  1e-09  0
12478.5  1e-09  0
12489.3  1e-09  0
12500  1e-09  0
12510.8  1e-09  0
12521.6  1e-09  0
12532.3  1e-09  0
12543.1  1e-09  0
12553.9  1e-09  0
12564.6  1e-09  0
12575.4  1e-09  0
12586.2  1e-09  0
12596.9  1e-09  0
12607.7  1e-09  0
12618.5  1e-09  0
12629.2  1e-09  0
12640  1e-09  0
12650.8  1e-09  0
12661.5  1e-09  0
12672.3  1e-09  0
12683.1  1e-09  0
12693.8  1e-09  0
12704.6  1e-09  0
12715.4  1e-09  0
12726.1  1e-09  0
12736.9  1e-09  0
12747.7  1e-09  0
12758.4  1e-09  0
12769.2  1e-09  0
12780  1e-09  0
12790.7  1e-09  0
12801.5  1e-09  0
12812.3  1e-09  0
12823  1e-09  0
12833.8  1e-09  0
12844.6  1e-09  0
12855.3  1e-09  0
12866.1  1e-09  0
12876.9  1e-09  0
12887.6  1e-09  0
12898.4  1e-09  0
12909.2  1e-09  0
12919.9  1e-09  0
12930.7  1e-09  0
12941.5  1e-09  0
12952.2  1e-09  0
12963  1e-09  0
12973.8  1e-09  0
12984.5  1e-09  0
12995.3  1e-09  0
13006.1  1e-09  0
13016.8  1e-09  0
13027.6  1e-09  0
13038.4  1e-09  0
13049.1  1e-09  0
13059.9  1e-09  0
13070.7  1e-09  0
13081.4  1e-09  0
13092.2  1e-09  0
13103  1e-09  0
13113.7  1e-09  0
13124.5  1e-09  0
13135.3  1e-09  0
13146  1e-09  0
13156.8  1e-09  0
13167.6  1e-09  0
13178.3  1e-09  0
13189.1  1e-09  0
13199.9  1e-09  0
13210.6  1e-09  0
13221.4  1e-09  0
13232.2  1e-09  0
13242.9  1e-09  0
13253.7  1e-09  0
13264.5  1e-09  0
13275.2  1e-09  0
13286  1e-09  0
13296.8  1e-09  0
13307.5  1e-09  0
13318.3  1e-09  0
13329.1  1e-09  0
13339.8  1e-09  0
13350.6  1e-09  0
13361.4  1e-09  0
13372.1  1e-09  0
13382.9  1e-09  0
13393.7  1e-09  0
13404.4  1e-09  0
13415.2  1e-09  0
13426  1e-09  0
13436.7  1e-09  0
13447.5  1e-09  0
13458.3  1e-09  0
13469  1e-09  0
13479.8  1e-09  0
13490.6  1e-09  0
13501.3  1e-09  0
13512.1  1e-09  0
13522.9  1e-09  0
13533.6  1e-09  0
13544.4  1e-09  0
13555.2  1e-09  0
13565.9  1e-09  0
13576.7  1e-09  0
13587.5  1e-09  0
13598.2  1e-09  0
13609  1e-09  0
13619.8  1e-09  0
13630.5  1e-09  0
13641.3  1e-09  0
13652.1  1e-09  0
13662.8  1e-09  0
13673.6  1e-09  0
13684.4  1e-09  0
13695.1  1e-09  0
13705.9  1e-09  0
13716.7  1e-09  0
13727.4  1e-09  0
13738.2  1e-09  0
13749  1e-09  0
13759.7  1e-09  0
13770.5  1e-09  0
13781.3  1e-09  0
13792  1e-09  0
13802.8  1e-09  0
13813.5  1e-09  0
13824.3  1e-09  0
13835.1  1e-09  0
13845.8  1e-09  0
13856.6  1e-09  0
13867.4  1e-09  0
13878.1  1e-09  0
13888.9  1e-09  0
13899.7  1e-09  0
13910.4  1e-09  0
13921.2  1e-09  0
13932  1e-09  0
13942.7  1e-09  0
13953.5  1e-09  0
13964.3  1e-09  0
13975  1e-09  0
13985.8  1e-09  0
13996.6  1e-09  0
14007.3  1e-09  0
14018.1  1e-09  0
14028.9  1e-09  0
14039.6  1e-09  0
14050.4  1e-09  0
14061.2  1e-09  0
14071.9  1e-09  0
14082.7  1e-09  0
14093.5  1e-09  0
14104.2  1e-09  0
14115  1e-09  0
14125.8  1e-09  0
14136.5  1e-09  0
14147.3  1e-09  0
14158.1  1e-09  0
14168.8  1e-09  0
14179.6  1e-09  0
14190.4  1e-09  0
14201.1  1e-09  0
14211.9  1e-09  0
14222.7  1e-09  0
14233.4  1e-09  0
14244.2  1e-09  0
14255  1e-09  0
14265.7  1e-09  0
14276.5  1e-09  0
14287.3  1e-09  0
14298  1e-09  0
14308.8  1e-09  0
14319.6  1e-09  0
14330.3  1e-09  0
14341.1  1e-09  0
14351.9  1e-09  0
14362.6  1e-09  0
14373.4  1e-09  0
14384.2  1e-09  0
14394.9  1e-09  0
14405.7  1e-09  0
14416.5  1e-09  0
14427.2  1e-09  0
14438  1e-09  0
14448.8  1e-09  0
14459.5  1e-09  0
14470.3  1e-09  0
14481.1  1e-09  0
14491.8  1e-09  0
14502.6  1e-09  0
14513.4  1e-09  0
14524.1  1e-09  0
14534.9  1e-09  0
14545.7  1e-09  0
14556.4  1e-09  0
14567.2  1e-09  0
14578  1e-09  0
14588.7  1e-09  0
14599.5  1e-09  0
14610.3  1e-09  0
14621  1e-09  0
14631.8  1e-09  0
14642.6  1e-09  0
14653.3  1e-09  0
14664.1  1e-09  0
14674.9  1e-09  0
14685.6  1e-09  0
14696.4  1e-09  0
14707.2  1e-09  0
14717.9  1e-09  0
14728.7  1e-09  0
14739.5  1e-09  0
14750.2  1e-09  0
14761  1e-09  0
14771.8  1e-09  0
14782.5  1e-09  0
14793.3  1e-09  0
14804.1  1e-09  0
14814.8  1e-09  0
14825.6  1e-09  0
14836.4  1e-09  0
14847.1  1e-09  0
14857.9  1e-09  0
14868.7  1e-09  0
14879.4  1e-09  0
14890.2  1e-09  0
14901  1e-09  0
14911.7  1e-09  0
14922.5  1e-09  0
14933.3  1e-09  0
14944  1e-09  0
14954.8  1e-09  0
14965.6  1e-09  0
14976.3  1e-09  0
14987.1  1e-09  0
14997.9  1e-09  0
15008.6  1e-09  0
15019.4  1e-09  0
15030.2  1e-09  0
15040.9  1e-09  0
15051.7  1e-09  0
15062.5  1e-09  0
15073.2  1e-09  0
15084  1e-09  0
15094.8  1e-09  0
15105.5  1e-09  0
15116.3  1e-09  0
15127.1  1e-09  0
15137.8  1e-09  0
15148.6  1e-09  0
15159.4  1e-09  0
15170.1  1e-09  0
15180.9  1e-09  0
15191.7  1e-09  0
15202.4  1e-09  0
15213.2  1e-09  0
15224  1e-09  0
15234.7  1e-09  0
15245.5  1e-09  0
15256.3  1e-09  0
15267  1e-09  0
15277.8  1e-09  0
15288.6  1e-09  0
15299.3  1e-09  0
15310.1  1e-09  0
15320.9  1e-09  0
15331.6  1e-09  0
15342.4  1e-09  0
15353.2  1e-09  0
15363.9  1e-09  0
15374.7  1e-09  0
15385.5  1e-09  0
15396.2  1e-09  0
15407  1e-09  0
15417.8  1e-09  0
15428.5  1e-09  0
15439.3  1e-09  0
15450.1  1e-09  0
15460.8  1e-09  0
15471.6  1e-09  0
15482.4  1e-09  0
15493.1  1e-09  0
15503.9  1e-09  0
15514.7  1e-09  0
15525.4  1e-09  0
15536.2  1e-09  0
15547  1e-09  0
15557.7  1e-09  0
15568.5  1e-09  0
15579.3  1e-09  0
15590  1e-09  0
15600.8  1e-09  0
15611.6  1e-09  0
15622.3  1e-09  0
15633.1  1e-09  0
15643.9  1e-09  0
15654.6  1e-09  0
15665.4  1e-09  0
15676.2  1e-09  0
15686.9  1e-09  0
15697.7  1e-09  0
15708.5  1e-09  0
15719.2  1e-09  0
15730  1e-09  0
15740.8  1e-09  0
15751.5  1e-09  0
15762.3  1e-09  0
15773.1  1e-09  0
15783.8  1e-09  0
15794.6  1e-09  0
15805.4  1e-09  0
15816.1  1e-09  0
15826.9  1e-09  0
15837.7  1e-09  0
15848.4  1e-09  0
15859.2  1e-09  0
15870  1e-09  0
15880.7  1e-09  0
15891.5  1e-09  0
15902.3  1e-09  0
15913  1e-09  0
15923.8  1e-09  0
15934.6  1e-09  0
15945.3  1e-09  0
15956.1  1e-09  0
15966.9  1e-09  0
15977.6  1e-09  0
15988.4  1e-09  0
15999.2  1e-09  0
16009.9  1e-09  0
16020.7  1e-09  0
16031.5  1e-09  0
16042.2  1e-09  0
16053  1e-09  0
16063.8  1e-09  0
16074.5  1e-09  0
16085.3  1e-09  0
16096.1  1e-09  0
16106.8  1e-09  0
16117.6  1e-09  0
16128.4  1e-09  0
16139.1  1e-09  0
16149.9  1e-09  0
16160.7  1e-09  0
16171.4  1e-09  0
16182.2  1e-09  0
16193  1e-09  0
16203.7  1e-09  0
16214.5  1e-09  0
16225.3  1e-09  0
16236  1e-09  0
16246.8  1e-09  0
16257.6  1e-09  0
16268.3  1e-09  0
16279.1  1e-09  0
16289.9  1e-09  0
16300.6  1e-09  0
16311.4  1e-09  0
16322.2  1e-09  0
16332.9  1e-09  0
16343.7  1e-09  0
16354.5  1e-09  0
16365.2  1e-09  0
16376  1e-09  0
16386.8  1e-09  0
16397.5  1e-09  0
16408.3  1e-09  0
16419.1  1e-09  0
16429.8  1e-09  0
16440.6  1e-09  0
16451.4  1e-09  0
16462.1  1e-09  0
16472.9  1e-09  0
16483.7  1e-09  0
16494.4  1e-09  0
16505.2  1e-09  0
16516  1e-09  0
16526.7  1e-09  0
16537.5  1e-09  0
16548.3  1e-09  0
16559  1e-09  0
16569.8  1e-09  0
16580.6  1e-09  0
16591.3  1e-09  0
16602.1  1e-09  0
16612.9  1e-09  0
16623.6  1e-09  0
16634.4  1e-09  0
16645.2  1e-09  0
16655.9  1e-09  0
16666.7  1e-09  0
16677.5  1e-09  0
16688.2  1e-09  0
16699  1e-09  0
16709.8  1e-09  0
16720.5  1e-09  0
16731.3  1e-09  0
16742.1  1e-09  0
16752.8  1e-09  0
16763.6  1e-09  0
16774.4  1e-09  0
16785.1  1e-09  0
16795.9  1e-09  0
16806.7  1e-09  0
16817.4  1e-09  0
16828.2  1e-09  0
16839  1e-09  0
16849.7  1e-09  0
16860.5  1e-09  0
16871.3  1e-09  0
16882  1e-09  0
16892.8  1e-09  0
16903.6  1e-09  0
16914.3  1e-09  0
16925.1  1e-09  0
16935.9  1e-09  0
16946.6  1e-09  0
16957.4  1e-09  0
16968.2  1e-09  0
16978.9  1e-09  0
16989.7  1e-09  0
17000.5  1e-09  0
17011.2  1e-09  0
17022  1e-09  0
17032.8  1e-09  0
17043.5  1e-09  0
17054.3  1e-09  0
17065.1  1e-09  0
17075.8  1e-09  0
17086.6  1e-09  0
17097.4  1e-09  0
17108.1  1e-09  0
17118.9  1e-09  0
17129.7  1e-09  0
17140.4  1e-09  0
17151.2  1e-09  0
17162  1e-09  0
17172.7  1e-09  0
17183.5  1e-09  0
17194.3  1e-09  0
17205  1e-09  0
17215.8  1e-09  0
17226.6  1e-09  0
17237.3  1e-09  0
17248.1  1e-09  0
17258.9  1e-09  0
17269.6  1e-09  0
17280.4  1e-09  0
17291.2  1e-09  0
17301.9  1e-09  0
17312.7  1e-09  0
17323.5  1e-09  0
17334.2  1e-09  0
17345  1e-09  0
17355.8  1e-09  0
17366.5  1e-09  0
17377.3  1e-09  0
17388.1  1e-09  0
17398.8  1e-09  0
17409.6  1e-09  0
17420.4  1e-09  0
17431.1  1e-09  0
17441.9  1e-09  0
17452.7  1e-09  0
17463.4  1e-09  0
17474.2  1e-09  0
17485  1e-09  0
17495.7  1e-09  0
17506.5  1e-09  0
17517.3  1e-09  0
17528  1e-09  0
17538.8  1e-09  0
17549.6  1e-09  0
17560.3  1e-09  0
17571.1  1e-09  0
17581.9  1e-09  0
17592.6  1e-09  0
17603.4  1e-09  0
17614.2  1e-09  0
17624.9  1e-09  0
17635.7  1e-09  0
17646.5  1e-09  0
17657.2  1e-09  0
17668  1e-09  0
17678.8  1e-09  0
17689.5  1e-09  0
17700.3  1e-09  0
17711.1  1e-09  0
17721.8  1e-09  0
17732.6  1e-09  0
17743.4  1e-09  0
17754.1  1e-09  0
17764.9  1e-09  0
17775.7  1e-09  0
17786.4  1e-09  0
17797.2  1e-09  0
17808  1e-09  0
17818.7  1e-09  0
17829.5  1e-09  0
17840.3  1e-09  0
17851  1e-09  0
17861.8  1e-09  0
17872.6  1e-09  0
17883.3  1e-09  0
17894.1  1e-09  0
17904.9  1e-09  0
17915.6  1e-09  0
17926.4  1e-09  0
17937.2  1e-09  0
17947.9  1e-09  0
17958.7  1e-09  0
17969.5  1e-09  0
17980.2  1e-09  0
17991  1e-09  0
18001.8  1e-09  0
18012.5  1e-09  0
18023.3  1e-09  0
18034.1  1e-09  0
18044.8  1e-09  0
18055.6  1e-09  0
18066.4  1e-09  0
18077.1  1e-09  0
18087.9  1e-09  0
18098.7  1e-09  0
18109.4  1e-09  0
18120.2  1e-09  0
18131  1e-09  0
18141.7  1e-09  0
18152.5  1e-09  0
18163.3  1e-09  0
18174  1e-09  0
18184.8  1e-09  0
18195.6  1e-09  0
18206.3  1e-09  0
18217.1  1e-09  0
18227.9  1e-09  0
18238.6  1e-09  0
18249.4  1e-09  0
18260.2  1e-09  0
18270.9  1e-09  0
18281.7  1e-09  0
18292.5  1e-09  0
18303.2  1e-09  0
18314  1e-09  0
18324.8  1e-09  0
18335.5  1e-09  0
18346.3  1e-09  0
18357.1  1e-09  0
18367.8  1e-09  0
18378.6  1e-09  0
18389.4  1e-09  0
18400.1  1e-09  0
18410.9  1e-09  0
18421.7  1e-09  0
18432.4  1e-09  0
18443.2  1e-09  0
18454  1e-09  0
18464.7  1e-09  0
18475.5  1e-09  0
18486.3  1e-09  0
18497  1e-09  0
18507.8  1e-09  0
18518.6  1e-09  0
18529.3  1e-09  0
18540.1  1e-09  0
18550.9  1e-09  0
18561.6  1e-09  0
18572.4  1e-09  0
18583.2  1e-09  0
18593.9  1e-09  0
18604.7  1e-09  0
18615.5  1e-09  0
18626.2  1e-09  0
18637  1e-09  0
18647.8  1e-09  0
18658.5  1e-09  0
18669.3  1e-09  0
18680.1  1e-09  0
18690.8  1e-09  0
18701.6  1e-09  0
18712.4  1e-09  0
18723.1  1e-09  0
18733.9  1e-09  0
18744.7  1e-09  0
18755.4  1e-09  0
18766.2  1e-09  0
18777  1e-09  0
18787.7  1e-09  0
18798.5  1e-09  0
18809.3  1e-09  0
18820  1e-09  0
18830.8  1e-09  0
18841.6  1e-09  0
18852.3  1e-09  0
18863.1  1e-09  0
18873.9  1e-09  0
18884.6  1e-09  0
18895.4  1e-09  0
18906.2  1e-09  0
18916.9  1e-09  0
18927.7  1e-09  0
18938.5  1e-09  0
18949.2  1e-09  0
18960  1e-09  0
18970.8  1e-09  0
18981.5  1e-09  0
18992.3  1e-09  0
19003.1  1e-09  0
19013.8  1e-09  0
19024.6  1e-09  0
19035.4  1e-09  0
19046.1  1e-09  0
19056.9  1e-09  0
19067.7  1e-09  0
19078.4  1e-09  0
19089.2  1e-09  0
19100  1e-09  0
19110.7  1e-09  0
19121.5  1e-09  0
19132.3  1e-09  0
19143  1e-09  0
19153.8  1e-09  0
19164.6  1e-09  0
19175.3  1e-09  0
19186.1  1e-09  0
19196.9  1e-09  0
19207.6  1e-09  0
19218.4  1e-09  0
19229.2  1e-09  0
19239.9  1e-09  0
19250.7  1e-09  0
19261.5  1e-09  0
19272.2  1e-09  0
19283  1e-09  0
19293.8  1e-09  0
19304.5  1e-09  0
19315.3  1e-09  0
19326  1e-09  0
19336.8  1e-09  0
19347.6  1e-09  0
19358.3  1e-09  0
19369.1  1e-09  0
19379.9  1e-09  0
19390.6  1e-09  0
19401.4  1e-09  0
19412.2  1e-09  0
19422.9  1e-09  0
19433.7  1e-09  0
19444.5  1e-09  0
19455.2  1e-09  0
19466  1e-09  0
19476.8  1e-09  0
19487.5  1e-09  0
19498.3  1e-09  0
19509.1  1e-09  0
19519.8  1e-09  0
19530.6  1e-09  0
19541.4  1e-09  0
19552.1  1e-09  0
19562.9  1e-09  0
19573.7  1e-09  0
19584.4  1e-09  0
19595.2  1e-09  0
19606  1e-09  0
19616.7  1e-09  0
19627.5  1e-09  0
19638.3  1e-09  0
19649  1e-09  0
19659.8  1e-09  0
19670.6  1e-09  0
19681.3  1e-09  0
19692.1  1e-09  0
19702.9  1e-09  0
19713.6  1e-09  0
19724.4  1e-09  0
19735.2  1e-09  0
19745.9  1e-09  0
19756.7  1e-09  0
19767.5  1e-09  0
19778.2  1e-09  0
19789  1e-09  0
19799.8  1e-09  0
19810.5  1e-09  0
19821.3  1e-09  0
19832.1  1e-09  0
19842.8  1e-09  0
19853.6  1e-09  0
19864.4  1e-09  0
19875.1  1e-09  0
19885.9  1e-09  0
19896.7  1e-09  0
19907.4  1e-09  0
19918.2  1e-09  0
19929  1e-09  0
19939.7  1e-09  0
19950.5  1e-09  0
19961.3  1e-09  0
19972  1e-09  0
19982.8  1e-09  0
19993.6  1e-09  0
20004.3  1e-09  0
20015.1  1e-09  0
20025.9  1e-09  0
20036.6  1e-09  0
20047.4  1e-09  0
20058.2  1e-09  0
20068.9  1e-09  0
20079.7  1e-09  0
20090.5  1e-09  0
20101.2  1e-09  0
20112  1e-09  0
20122.8  1e-09  0
20133.5  1e-09  0
20144.3  1e-09  0
20155.1  1e-09  0
20165.8  1e-09  0
20176.6  1e-09  0
20187.4  1e-09  0
20198.1  1e-09  0
20208.9  1e-09  0
20219.7  1e-09  0
20230.4  1e-09  0
20241.2  1e-09  0
20252  1e-09  0
20262.7  1e-09  0
20273.5  1e-09  0
20284.3  1e-09  0
20295  1e-09  0
20305.8  1e-09  0
20316.6  1e-09  0
20327.3  1e-09  0
20338.1  1e-09  0
20348.9  1e-09  0
20359.6  1e-09  0
20370.4  1e-09  0
20381.2  1e-09  0
20391.9  1e-09  0
20402.7  1e-09  0
20413.5  1e-09  0
20424.2  1e-09  0
20435  1e-09  0
20445.8  1e-09  0
20456.5  1e-09  0
20467.3  1e-09  0
20478.1  1e-09  0
20488.8  1e-09  0
20499.6  1e-09  0
20510.4  1e-09  0
20521.1  1e-09  0
20531.9  1e-09  0
20542.7  1e-09  0
20553.4  1e-09  0
20564.2  1e-09  0
20575  1e-09  0
20585.7  1e-09  0
20596.5  1e-09  0
20607.3  1e-09  0
20618  1e-09  0
20628.8  1e-09  0
20639.6  1e-09  0
20650.3  1e-09  0
20661.1  1e-09  0
20671.9  1e-09  0
20682.6  1e-09  0
20693.4  1e-09  0
20704.2  1e-09  0
20714.9  1e-09  0
20725.7  1e-09  0
20736.5  1e-09  0
20747.2  1e-09  0
20758  1e-09  0
20768.8  1e-09  0
20779.5  1e-09  0
20790.3  1e-09  0
20801.1  1e-09  0
20811.8  1e-09  0
20822.6  1e-09  0
20833.4  1e-09  0
20844.1  1e-09  0
20854.9  1e-09  0
20865.7  1e-09  0
20876.4  1e-09  0
20887.2  1e-09  0
20898  1e-09  0
20908.7  1e-09  0
20919.5  1e-09  0
20930.3  1e-09  0
20941  1e-09  0
20951.8  1e-09  0
20962.6  1e-09  0
20973.3  1e-09  0
20984.1  1e-09  0
20994.9  1e-09  0
21005.6  1e-09  0
21016.4  1e-09  0
21027.2  1e-09  0
21037.9  1e-09  0
21048.7  1e-09  0
21059.5  1e-09  0
21070.2  1e-09  0
21081  1e-09  0
21091.8  1e-09  0
21102.5  1e-09  0
21113.3  1e-09  0
21124.1  1e-09  0
21134.8  1e-09  0
21145.6  1e-09  0
21156.4  1e-09  0
21167.1  1e-09  0
21177.9  1e-09  0
21188.7  1e-09  0
21199.4  1e-09  0
21210.2  1e-09  0
21221  1e-09  0
21231.7  1e-09  0
21242.5  1e-09  0
21253.3  1e-09  0
21264  1e-09  0
21274.8  1e-09  0
21285.6  1e-09  0
21296.3  1e-09  0
21307.1  1e-09  0
21317.9  1e-09  0
21328.6  1e-09  0
21339.4  1e-09  0
21350.2  1e-09  0
21360.9  1e-09  0
21371.7  1e-09  0
21382.5  1e-09  0
21393.2  1e-09  0
21404  1e-09  0
21414.8  1e-09  0
21425.5  1e-09  0
21436.3  1e-09  0
21447.1  1e-09  0
21457.8  1e-09  0
21468.6  1e-09  0
21479.4  1e-09  0
21490.1  1e-09  0
21500.9  1e-09  0
21511.7  1e-09  0
21522.4  1e-09  0
21533.2  1e-09  0
21544  1e-09  0
21554.7  1e-09  0
21565.5  1e-09  0
21576.3  1e-09  0
21587  1e-09  0
21597.8  1e-09  0
21608.6  1e-09  0
21619.3  1e-09  0
21630.1  1e-09  0
21640.9  1e-09  0
21651.6  1e-09  0
21662.4  1e-09  0
21673.2  1e-09  0
21683.9  1e-09  0
21694.7  1e-09  0
21705.5  1e-09  0
21716.2  1e-09  0
21727  1e-09  0
21737.8  1e-09  0
21748.5  1e-09  0
21759.3  1e-09  0
21770.1  1e-09  0
21780.8  1e-09  0
21791.6  1e-09  0
21802.4  1e-09  0
21813.1  1e-09  0
21823.9  1e-09  0
21834.7  1e-09  0
21845.4  1e-09  0
21856.2  1e-09  0
21867  1e-09  0
21877.7  1e-09  0
21888.5  1e-09  0
21899.3  1e-09  0
21910  1e-09  0
21920.8  1e-09  0
21931.6  1e-09  0
21942.3  1e-09  0
21953.1  1e-09  0
21963.9  1e-09  0
21974.6  1e-09  0
21985.4  1e-09  0
21996.2  1e-09  0
22006.9  1e-09  0
22017.7  1e-09  0
22028.5  1e-09  0

