num_points: 2047
frequency_Hz  magnitude  phase_rad
0  1.00272  -0.0122398
10.7666  1.00272  -0.0122398
21.5332  1.00476  -0.0254635
32.2998  1.00866  -0.0384589
43.0664  1.01451  -0.0513878
53.833  1.02241  -0.0642777
64.5996  1.03247  -0.0771407
75.3662  1.04488  -0.089993
86.1328  1.05984  -0.102861
96.8994  1.07764  -0.115787
107.666  1.09859  -0.128825
118.433  1.12311  -0.142054
129.199  1.15168  -0.155571
139.966  1.1849  -0.169501
150.732  1.22352  -0.184002
161.499  1.26844  -0.199272
172.266  1.32082  -0.215559
183.032  1.38212  -0.233182
193.799  1.45423  -0.252548
204.565  1.53958  -0.274191
215.332  1.64143  -0.298823
226.099  1.76416  -0.327412
236.865  1.91376  -0.361315
247.632  2.09861  -0.402477
258.398  2.33053  -0.453788
269.165  2.62644  -0.519698
279.932  3.01027  -0.607527
290.698  3.50809  -0.730885
301.465  4.10444  -0.904804
312.231  4.75203  -1.14338
322.998  5.20602  -1.45897
333.765  5.11095  -1.81104
344.531  4.50334  -2.12347
355.298  3.75836  -2.35814
366.064  3.1079  -2.52378
376.831  2.59695  -2.64095
387.598  2.20448  -2.72602
398.364  1.90098  -2.78971
409.131  1.66254  -2.83878
419.897  1.47186  -2.87755
430.664  1.31677  -2.90883
441.431  1.18867  -2.93453
452.197  1.08141  -2.95598
462.964  0.990512  -2.97411
473.73  0.912657  -2.98962
484.497  0.845345  -3.00301
495.264  0.786663  -3.01468
506.03  0.735125  -3.02492
516.797  0.68956  -3.03397
527.563  0.649038  -3.04201
538.33  0.612807  -3.04921
549.097  0.580255  -3.05567
559.863  0.550883  -3.0615
570.63  0.524273  -3.06678
581.396  0.500078  -3.07157
592.163  0.478009  -3.07595
602.93  0.457818  -3.07995
613.696  0.439299  -3.08362
624.463  0.422277  -3.08701
635.229  0.40661  -3.09016
645.996  0.392177  -3.0932
656.763  0.378793  -3.09645
667.529  0.366116  -3.09961
678.296  0.354283  -3.10192
689.063  0.34338  -3.1039
699.829  0.333268  -3.1058
710.596  0.323846  -3.10762
721.362  0.315047  -3.10935
732.129  0.306821  -3.11101
742.896  0.299125  -3.1126
753.662  0.291922  -3.11416
764.429  0.285167  -3.1158
775.195  0.278755  -3.11752
785.962  0.272664  -3.11889
796.729  0.266978  -3.12
807.495  0.261661  -3.12107
818.262  0.256669  -3.12212
829.028  0.251975  -3.12315
839.795  0.247557  -3.12416
850.562  0.243398  -3.12513
861.328  0.239484  -3.12607
872.095  0.235801  -3.12697
882.861  0.232336  -3.12785
893.628  0.229077  -3.1287
904.395  0.226014  -3.12953
915.161  0.223138  -3.13033
925.928  0.22044  -3.13111
936.694  0.217911  -3.13186
947.461  0.215545  -3.1326
958.228  0.213333  -3.13332
968.994  0.211271  -3.13402
979.761  0.209352  -3.1347
990.527  0.20757  -3.13537
1001.29  0.205922  -3.13603
1012.06  0.204402  -3.13667
1022.83  0.203007  -3.13731
1033.59  0.201733  -3.13793
1044.36  0.200576  -3.13854
1055.13  0.199533  -3.13915
1065.89  0.198602  -3.13975
1076.66  0.197781  -3.14034
1087.43  0.197066  -3.14093
1098.19  0.196456  -3.14151
1108.96  0.19595  3.1411
1119.73  0.195546  3.14053
1130.49  0.195243  3.13996
1141.26  0.195039  3.1394
1152.03  0.194935  3.13883
1162.79  0.194929  3.13827
1173.56  0.195021  3.13771
1184.33  0.195211  3.13715
1195.09  0.195499  3.13659
1205.86  0.195885  3.13603
1216.63  0.19637  3.13546
1227.39  0.196955  3.1349
1238.16  0.19764  3.13433
1248.93  0.198427  3.13376
1259.69  0.199316  3.13319
1270.46  0.200309  3.13261
1281.23  0.201409  3.13203
1291.99  0.202617  3.13145
1302.76  0.203935  3.13086
1313.53  0.205366  3.13027
1324.29  0.206912  3.12967
1335.06  0.208578  3.12906
1345.83  0.210365  3.12845
1356.59  0.212278  3.12783
1367.36  0.214322  3.1272
1378.13  0.2165  3.12656
1388.89  0.218818  3.12591
1399.66  0.221283  3.12524
1410.42  0.223902  3.12454
1421.19  0.226676  3.12375
1431.96  0.229589  3.12286
1442.72  0.232629  3.12204
1453.49  0.235851  3.12138
1464.26  0.239275  3.12072
1475.02  0.2429  3.12003
1485.79  0.246727  3.11931
1496.56  0.250765  3.11857
1507.32  0.255024  3.1178
1518.09  0.259514  3.117
1528.86  0.264248  3.11619
1539.62  0.269238  3.11535
1550.39  0.2745  3.11449
1561.16  0.280049  3.11361
1571.92  0.285902  3.11271
1582.69  0.292077  3.11178
1593.46  0.298594  3.11083
1604.22  0.305475  3.10985
1614.99  0.312743  3.10884
1625.76  0.320424  3.1078
1636.52  0.328546  3.10674
1647.29  0.33714  3.10564
1658.06  0.34624  3.1045
1668.82  0.355882  3.10333
1679.59  0.366106  3.10212
1690.36  0.376958  3.10087
1701.12  0.388486  3.09958
1711.89  0.400746  3.09824
1722.66  0.413797  3.09685
1733.42  0.427707  3.09541
1744.19  0.442552  3.0939
1754.96  0.458417  3.09234
1765.72  0.475397  3.0907
1776.49  0.493605  3.08897
1787.26  0.513165  3.08709
1798.02  0.53415  3.08493
1808.79  0.556546  3.08273
1819.56  0.580732  3.08078
1830.32  0.606993  3.07875
1841.09  0.635484  3.07655
1851.86  0.666434  3.07418
1862.62  0.700133  3.07164
1873.39  0.736924  3.06893
1884.16  0.77721  3.06603
1894.92  0.821464  3.06291
1905.69  0.870249  3.05957
1916.46  0.924235  3.05596
1927.22  0.984229  3.05205
1937.99  1.05121  3.04779
1948.75  1.12636  3.04312
1959.52  1.21118  3.03799
1970.29  1.30751  3.03231
1981.05  1.41769  3.02596
1991.82  1.54473  3.01882
2002.59  1.69257  3.0107
2013.35  1.86645  3.00136
2024.12  2.07349  2.99048
2034.89  2.32362  2.9776
2045.65  2.63109  2.96208
2056.42  3.01702  2.94294
2067.19  3.51415  2.91867
2077.95  4.17567  2.88678
2088.72  5.09345  2.84291
2099.49  6.43833  2.77866
2110.25  8.55452  2.67611
2121.02  12.1656  2.49133
2131.79  18.2539  2.10954
2142.55  22.2805  1.40328
2153.32  17.0804  0.786847
2164.09  12.0487  0.48427
2174.85  9.1056  0.332061
2185.62  7.32687  0.243799
2196.39  6.16744  0.186581
2207.15  5.3631  0.146391
2217.92  4.77825  0.116438
2228.69  4.33781  0.0930716
2239.45  3.99733  0.0741657
2250.22  3.72898  0.0584008
2260.99  3.51452  0.0449145
2271.75  3.34159  0.0331182
2282.52  3.2015  0.0225953
2293.29  3.08805  0.0130413
2304.05  2.9967  0.00422622
2314.82  2.92409  -0.00402809
2325.59  2.86773  -0.011864
2336.35  2.82575  -0.0193985
2347.12  2.79679  -0.0267308
2357.89  2.77987  -0.033948
2368.65  2.77433  -0.0411289
2379.42  2.7798  -0.0483478
2390.19  2.79614  -0.0556771
2400.95  2.82346  -0.0631901
2411.72  2.86211  -0.0709638
2422.49  2.91268  -0.0790811
2433.25  2.97603  -0.0876348
2444.02  3.05335  -0.0967306
2454.79  3.14621  -0.106493
2465.55  3.25662  -0.117069
2476.32  3.38722  -0.128641
2487.08  3.54137  -0.141434
2497.85  3.72348  -0.155732
2508.62  3.93928  -0.171904
2519.38  4.19638  -0.190436
2530.15  4.50504  -0.211984
2540.92  4.87927  -0.237451
2551.68  5.33863  -0.268119
2562.45  5.91097  -0.305865
2573.22  6.63669  -0.353523
2583.98  7.57518  -0.415537
2594.75  8.81293  -0.499139
2605.52  10.4662  -0.616424
2616.28  12.6393  -0.78739
2627.05  15.1943  -1.04036
2637.82  17.1487  -1.39148
2648.58  16.8699  -1.78843
2659.35  14.5716  -2.12732
2670.12  11.938  -2.36758
2680.88  9.78025  -2.52978
2691.65  8.15628  -2.64153
2702.42  6.94227  -2.72159
2713.18  6.0198  -2.78125
2723.95  5.30365  -2.82726
2734.72  4.73585  -2.86381
2745.48  4.27711  -2.89357
2756.25  3.90028  -2.91832
2767.02  3.58627  -2.93926
2777.78  3.32138  -2.95725
2788.55  3.09562  -2.97287
2799.32  2.90154  -2.98661
2810.08  2.73342  -2.99882
2820.85  2.58681  -3.00979
2831.62  2.45822  -3.01973
2842.38  2.34488  -3.02882
2853.15  2.24458  -3.03718
2863.92  2.15551  -3.04494
2874.68  2.07621  -3.05217
2885.45  2.00548  -3.05895
2896.22  1.94231  -3.06535
2906.98  1.88586  -3.07142
2917.75  1.83544  -3.0772
2928.52  1.79045  -3.08274
2939.28  1.75039  -3.08807
2950.05  1.71486  -3.09323
2960.82  1.68348  -3.09822
2971.58  1.65596  -3.1031
2982.35  1.63206  -3.10787
2993.12  1.61155  -3.11255
3003.88  1.59427  -3.11718
3014.65  1.58007  -3.12175
3025.42  1.56886  -3.1263
3036.18  1.56055  -3.13085
3046.95  1.55509  -3.1354
3057.71  1.55245  -3.13997
3068.48  1.55263  3.1386
3079.25  1.55566  3.13392
3090.01  1.5616  3.12917
3100.78  1.57051  3.12431
3111.55  1.58252  3.11933
3122.31  1.59777  3.11421
3133.08  1.61645  3.10892
3143.85  1.63878  3.10342
3154.61  1.66504  3.0977
3165.38  1.69556  3.09171
3176.15  1.73075  3.0854
3186.91  1.7711  3.07874
3197.68  1.81718  3.07165
3208.45  1.86972  3.06408
3219.21  1.92956  3.05594
3229.98  1.99777  3.04714
3240.75  2.07563  3.03755
3251.51  2.16476  3.02703
3262.28  2.26717  3.0154
3273.05  2.38542  3.00241
3283.81  2.52278  2.98777
3294.58  2.68351  2.97109
3305.35  2.87327  2.95184
3316.11  3.09964  2.92932
3326.88  3.37303  2.90251
3337.65  3.70802  2.87002
3348.41  4.12548  2.82972
3359.18  4.65576  2.7784
3369.95  5.34349  2.71098
3380.71  6.2528  2.61906
3391.48  7.46485  2.48859
3402.25  9.02759  2.29679
3413.01  10.7299  2.01492
3423.78  11.6896  1.64049
3434.55  10.9871  1.25025
3445.31  9.24896  0.939459
3456.08  7.53097  0.724756
3466.85  6.17879  0.579529
3477.61  5.16769  0.478353
3488.38  4.40872  0.404959
3499.15  3.82791  0.349643
3509.91  3.37353  0.306552
3520.68  3.01057  0.272034
3531.45  2.71523  0.243725
3542.21  2.47101  0.22004
3552.98  2.26622  0.199881
3563.75  2.0924  0.182465
3574.51  1.94332  0.167225
3585.28  1.81427  0.153734
3596.04  1.70166  0.141669
3606.81  1.6027  0.13078
3617.58  1.5152  0.120872
3628.34  1.43738  0.111788
3639.11  1.36785  0.103402
3649.88  1.30546  0.0956131
3660.64  1.24924  0.0883353
3671.41  1.19842  0.0814988
3682.18  1.15235  0.0750449
3692.94  1.11046  0.0689238
3703.71  1.07229  0.0630929
3714.48  1.03744  0.0575159
3725.24  1.00557  0.0521611
3736.01  0.976386  0.0470013
3746.78  0.949631  0.0420123
3757.54  0.925087  0.037173
3768.31  0.902559  0.0324644
3779.08  0.88188  0.0278699
3789.84  0.862902  0.0233742
3800.61  0.845497  0.0189639
3811.38  0.82955  0.0146263
3822.14  0.814961  0.0103503
3832.91  0.801641  0.00612525
3843.68  0.789513  0.00194151
3854.44  0.778508  -0.00221
3865.21  0.768565  -0.00633778
3875.98  0.759632  -0.0104499
3886.74  0.751662  -0.014554
3897.51  0.744615  -0.0186574
3908.28  0.738456  -0.0227673
3919.04  0.733157  -0.0268904
3929.81  0.728691  -0.0310337
3940.58  0.725038  -0.0352038
3951.34  0.722184  -0.0394071
3962.11  0.720114  -0.0436505
3972.88  0.718822  -0.0479404
3983.64  0.718304  -0.0522836
3994.41  0.718557  -0.0566869
4005.18  0.719586  -0.0611573
4015.94  0.721397  -0.065702
4026.71  0.724002  -0.0703284
4037.48  0.727415  -0.0750442
4048.24  0.731655  -0.0798575
4059.01  0.736745  -0.0847767
4069.78  0.742713  -0.0898107
4080.54  0.749593  -0.094969
4091.31  0.757422  -0.100261
4102.08  0.766244  -0.105699
4112.84  0.77611  -0.111292
4123.61  0.787077  -0.117054
4134.38  0.799211  -0.122998
4145.14  0.812585  -0.129137
4155.91  0.827283  -0.135488
4166.67  0.843399  -0.142067
4177.44  0.861039  -0.148892
4188.21  0.880325  -0.155983
4198.97  0.901392  -0.163363
4209.74  0.924396  -0.171057
4220.51  0.949511  -0.179091
4231.27  0.976934  -0.187497
4242.04  1.00689  -0.196307
4252.81  1.03962  -0.205547
4263.57  1.07545  -0.215246
4274.34  1.11472  -0.22545
4285.11  1.15783  -0.23622
4295.87  1.20526  -0.247619
4306.64  1.25751  -0.259713
4317.41  1.31523  -0.272575
4328.17  1.37913  -0.286289
4338.94  1.45009  -0.300951
4349.71  1.52914  -0.316673
4360.47  1.61749  -0.333586
4371.24  1.71663  -0.351841
4382.01  1.82832  -0.371619
4392.77  1.95475  -0.393132
4403.54  2.09856  -0.416634
4414.31  2.26303  -0.442432
4425.07  2.45225  -0.470895
4435.84  2.67134  -0.502478
4446.61  2.9268  -0.537744
4457.37  3.22692  -0.577394
4468.14  3.58238  -0.622316
4478.91  4.00702  -0.673643
4489.67  4.51884  -0.73284
4500.44  5.14124  -0.80182
4511.21  5.90434  -0.883099
4521.97  6.8457  -0.979993
4532.74  8.00894  -1.09683
4543.51  9.436  -1.23906
4554.27  11.1451  -1.41298
4565.04  13.0842  -1.62438
4575.81  15.0685  -1.87546
4586.57  16.7673  -2.16057
4597.34  17.8435  -2.46534
4608.11  18.1694  -2.77307
4618.87  17.8532  -3.07365
4629.64  17.0648  2.91769
4640.41  15.9058  2.63268
4651.17  14.4242  2.35511
4661.94  12.6969  2.09055
4672.71  10.8702  1.84734
4683.47  9.11368  1.63217
4694.24  7.55043  1.44743
4705  6.23091  1.29158
4715.77  5.15108  1.16099
4726.54  4.28043  1.05144
4737.3  3.58155  0.959055
4748.07  3.0195  0.880534
4758.84  2.56507  0.813221
4769.6  2.19503  0.75501
4780.37  1.89131  0.704245
4791.14  1.63999  0.659623
4801.9  1.43038  0.620114
4812.67  1.25419  0.584898
4823.44  1.10503  0.553316
4834.2  0.977875  0.524837
4844.97  0.868781  0.49903
4855.74  0.774616  0.475537
4866.5  0.692878  0.454067
4877.27  0.621549  0.434377
4888.04  0.558993  0.416266
4898.8  0.503876  0.399565
4909.57  0.455097  0.384133
4920.34  0.411748  0.369853
4931.1  0.373071  0.356628
4941.87  0.338432  0.344379
4952.64  0.307299  0.333042
4963.4  0.279219  0.322568
4974.17  0.253809  0.312922
4984.94  0.230742  0.304084
4995.7  0.209736  0.296047
5006.47  0.190548  0.288821
5017.24  0.172969  0.282432
5028  0.156817  0.276928
5038.77  0.141934  0.272386
5049.54  0.128181  0.268911
5060.3  0.115435  0.266656
5071.07  0.103591  0.265831
5081.84  0.0925531  0.266732
5092.6  0.0822392  0.269774
5103.37  0.0725759  0.275553
5114.14  0.0634997  0.284945
5124.9  0.0549558  0.299279
5135.67  0.0468994  0.320654
5146.44  0.0392982  0.352559
5157.2  0.0321389  0.401166
5167.97  0.0254434  0.478267
5178.74  0.0193146  0.608434
5189.5  0.0140723  0.845629
5200.27  0.0106157  1.28311
5211.04  0.010464  1.87618
5221.8  0.0135172  2.31631
5232.57  0.0181184  2.55458
5243.33  0.0233158  2.68432
5254.1  0.028769  2.76003
5264.87  0.0343608  2.80652
5275.63  0.0400547  2.83567
5286.4  0.0458473  2.85365
5297.17  0.0517513  2.86395
5307.93  0.0577883  2.86863
5318.7  0.0639858  2.86898
5329.47  0.0703761  2.86579
5340.23  0.0769958  2.8596
5351  0.0838855  2.85073
5361.77  0.0910908  2.83937
5372.53  0.0986618  2.82559
5383.3  0.106654  2.8094
5394.07  0.11513  2.79073
5404.83  0.124157  2.76944
5415.6  0.13381  2.74533
5426.37  0.14417  2.71814
5437.13  0.155323  2.68753
5447.9  0.167357  2.65308
5458.67  0.180359  2.61431
5469.43  0.194407  2.57064
5480.2  0.209553  2.5214
5490.97  0.225806  2.46585
5501.73  0.243101  2.40319
5512.5  0.261254  2.33263
5523.27  0.279913  2.25347
5534.03  0.298503  2.16522
5544.8  0.316197  2.06787
5555.57  0.331937  1.96203
5566.33  0.344551  1.84916
5577.1  0.352974  1.73159
5587.87  0.356506  1.61231
5598.63  0.355009  1.4946
5609.4  0.34894  1.38146
5620.17  0.339192  1.27522
5630.93  0.326851  1.17735
5641.7  0.312964  1.08846
5652.47  0.298405  1.00851
5663.23  0.283822  0.937038
5674  0.269652  0.873322
5684.77  0.256161  0.816551
5695.53  0.24349  0.765913
5706.3  0.231695  0.720641
5717.07  0.220777  0.680046
5727.83  0.210705  0.643516
5738.6  0.20143  0.61052
5749.37  0.192895  0.580602
5760.13  0.18504  0.553369
5770.9  0.177807  0.528484
5781.67  0.17114  0.50566
5792.43  0.164987  0.484651
5803.2  0.159301  0.465243
5813.96  0.15404  0.447255
5824.73  0.149165  0.43053
5835.5  0.144641  0.41493
5846.26  0.140438  0.400338
5857.03  0.136528  0.386648
5867.8  0.132885  0.373772
5878.56  0.129489  0.361628
5889.33  0.126318  0.350145
5900.1  0.123356  0.339259
5910.86  0.120586  0.328911
5921.63  0.117994  0.319043
5932.4  0.115566  0.309596
5943.16  0.113287  0.300515
5953.93  0.111138  0.291791
5964.7  0.109111  0.283516
5975.46  0.107212  0.275711
5986.23  0.10544  0.268241
5997  0.103784  0.261019
6007.76  0.102233  0.254021
6018.53  0.100778  0.247237
6029.3  0.0994154  0.240657
6040.06  0.0981387  0.23427
6050.83  0.0969439  0.228064
6061.6  0.0958268  0.222027
6072.36  0.0947839  0.216149
6083.13  0.0938118  0.210418
6093.9  0.0929075  0.204824
6104.66  0.0920682  0.199357
6115.43  0.0912914  0.19401
6126.2  0.0905748  0.188773
6136.96  0.0899163  0.183638
6147.73  0.0893141  0.178599
6158.5  0.0887664  0.173648
6169.26  0.0882717  0.168778
6180.03  0.0878287  0.163983
6190.8  0.0874361  0.159259
6201.56  0.087093  0.154598
6212.33  0.0867982  0.149995
6223.1  0.0865511  0.145447
6233.86  0.086351  0.140947
6244.63  0.0861973  0.136491
6255.4  0.0860896  0.132075
6266.16  0.0860277  0.127694
6276.93  0.0860112  0.123344
6287.7  0.0860401  0.119021
6298.46  0.0861145  0.114721
6309.23  0.0862344  0.110441
6320  0.0864001  0.106175
6330.76  0.0866121  0.101922
6341.53  0.0868706  0.0976757
6352.29  0.0871764  0.0934339
6363.06  0.0875302  0.0891926
6373.83  0.0879328  0.084948
6384.59  0.0883851  0.0806964
6395.36  0.0888883  0.076434
6406.13  0.0894436  0.0721571
6416.89  0.0900524  0.0678618
6427.66  0.0907162  0.063544
6438.43  0.0914368  0.0591998
6449.19  0.092216  0.0548249
6459.96  0.0930559  0.0504151
6470.73  0.0939588  0.0459658
6481.49  0.0949273  0.0414724
6492.26  0.0959639  0.03693
6503.03  0.0970717  0.0323336
6513.79  0.098254  0.0276776
6524.56  0.0995143  0.0229565
6535.33  0.100857  0.0181642
6546.09  0.102285  0.0132944
6556.86  0.103804  0.00834024
6567.63  0.105419  0.00329448
6578.39  0.107136  -0.00185068
6589.16  0.10896  -0.00710361
6599.93  0.110898  -0.0124733
6610.69  0.112957  -0.0179697
6621.46  0.115146  -0.0236032
6632.23  0.117473  -0.0293854
6642.99  0.119949  -0.035329
6653.76  0.122583  -0.0414476
6664.53  0.125387  -0.0477564
6675.29  0.128375  -0.054272
6686.06  0.131562  -0.061013
6696.83  0.134963  -0.0679995
6707.59  0.138597  -0.0752542
6718.36  0.142484  -0.0828025
6729.13  0.146646  -0.0906726
6739.89  0.15111  -0.0988962
6750.66  0.155903  -0.107509
6761.43  0.16106  -0.116552
6772.19  0.166616  -0.12607
6782.96  0.172613  -0.136118
6793.73  0.179101  -0.146753
6804.49  0.186134  -0.158047
6815.26  0.193776  -0.170079
6826.03  0.2021  -0.182943
6836.79  0.211192  -0.196748
6847.56  0.221152  -0.211623
6858.33  0.232097  -0.227719
6869.09  0.244163  -0.245219
6879.86  0.257513  -0.264338
6890.63  0.272339  -0.285341
6901.39  0.288871  -0.308546
6912.16  0.307379  -0.334345
6922.92  0.328189  -0.36322
6933.69  0.351685  -0.395772
6944.46  0.378323  -0.432751
6955.22  0.408626  -0.475102
6965.99  0.443185  -0.524014
6976.76  0.482618  -0.580982
6987.52  0.527486  -0.647867
6998.29  0.578101  -0.726924
7009.06  0.634167  -0.82075
7019.82  0.694169  -0.932016
7030.59  0.754533  -1.06282
7041.36  0.808961  -1.21351
7052.12  0.848899  -1.38115
7062.89  0.86623  -1.55865
7073.66  0.857371  -1.73588
7084.42  0.825413  -1.90279
7095.19  0.778097  -2.05251
7105.96  0.723783  -2.18232
7116.72  0.668765  -2.29269
7127.49  0.616731  -2.38578
7138.26  0.569358  -2.46427
7149.02  0.527106  -2.53075
7159.79  0.489803  -2.58744
7170.56  0.457002  -2.63619
7181.32  0.428174  -2.67847
7192.09  0.402797  -2.71546
7202.86  0.380397  -2.74809
7213.62  0.360559  -2.7771
7224.39  0.34293  -2.8031
7235.16  0.327207  -2.82654
7245.92  0.313136  -2.84783
7256.69  0.300503  -2.86727
7267.46  0.289127  -2.88513
7278.22  0.278855  -2.90163
7288.99  0.269558  -2.91694
7299.76  0.261123  -2.93121
7310.52  0.253458  -2.94457
7321.29  0.24648  -2.95714
7332.06  0.24012  -2.96899
7342.82  0.234318  -2.98022
7353.59  0.229021  -2.9909
7364.36  0.224184  -3.00107
7375.12  0.219766  -3.0108
7385.89  0.215734  -3.02014
7396.66  0.212056  -3.02911
7407.42  0.208707  -3.03776
7418.19  0.205661  -3.04613
7428.96  0.2029  -3.05423
7439.72  0.200403  -3.0621
7450.49  0.198156  -3.06975
7461.25  0.196143  -3.07722
7472.02  0.194353  -3.08451
7482.79  0.192774  -3.09165
7493.55  0.191396  -3.09864
7504.32  0.190212  -3.10552
7515.09  0.189213  -3.11228
7525.85  0.188393  -3.11895
7536.62  0.187748  -3.12553
7547.39  0.187271  -3.13204
7558.15  0.18696  -3.13848
7568.92  0.18681  3.13831
7579.69  0.186821  3.13197
7590.45  0.186989  3.12566
7601.22  0.187313  3.11937
7611.99  0.187794  3.11311
7622.75  0.188432  3.10686
7633.52  0.189226  3.10062
7644.29  0.19018  3.09437
7655.05  0.191294  3.08812
7665.82  0.192571  3.08184
7676.59  0.194015  3.07555
7687.35  0.195629  3.06922
7698.12  0.197417  3.06285
7708.89  0.199386  3.05643
7719.65  0.201541  3.04996
7730.42  0.203889  3.04343
7741.19  0.206437  3.03683
7751.95  0.209194  3.03015
7762.72  0.212169  3.02338
7773.49  0.215373  3.01651
7784.25  0.218818  3.00954
7795.02  0.222516  3.00245
7805.79  0.226481  2.99524
7816.55  0.230729  2.98789
7827.32  0.235277  2.98038
7838.09  0.240145  2.97271
7848.85  0.245354  2.96486
7859.62  0.250926  2.95682
7870.39  0.256889  2.94857
7881.15  0.26327  2.94009
7891.92  0.270102  2.93137
7902.69  0.277419  2.92237
7913.45  0.285262  2.91308
7924.22  0.293674  2.90347
7934.99  0.302705  2.89351
7945.75  0.312409  2.88317
7956.52  0.322849  2.87242
7967.29  0.334093  2.8612
7978.05  0.346221  2.84948
7988.82  0.359321  2.83721
7999.58  0.373495  2.82433
8010.35  0.388856  2.81076
8021.12  0.405536  2.79645
8031.88  0.423685  2.78129
8042.65  0.443474  2.76519
8053.42  0.465101  2.74803
8064.18  0.488796  2.72968
8074.95  0.514821  2.70999
8085.72  0.543486  2.68876
8096.48  0.575147  2.66578
8107.25  0.610219  2.64079
8118.02  0.649186  2.61347
8128.78  0.69261  2.58346
8139.55  0.741138  2.55031
8150.32  0.795513  2.51348
8161.08  0.856568  2.47232
8171.85  0.925212  2.42603
8182.62  1.00238  2.37366
8193.38  1.08896  2.31409
8204.15  1.18553  2.24599
8214.92  1.29215  2.1679
8225.68  1.4077  2.07829
8236.45  1.52925  1.97578
8247.22  1.6512  1.85955
8257.98  1.76485  1.72989
8268.75  1.85906  1.58876
8279.52  1.92278  1.44011
8290.28  1.94872  1.28951
8301.05  1.9363  1.14294
8311.82  1.89157  1.00545
8322.58  1.82439  0.880274
8333.35  1.74492  0.768644
8344.12  1.66135  0.670308
8354.88  1.57923  0.58414
8365.65  1.50182  0.508677
8376.42  1.43077  0.44242
8387.18  1.36673  0.383968
8397.95  1.30973  0.332079
8408.72  1.25945  0.285686
8419.48  1.21545  0.243891
8430.25  1.17723  0.205945
8441.02  1.1443  0.171223
8451.78  1.1162  0.139205
8462.55  1.09256  0.109457
8473.32  1.07302  0.081609
8484.08  1.05731  0.0553491
8494.85  1.04522  0.0304069
8505.62  1.03657  0.00654639
8516.38  1.03125  -0.0164415
8527.15  1.0292  -0.038746
8537.92  1.03038  -0.0605411
8548.68  1.03485  -0.0819915
8559.45  1.04269  -0.103256
8570.21  1.05404  -0.124495
8580.98  1.06911  -0.145868
8591.75  1.08817  -0.16755
8602.51  1.1116  -0.189725
8613.28  1.13987  -0.212602
8624.05  1.17356  -0.236421
8634.81  1.21343  -0.261462
8645.58  1.26044  -0.288065
8656.35  1.31577  -0.316644
8667.11  1.38096  -0.347723
8677.88  1.45795  -0.381972
8688.65  1.54928  -0.420262
8699.41  1.65816  -0.463758
8710.18  1.78876  -0.514037
8720.95  1.94638  -0.573275
8731.71  2.13751  -0.644517
8742.48  2.36933  -0.732048
8753.25  2.64769  -0.841821
8764.01  2.97095  -0.981654
8774.78  3.31581  -1.16022
8785.55  3.61565  -1.38264
8796.31  3.75921  -1.64151
8807.08  3.66162  -1.91087
8817.85  3.35659  -2.15798
8828.61  2.96124  -2.36362
8839.38  2.57214  -2.52628
8850.15  2.23178  -2.65326
8860.91  1.94801  -2.75317
8871.68  1.71504  -2.83315
8882.45  1.52382  -2.89846
8893.21  1.36589  -2.95288
8903.98  1.23428  -2.99907
8914.75  1.12353  -3.03894
8925.51  1.02946  -3.07388
8936.28  0.948838  -3.10493
8947.05  0.879159  -3.13284
8957.81  0.818484  3.12498
8968.58  0.765287  3.10169
8979.35  0.718354  3.08014
8990.11  0.676713  3.06003
9000.88  0.63958  3.04114
9011.65  0.606312  3.02328
9022.41  0.576382  3.0063
9033.18  0.549352  2.99007
9043.95  0.524858  2.97448
9054.71  0.502591  2.95944
9065.48  0.482293  2.94489
9076.25  0.463741  2.93074
9087.01  0.446747  2.91694
9097.78  0.431147  2.90345
9108.54  0.416801  2.89021
9119.31  0.403586  2.87719
9130.08  0.391396  2.86435
9140.84  0.380139  2.85167
9151.61  0.369732  2.83911
9162.38  0.360103  2.82665
9173.14  0.351188  2.81425
9183.91  0.342932  2.80191
9194.68  0.335284  2.7896
9205.44  0.3282  2.7773
9216.21  0.321641  2.76499
9226.98  0.315571  2.75265
9237.74  0.309958  2.74027
9248.51  0.304774  2.72782
9259.28  0.299995  2.7153
9270.04  0.295597  2.70269
9280.81  0.29156  2.68996
9291.58  0.287867  2.67711
9302.34  0.284501  2.66412
9313.11  0.281448  2.65096
9323.88  0.278696  2.63764
9334.64  0.276234  2.62411
9345.41  0.274051  2.61038
9356.18  0.272139  2.59642
9366.94  0.270491  2.58221
9377.71  0.269102  2.56773
9388.48  0.267965  2.55296
9399.24  0.267076  2.53787
9410.01  0.266434  2.52245
9420.78  0.266035  2.50667
9431.54  0.265878  2.4905
9442.31  0.265963  2.47391
9453.08  0.26629  2.45688
9463.84  0.26686  2.43937
9474.61  0.267675  2.42134
9485.38  0.268738  2.40275
9496.14  0.270053  2.38358
9506.91  0.271622  2.36376
9517.68  0.273451  2.34326
9528.44  0.275545  2.32202
9539.21  0.27791  2.29998
9549.98  0.280551  2.27709
9560.74  0.283474  2.25327
9571.51  0.286686  2.22846
9582.28  0.290192  2.20258
9593.04  0.293997  2.17554
9603.81  0.298106  2.14725
9614.58  0.302521  2.11761
9625.34  0.307241  2.08652
9636.11  0.312266  2.05386
9646.88  0.317586  2.01952
9657.64  0.32319  1.98335
9668.41  0.329059  1.94523
9679.17  0.335163  1.90502
9689.94  0.341464  1.86258
9700.71  0.347909  1.81777
9711.47  0.354431  1.77046
9722.24  0.360943  1.72053
9733.01  0.367341  1.66788
9743.77  0.373498  1.61244
9754.54  0.379267  1.55418
9765.31  0.384482  1.49312
9776.07  0.388964  1.42935
9786.84  0.392524  1.36303
9797.61  0.394979  1.2944
9808.37  0.396162  1.22379
9819.14  0.395935  1.1516
9829.91  0.394206  1.07831
9840.67  0.390935  1.00442
9851.44  0.386141  0.930484
9862.21  0.379894  0.857027
9872.97  0.372317  0.78459
9883.74  0.363589  0.713662
9894.51  0.353915  0.644641
9905.27  0.343511  0.577837
9916.04  0.332589  0.513477
9926.81  0.321347  0.451709
9937.57  0.309961  0.392611
9948.34  0.298583  0.336197
9959.11  0.287338  0.282433
9969.87  0.276326  0.231245
9980.64  0.265621  0.182529
9991.41  1e-09  0
10002.2  1e-09  0
10012.9  1e-09  0
10023.7  1e-09  0
10034.5  1e-09  0
10045.2  1e-09  0
10056  1e-09  0
10066.8  1e-09  0
10077.5  1e-09  0
10088.3  1e-09  0
10099.1  1e-09  0
10109.8  1e-09  0
10120.6  1e-09  0
10131.4  1e-09  0
10142.1  1e-09  0
10152.9  1e-09  0
10163.7  1e-09  0
10174.4  1e-09  0
10185.2  1e-09  0
10196  1e-09  0
10206.7  1e-09  0
10217.5  1e-09  0
10228.3  1e-09  0
10239  1e-09  0
10249.8  1e-09  0
10260.6  1e-09  0
10271.3  1e-09  0
10282.1  1e-09  0
10292.9  1e-09  0
10303.6  1e-09  0
10314.4  1e-09  0
10325.2  1e-09  0
10335.9  1e-09  0
10346.7  1e-09  0
10357.5  1e-09  0
10368.2  1e-09  0
10379  1e-09  0
10389.8  1e-09  0
10400.5  1e-09  0
10411.3  1e-09  0
10422.1  1e-09  0
10432.8  1e-09  0
10443.6  1e-09  0
10454.4  1e-09  0
10465.1  1e-09  0
10475.9  1e-09  0
10486.7  1e-09  0
10497.4  1e-09  0
10508.2  1e-09  0
10519  1e-09  0
10529.7  1e-09  0
10540.5  1e-09  0
10551.3  1e-09  0
10562  1e-09  0
10572.8  1e-09  0
10583.6  1e-09  0
10594.3  1e-09  0
10605.1  1e-09  0
10615.9  1e-09  0
10626.6  1e-09  0
10637.4  1e-09  0
10648.2  1e-09  0
10658.9  1e-09  0
10669.7  1e-09  0
10680.5  1e-09  0
10691.2  1e-09  0
10702  1e-09  0
10712.8  1e-09  0
10723.5  1e-09  0
10734.3  1e-09  0
10745.1  1e-09  0
10755.8  1e-09  0
10766.6  1e-09  0
10777.4  1e-09  0
10788.1  1e-09  0
10798.9  1e-09  0
10809.7  1e-09  0
10820.4  1e-09  0
10831.2  1e-09  0
10842  1e-09  0
10852.7  1e-09  0
10863.5  1e-09  0
10874.3  1e-09  0
10885  1e-09  0
10895.8  1e-09  0
10906.6  1e-09  0
10917.3  1e-09  0
10928.1  1e-09  0
10938.9  1e-09  0
10949.6  1e-09  0
10960.4  1e-09  0
10971.2  1e-09  0
10981.9  1e-09  0
10992.7  1e-09  0
11003.5  1e-09  0
11014.2  1e-09  0
11025  1e-09  0
11035.8  1e-09  0
11046.5  1e-09  0
11057.3  1e-09  0
11068.1  1e-09  0
11078.8  1e-09  0
11089.6  1e-09  0
11100.4  1e-09  0
11111.1  1e-09  0
11121.9  1e-09  0
11132.7  1e-09  0
11143.4  1e-09  0
11154.2  1e-09  0
11165  1e-09  0
11175.7  1e-09  0
11186.5  1e-09  0
11197.3  1e-09  0
11208  1e-09  0
11218.8  1e-09  0
11229.6  1e-09  0
11240.3  1e-09  0
11251.1  1e-09  0
11261.9  1e-09  0
11272.6  1e-09  0
11283.4  1e-09  0
11294.2  1e-09  0
11304.9  1e-09  0
11315.7  1e-09  0
11326.5  1e-09  0
11337.2  1e-09  0
11348  1e-09  0
11358.8  1e-09  0
11369.5  1e-09  0
11380.3  1e-09  0
11391.1  1e-09  0
11401.8  1e-09  0
11412.6  1e-09  0
11423.4  1e-09  0
11434.1  1e-09  0
11444.9  1e-09  0
11455.7  1e-09  0
11466.4  1e-09  0
11477.2  1e-09  0
11488  1e-09  0
11498.7  1e-09  0
11509.5  1e-09  0
11520.3  1e-09  0
11531  1e-09  0
11541.8  1e-09  0
11552.6  1e-09  0
11563.3  1e-09  0
11574.1  1e-09  0
11584.9  1e-09  0
11595.6  1e-09  0
11606.4  1e-09  0
11617.2  1e-09  0
11627.9  1e-09  0
11638.7  1e-09  0
11649.5  1e-09  0
11660.2  1e-09  0
11671  1e-09  0
11681.8  1e-09  0
11692.5  1e-09  0
11703.3  1e-09  0
11714.1  1e-09  0
11724.8  1e-09  0
11735.6  1e-09  0
11746.4  1e-09  0
11757.1  1e-09  0
11767.9  1e-09  0
11778.7  1e-09  0
11789.4  1e-09  0
11800.2  1e-09  0
11811  1e-09  0
11821.7  1e-09  0
11832.5  1e-09  0
11843.3  1e-09  0
11854  1e-09  0
11864.8  1e-09  0
11875.6  1e-09  0
11886.3  1e-09  0
11897.1  1e-09  0
11907.9  1e-09  0
11918.6  1e-09  0
11929.4  1e-09  0
11940.2  1e-09  0
11950.9  1e-09  0
11961.7  1e-09  0
11972.5  1e-09  0
11983.2  1e-09  0
11994  1e-09  0
12004.8  1e-09  0
12015.5  1e-09  0
12026.3  1e-09  0
12037.1  1e-09  0
12047.8  1e-09  0
12058.6  1e-09  0
12069.4  1e-09  0
12080.1  1e-09  0
12090.9  1e-09  0
12101.7  1e-09  0
12112.4  1e-09  0
12123.2  1e-09  0
12134  1e-09  0
12144.7  1e-09  0
12155.5  1e-09  0
12166.3  1e-09  0
12177  1e-09  0
12187.8  1e-09  0
12198.6  1e-09  0
12209.3  1e-09  0
12220.1  1e-09  0
12230.9  1e-09  0
12241.6  1e-09  0
12252.4  1e-09  0
12263.2  1e-09  0
12273.9  1e-09  0
12284.7  1e-09  0
12295.5  1e-09  0
12306.2  1e-09  0
12317  1e-09  0
12327.8  1e-09  0
12338.5  1e-09  0
12349.3  1e-09  0
12360.1  1e-09  0
12370.8  1e-09  0
12381.6  1e-09  0
12392.4  1e-09  0
12403.1  1e-09  0
12413.9  1e-09  0
12424.7  1e-09  0
12435.4  1e-09  0
12446.2  1e-09  0
12457  1e-09  0
12467.7  1e-09  0
12478.5  1e-09  0
12489.3  1e-09  0
12500  1e-09  0
12510.8  1e-09  0
12521.6  1e-09  0
12532.3  1e-09  0
12543.1  1e-09  0
12553.9  1e-09  0
12564.6  1e-09  0
12575.4  1e-09  0
12586.2  1e-09  0
12596.9  1e-09  0
12607.7  1e-09  0
12618.5  1e-09  0
12629.2  1e-09  0
12640  1e-09  0
12650.8  1e-09  0
12661.5  1e-09  0
12672.3  1e-09  0
12683.1  1e-09  0
12693.8  1e-09  0
12704.6  1e-09  0
12715.4  1e-09  0
12726.1  1e-09  0
12736.9  1e-09  0
12747.7  1e-09  0
12758.4  1e-09  0
12769.2  1e-09  0
12780  1e-09  0
12790.7  1e-09  0
12801.5  1e-09  0
12812.3  1e-09  0
12823  1e-09  0
12833.8  1e-09  0
12844.6  1e-09  0
12855.3  1e-09  0
12866.1  1e-09  0
12876.9  1e-09  0
12887.6  1e-09  0
12898.4  1e-09  0
12909.2  1e-09  0
12919.9  1e-09  0
12930.7  1e-09  0
12941.5  1e-09  0
12952.2  1e-09  0
12963  1e-09  0
12973.8  1e-09  0
12984.5  1e-09  0
12995.3  1e-09  0
13006.1  1e-09  0
13016.8  1e-09  0
13027.6  1e-09  0
13038.4  1e-09  0
13049.1  1e-09  0
13059.9  1e-09  0
13070.7  1e-09  0
13081.4  1e-09  0
13092.2  1e-09  0
13103  1e-09  0
13113.7  1e-09  0
13124.5  1e-09  0
13135.3  1e-09  0
13146  1e-09  0
13156.8  1e-09  0
13167.6  1e-09  0
13178.3  1e-09  0
13189.1  1e-09  0
13199.9  1e-09  0
13210.6  1e-09  0
13221.4  1e-09  0
13232.2  1e-09  0
13242.9  1e-09  0
13253.7  1e-09  0
13264.5  1e-09  0
13275.2  1e-09  0
13286  1e-09  0
13296.8  1e-09  0
13307.5  1e-09  0
13318.3  1e-09  0
13329.1  1e-09  0
13339.8  1e-09  0
13350.6  1e-09  0
13361.4  1e-09  0
13372.1  1e-09  0
13382.9  1e-09  0
13393.7  1e-09  0
13404.4  1e-09  0
13415.2  1e-09  0
13426  1e-09  0
13436.7  1e-09  0
13447.5  1e-09  0
13458.3  1e-09  0
13469  1e-09  0
13479.8  1e-09  0
13490.6  1e-09  0
13501.3  1e-09  0
13512.1  1e-09  0
13522.9  1e-09  0
13533.6  1e-09  0
13544.4  1e-09  0
13555.2  1e-09  0
13565.9  1e-09  0
13576.7  1e-09  0
13587.5  1e-09  0
13598.2  1e-09  0
13609  1e-09  0
13619.8  1e-09  0
13630.5  1e-09  0
13641.3  1e-09  0
13652.1  1e-09  0
13662.8  1e-09  0
13673.6  1e-09  0
13684.4  1e-09  0
13695.1  1e-09  0
13705.9  1e-09  0
13716.7  1e-09  0
13727.4  1e-09  0
13738.2  1e-09  0
13749  1e-09  0
13759.7  1e-09  0
13770.5  1e-09  0
13781.3  1e-09  0
13792  1e-09  0
13802.8  1e-09  0
13813.5  1e-09  0
13824.3  1e-09  0
13835.1  1e-09  0
13845.8  1e-09  0
13856.6  1e-09  0
13867.4  1e-09  0
13878.1  1e-09  0
13888.9  1e-09  0
13899.7  1e-09  0
13910.4  1e-09  0
13921.2  1e-09  0
13932  1e-09  0
13942.7  1e-09  0
13953.5  1e-09  0
13964.3  1e-09  0
13975  1e-09  0
13985.8  1e-09  0
13996.6  1e-09  0
14007.3  1e-09  0
14018.1  1e-09  0
14028.9  1e-09  0
14039.6  1e-09  0
14050.4  1e-09  0
14061.2  1e-09  0
14071.9  1e-09  0
14082.7  1e-09  0
14093.5  1e-09  0
14104.2  1e-09  0
14115  1e-09  0
14125.8  1e-09  0
14136.5  1e-09  0
14147.3  1e-09  0
14158.1  1e-09  0
14168.8  1e-09  0
14179.6  1e-09  0
14190.4  1e-09  0
14201.1  1e-09  0
14211.9  1e-09  0
14222.7  1e-09  0
14233.4  1e-09  0
14244.2  1e-09  0
14255  1e-09  0
14265.7  1e-09  0
14276.5  1e-09  0
14287.3  1e-09  0
14298  1e-09  0
14308.8  1e-09  0
14319.6  1e-09  0
14330.3  1e-09  0
14341.1  1e-09  0
14351.9  1e-09  0
14362.6  1e-09  0
14373.4  1e-09  0
14384.2  1e-09  0
14394.9  1e-09  0
14405.7  1e-09  0
14416.5  1e-09  0
14427.2  1e-09  0
14438  1e-09  0
14448.8  1e-09  0
14459.5  1e-09  0
14470.3  1e-09  0
14481.1  1e-09  0
14491.8  1e-09  0
14502.6  1e-09  0
14513.4  1e-09  0
14524.1  1e-09  0
14534.9  1e-09  0
14545.7  1e-09  0
14556.4  1e-09  0
14567.2  1e-09  0
14578  1e-09  0
14588.7  1e-09  0
14599.5  1e-09  0
14610.3  1e-09  0
14621  1e-09  0
14631.8  1e-09  0
14642.6  1e-09  0
14653.3  1e-09  0
14664.1  1e-09  0
14674.9  1e-09  0
14685.6  1e-09  0
14696.4  1e-09  0
14707.2  1e-09  0
14717.9  1e-09  0
14728.7  1e-09  0
14739.5  1e-09  0
14750.2  1e-09  0
14761  1e-09  0
14771.8  1e-09  0
14782.5  1e-09  0
14793.3  1e-09  0
14804.1  1e-09  0
14814.8  1e-09  0
14825.6  1e-09  0
14836.4  1e-09  0
14847.1  1e-09  0
14857.9  1e-09  0
14868.7  1e-09  0
14879.4  1e-09  0
14890.2  1e-09  0
14901  1e-09  0
14911.7  1e-09  0
14922.5  1e-09  0
14933.3  1e-09  0
14944  1e-09  0
14954.8  1e-09  0
14965.6  1e-09  0
14976.3  1e-09  0
14987.1  1e-09  0
14997.9  1e-09  0
15008.6  1e-09  0
15019.4  1e-09  0
15030.2  1e-09  0
15040.9  1e-09  0
15051.7  1e-09  0
15062.5  1e-09  0
15073.2  1e-09  0
15084  1e-09  0
15094.8  1e-09  0
15105.5  1e-09  0
15116.3  1e-09  0
15127.1  1e-09  0
15137.8  1e-09  0
15148.6  1e-09  0
15159.4  1e-09  0
15170.1  1e-09  0
15180.9  1e-09  0
15191.7  1e-09  0
15202.4  1e-09  0
15213.2  1e-09  0
15224  1e-09  0
15234.7  1e-09  0
15245.5  1e-09  0
15256.3  1e-09  0
15267  1e-09  0
15277.8  1e-09  0
15288.6  1e-09  0
15299.3  1e-09  0
15310.1  1e-09  0
15320.9  1e-09  0
15331.6  1e-09  0
15342.4  1e-09  0
15353.2  1e-09  0
15363.9  1e-09  0
15374.7  1e-09  0
15385.5  1e-09  0
15396.2  1e-09  0
15407  1e-09  0
15417.8  1e-09  0
15428.5  1e-09  0
15439.3  1e-09  0
15450.1  1e-09  0
15460.8  1e-09  0
15471.6  1e-09  0
15482.4  1e-09  0
15493.1  1e-09  0
15503.9  1e-09  0
15514.7  1e-09  0
15525.4  1e-09  0
15536.2  1e-09  0
15547  1e-09  0
15557.7  1e-09  0
15568.5  1e-09  0
15579.3  1e-09  0
15590  1e-09  0
15600.8  1e-09  0
15611.6  1e-09  0
15622.3  1e-09  0
15633.1  1e-09  0
15643.9  1e-09  0
15654.6  1e-09  0
15665.4  1e-09  0
15676.2  1e-09  0
15686.9  1e-09  0
15697.7  1e-09  0
15708.5  1e-09  0
15719.2  1e-09  0
15730  1e-09  0
15740.8  1e-09  0
15751.5  1e-09  0
15762.3  1e-09  0
15773.1  1e-09  0
15783.8  1e-09  0
15794.6  1e-09  0
15805.4  1e-09  0
15816.1  1e-09  0
15826.9  1e-09  0
15837.7  1e-09  0
15848.4  1e-09  0
15859.2  1e-09  0
15870  1e-09  0
15880.7  1e-09  0
15891.5  1e-09  0
15902.3  1e-09  0
15913  1e-09  0
15923.8  1e-09  0
15934.6  1e-09  0
15945.3  1e-09  0
15956.1  1e-09  0
15966.9  1e-09  0
15977.6  1e-09  0
15988.4  1e-09  0
15999.2  1e-09  0
16009.9  1e-09  0
16020.7  1e-09  0
16031.5  1e-09  0
16042.2  1e-09  0
16053  1e-09  0
16063.8  1e-09  0
16074.5  1e-09  0
16085.3  1e-09  0
16096.1  1e-09  0
16106.8  1e-09  0
16117.6  1e-09  0
16128.4  1e-09  0
16139.1  1e-09  0
16149.9  1e-09  0
16160.7  1e-09  0
16171.4  1e-09  0
16182.2  1e-09  0
16193  1e-09  0
16203.7  1e-09  0
16214.5  1e-09  0
16225.3  1e-09  0
16236  1e-09  0
16246.8  1e-09  0
16257.6  1e-09  0
16268.3  1e-09  0
16279.1  1e-09  0
16289.9  1e-09  0
16300.6  1e-09  0
16311.4  1e-09  0
16322.2  1e-09  0
16332.9  1e-09  0
16343.7  1e-09  0
16354.5  1e-09  0
16365.2  1e-09  0
16376  1e-09  0
16386.8  1e-09  0
16397.5  1e-09  0
16408.3  1e-09  0
16419.1  1e-09  0
16429.8  1e-09  0
16440.6  1e-09  0
16451.4  1e-09  0
16462.1  1e-09  0
16472.9  1e-09  0
16483.7  1e-09  0
16494.4  1e-09  0
16505.2  1e-09  0
16516  1e-09  0
16526.7  1e-09  0
16537.5  1e-09  0
16548.3  1e-09  0
16559  1e-09  0
16569.8  1e-09  0
16580.6  1e-09  0
16591.3  1e-09  0
16602.1  1e-09  0
16612.9  1e-09  0
16623.6  1e-09  0
16634.4  1e-09  0
16645.2  1e-09  0
16655.9  1e-09  0
16666.7  1e-09  0
16677.5  1e-09  0
16688.2  1e-09  0
16699  1e-09  0
16709.8  1e-09  0
16720.5  1e-09  0
16731.3  1e-09  0
16742.1  1e-09  0
16752.8  1e-09  0
16763.6  1e-09  0
16774.4  1e-09  0
16785.1  1e-09  0
16795.9  1e-09  0
16806.7  1e-09  0
16817.4  1e-09  0
16828.2  1e-09  0
16839  1e-09  0
16849.7  1e-09  0
16860.5  1e-09  0
16871.3  1e-09  0
16882  1e-09  0
16892.8  1e-09  0
16903.6  1e-09  0
16914.3  1e-09  0
16925.1  1e-09  0
16935.9  1e-09  0
16946.6  1e-09  0
16957.4  1e-09  0
16968.2  1e-09  0
16978.9  1e-09  0
16989.7  1e-09  0
17000.5  1e-09  0
17011.2  1e-09  0
17022  1e-09  0
17032.8  1e-09  0
17043.5  1e-09  0
17054.3  1e-09  0
17065.1  1e-09  0
17075.8  1e-09  0
17086.6  1e-09  0
17097.4  1e-09  0
17108.1  1e-09  0
17118.9  1e-09  0
17129.7  1e-09  0
17140.4  1e-09  0
17151.2  1e-09  0
17162  1e-09  0
17172.7  1e-09  0
17183.5  1e-09  0
17194.3  1e-09  0
17205  1e-09  0
17215.8  1e-09  0
17226.6  1e-09  0
17237.3  1e-09  0
17248.1  1e-09  0
17258.9  1e-09  0
17269.6  1e-09  0
17280.4  1e-09  0
17291.2  1e-09  0
17301.9  1e-09  0
17312.7  1e-09  0
17323.5  1e-09  0
17334.2  1e-09  0
17345  1e-09  0
17355.8  1e-09  0
17366.5  1e-09  0
17377.3  1e-09  0
17388.1  1e-09  0
17398.8  1e-09  0
17409.6  1e-09  0
17420.4  1e-09  0
17431.1  1e-09  0
17441.9  1e-09  0
17452.7  1e-09  0
17463.4  1e-09  0
17474.2  1e-09  0
17485  1e-09  0
17495.7  1e-09  0
17506.5  1e-09  0
17517.3  1e-09  0
17528  1e-09  0
17538.8  1e-09  0
17549.6  1e-09  0
17560.3  1e-09  0
17571.1  1e-09  0
17581.9  1e-09  0
17592.6  1e-09  0
17603.4  1e-09  0
17614.2  1e-09  0
17624.9  1e-09  0
17635.7  1e-09  0
17646.5  1e-09  0
17657.2  1e-09  0
17668  1e-09  0
17678.8  1e-09  0
17689.5  1e-09  0
17700.3  1e-09  0
17711.1  1e-09  0
17721.8  1e-09  0
17732.6  1e-09  0
17743.4  1e-09  0
17754.1  1e-09  0
17764.9  1e-09  0
17775.7  1e-09  0
17786.4  1e-09  0
17797.2  1e-09  0
17808  1e-09  0
17818.7  1e-09  0
17829.5  1e-09  0
17840.3  1e-09  0
17851  1e-09  0
17861.8  1e-09  0
17872.6  1e-09  0
17883.3  1e-09  0
17894.1  1e-09  0
17904.9  1e-09  0
17915.6  1e-09  0
17926.4  1e-09  0
17937.2  1e-09  0
17947.9  1e-09  0
17958.7  1e-09  0
17969.5  1e-09  0
17980.2  1e-09  0
17991  1e-09  0
18001.8  1e-09  0
18012.5  1e-09  0
18023.3  1e-09  0
18034.1  1e-09  0
18044.8  1e-09  0
18055.6  1e-09  0
18066.4  1e-09  0
18077.1  1e-09  0
18087.9  1e-09  0
18098.7  1e-09  0
18109.4  1e-09  0
18120.2  1e-09  0
18131  1e-09  0
18141.7  1e-09  0
18152.5  1e-09  0
18163.3  1e-09  0
18174  1e-09  0
18184.8  1e-09  0
18195.6  1e-09  0
18206.3  1e-09  0
18217.1  1e-09  0
18227.9  1e-09  0
18238.6  1e-09  0
18249.4  1e-09  0
18260.2  1e-09  0
18270.9  1e-09  0
18281.7  1e-09  0
18292.5  1e-09  0
18303.2  1e-09  0
18314  1e-09  0
18324.8  1e-09  0
18335.5  1e-09  0
18346.3  1e-09  0
18357.1  1e-09  0
18367.8  1e-09  0
18378.6  1e-09  0
18389.4  1e-09  0
18400.1  1e-09  0
18410.9  1e-09  0
18421.7  1e-09  0
18432.4  1e-09  0
18443.2  1e-09  0
18454  1e-09  0
18464.7  1e-09  0
18475.5  1e-09  0
18486.3  1e-09  0
18497  1e-09  0
18507.8  1e-09  0
18518.6  1e-09  0
18529.3  1e-09  0
18540.1  1e-09  0
18550.9  1e-09  0
18561.6  1e-09  0
18572.4  1e-09  0
18583.2  1e-09  0
18593.9  1e-09  0
18604.7  1e-09  0
18615.5  1e-09  0
18626.2  1e-09  0
18637  1e-09  0
18647.8  1e-09  0
18658.5  1e-09  0
18669.3  1e-09  0
18680.1  1e-09  0
18690.8  1e-09  0
18701.6  1e-09  0
18712.4  1e-09  0
18723.1  1e-09  0
18733.9  1e-09  0
18744.7  1e-09  0
18755.4  1e-09  0
18766.2  1e-09  0
18777  1e-09  0
18787.7  1e-09  0
18798.5  1e-09  0
18809.3  1e-09  0
18820  1e-09  0
18830.8  1e-09  0
18841.6  1e-09  0
18852.3  1e-09  0
18863.1  1e-09  0
18873.9  1e-09  0
18884.6  1e-09  0
18895.4  1e-09  0
18906.2  1e-09  0
18916.9  1e-09  0
18927.7  1e-09  0
18938.5  1e-09  0
18949.2  1e-09  0
18960  1e-09  0
18970.8  1e-09  0
18981.5  1e-09  0
18992.3  1e-09  0
19003.1  1e-09  0
19013.8  1e-09  0
19024.6  1e-09  0
19035.4  1e-09  0
19046.1  1e-09  0
19056.9  1e-09  0
19067.7  1e-09  0
19078.4  1e-09  0
19089.2  1e-09  0
19100  1e-09  0
19110.7  1e-09  0
19121.5  1e-09  0
19132.3  1e-09  0
19143  1e-09  0
19153.8  1e-09  0
19164.6  1e-09  0
19175.3  1e-09  0
19186.1  1e-09  0
19196.9  1e-09  0
19207.6  1e-09  0
19218.4  1e-09  0
19229.2  1e-09  0
19239.9  1e-09  0
19250.7  1e-09  0
19261.5  1e-09  0
19272.2  1e-09  0
19283  1e-09  0
19293.8  1e-09  0
19304.5  1e-09  0
19315.3  1e-09  0
19326  1e-09  0
19336.8  1e-09  0
19347.6  1e-09  0
19358.3  1e-09  0
19369.1  1e-09  0
19379.9  1e-09  0
19390.6  1e-09  0
19401.4  1e-09  0
19412.2  1e-09  0
19422.9  1e-09  0
19433.7  1e-09  0
19444.5  1e-09  0
19455.2  1e-09  0
19466  1e-09  0
19476.8  1e-09  0
19487.5  1e-09  0
19498.3  1e-09  0
19509.1  1e-09  0
19519.8  1e-09  0
19530.6  1e-09  0
19541.4  1e-09  0
19552.1  1e-09  0
19562.9  1e-09  0
19573.7  1e-09  0
19584.4  1e-09  0
19595.2  1e-09  0
19606  1e-09  0
19616.7  1e-09  0
19627.5  1e-09  0
19638.3  1e-09  0
19649  1e-09  0
19659.8  1e-09  0
19670.6  1e-09  0
19681.3  1e-09  0
19692.1  1e-09  0
19702.9  1e-09  0
19713.6  1e-09  0
19724.4  1e-09  0
19735.2  1e-09  0
19745.9  1e-09  0
19756.7  1e-09  0
19767.5  1e-09  0
19778.2  1e-09  0
19789  1e-09  0
19799.8  1e-09  0
19810.5  1e-09  0
19821.3  1e-09  0
19832.1  1e-09  0
19842.8  1e-09  0
19853.6  1e-09  0
19864.4  1e-09  0
19875.1  1e-09  0
19885.9  1e-09  0
19896.7  1e-09  0
19907.4  1e-09  0
19918.2  1e-09  0
19929  1e-09  0
19939.7  1e-09  0
19950.5  1e-09  0
19961.3  1e-09  0
19972  1e-09  0
19982.8  1e-09  0
19993.6  1e-09  0
20004.3  1e-09  0
20015.1  1e-09  0
20025.9  1e-09  0
20036.6  1e-09  0
20047.4  1e-09  0
20058.2  1e-09  0
20068.9  1e-09  0
20079.7  1e-09  0
20090.5  1e-09  0
20101.2  1e-09  0
20112  1e-09  0
20122.8  1e-09  0
20133.5  1e-09  0
20144.3  1e-09  0
20155.1  1e-09  0
20165.8  1e-09  0
20176.6  1e-09  0
20187.4  1e-09  0
20198.1  1e-09  0
20208.9  1e-09  0
20219.7  1e-09  0
20230.4  1e-09  0
20241.2  1e-09  0
20252  1e-09  0
20262.7  1e-09  0
20273.5  1e-09  0
20284.3  1e-09  0
20295  1e-09  0
20305.8  1e-09  0
20316.6  1e-09  0
20327.3  1e-09  0
20338.1  1e-09  0
20348.9  1e-09  0
20359.6  1e-09  0
20370.4  1e-09  0
20381.2  1e-09  0
20391.9  1e-09  0
20402.7  1e-09  0
20413.5  1e-09  0
20424.2  1e-09  0
20435  1e-09  0
20445.8  1e-09  0
20456.5  1e-09  0
20467.3  1e-09  0
20478.1  1e-09  0
20488.8  1e-09  0
20499.6  1e-09  0
20510.4  1e-09  0
20521.1  1e-09  0
20531.9  1e-09  0
20542.7  1e-09  0
20553.4  1e-09  0
20564.2  1e-09  0
20575  1e-09  0
20585.7  1e-09  0
20596.5  1e-09  0
20607.3  1e-09  0
20618  1e-09  0
20628.8  1e-09  0
20639.6  1e-09  0
20650.3  1e-09  0
20661.1  1e-09  0
20671.9  1e-09  0
20682.6  1e-09  0
20693.4  1e-09  0
20704.2  1e-09  0
20714.9  1e-09  0
20725.7  1e-09  0
20736.5  1e-09  0
20747.2  1e-09  0
20758  1e-09  0
20768.8  1e-09  0
20779.5  1e-09  0
20790.3  1e-09  0
20801.1  1e-09  0
20811.8  1e-09  0
20822.6  1e-09  0
20833.4  1e-09  0
20844.1  1e-09  0
20854.9  1e-09  0
20865.7  1e-09  0
20876.4  1e-09  0
20887.2  1e-09  0
20898  1e-09  0
20908.7  1e-09  0
20919.5  1e-09  0
20930.3  1e-09  0
20941  1e-09  0
20951.8  1e-09  0
20962.6  1e-09  0
20973.3  1e-09  0
20984.1  1e-09  0
20994.9  1e-09  0
21005.6  1e-09  0
21016.4  1e-09  0
21027.2  1e-09  0
21037.9  1e-09  0
21048.7  1e-09  0
21059.5  1e-09  0
21070.2  1e-09  0
21081  1e-09  0
21091.8  1e-09  0
21102.5  1e-09  0
21113.3  1e-09  0
21124.1  1e-09  0
21134.8  1e-09  0
21145.6  1e-09  0
21156.4  1e-09  0
21167.1  1e-09  0
21177.9  1e-09  0
21188.7  1e-09  0
21199.4  1e-09  0
21210.2  1e-09  0
21221  1e-09  0
21231.7  1e-09  0
21242.5  1e-09  0
21253.3  1e-09  0
21264  1e-09  0
21274.8  1e-09  0
21285.6  1e-09  0
21296.3  1e-09  0
21307.1  1e-09  0
21317.9  1e-09  0
21328.6  1e-09  0
21339.4  1e-09  0
21350.2  1e-09  0
21360.9  1e-09  0
21371.7  1e-09  0
21382.5  1e-09  0
21393.2  1e-09  0
21404  1e-09  0
21414.8  1e-09  0
21425.5  1e-09  0
21436.3  1e-09  0
21447.1  1e-09  0
21457.8  1e-09  0
21468.6  1e-09  0
21479.4  1e-09  0
21490.1  1e-09  0
21500.9  1e-09  0
21511.7  1e-09  0
21522.4  1e-09  0
21533.2  1e-09  0
21544  1e-09  0
21554.7  1e-09  0
21565.5  1e-09  0
21576.3  1e-09  0
21587  1e-09  0
21597.8  1e-09  0
21608.6  1e-09  0
21619.3  1e-09  0
21630.1  1e-09  0
21640.9  1e-09  0
21651.6  1e-09  0
21662.4  1e-09  0
21673.2  1e-09  0
21683.9  1e-09  0
21694.7  1e-09  0
21705.5  1e-09  0
21716.2  1e-09  0
21727  1e-09  0
21737.8  1e-09  0
21748.5  1e-09  0
21759.3  1e-09  0
21770.1  1e-09  0
21780.8  1e-09  0
21791.6  1e-09  0
21802.4  1e-09  0
21813.1  1e-09  0
21823.9  1e-09  0
21834.7  1e-09  0
21845.4  1e-09  0
21856.2  1e-09  0
21867  1e-09  0
21877.7  1e-09  0
21888.5  1e-09  0
21899.3  1e-09  0
21910  1e-09  0
21920.8  1e-09  0
21931.6  1e-09  0
21942.3  1e-09  0
21953.1  1e-09  0
21963.9  1e-09  0
21974.6  1e-09  0
21985.4  1e-09  0
21996.2  1e-09  0
22006.9  1e-09  0
22017.7  1e-09  0
22028.5  1e-09  0

