num_points: 2047
frequency_Hz  magnitude  phase_rad
0  1.00423  -0.0189879
10.7666  1.00423  -0.0189879
21.5332  1.00902  -0.0395088
32.2998  1.01807  -0.0600467
43.0664  1.03165  -0.0809737
53.833  1.05009  -0.102493
64.5996  1.07393  -0.124817
75.3662  1.10391  -0.148212
86.1328  1.14102  -0.173021
96.8994  1.18657  -0.199698
107.666  1.24232  -0.22885
118.433  1.31063  -0.261302
129.199  1.39469  -0.298199
139.966  1.49886  -0.341161
150.732  1.62912  -0.392537
161.499  1.79369  -0.455824
172.266  2.00349  -0.536353
183.032  2.27142  -0.64238
193.799  2.60679  -0.786463
204.565  2.99389  -0.985716
215.332  3.34051  -1.25481
226.099  3.45013  -1.58217
236.865  3.20149  -1.91172
247.632  2.74026  -2.18496
258.398  2.27186  -2.38716
269.165  1.88285  -2.53213
279.932  1.58039  -2.63761
290.698  1.34746  -2.71941
301.465  1.15771  -2.78414
312.231  1.00799  -2.8301
322.998  0.889623  -2.86669
333.765  0.793305  -2.8969
344.531  0.713523  -2.92219
355.298  0.64654  -2.94359
366.064  0.589656  -2.96188
376.831  0.540864  -2.97767
387.598  0.498644  -2.99141
398.364  0.461824  -3.00346
409.131  0.429488  -3.01409
419.897  0.400911  -3.02352
430.664  0.375511  -3.03194
441.431  0.352821  -3.03949
452.197  0.332455  -3.04629
462.964  0.314097  -3.05244
473.73  0.297485  -3.05802
484.497  0.282399  -3.0631
495.264  0.268653  -3.06773
506.03  0.25609  -3.07198
516.797  0.244576  -3.07588
527.563  0.233996  -3.07947
538.33  0.22425  -3.08277
549.097  0.215252  -3.08583
559.863  0.206928  -3.08866
570.63  0.199212  -3.09129
581.396  0.192048  -3.09373
592.163  0.185385  -3.096
602.93  0.17918  -3.09811
613.696  0.173394  -3.10008
624.463  0.167996  -3.10193
635.229  0.162959  -3.10369
645.996  0.158264  -3.1055
656.763  0.153853  -3.10768
667.529  0.149591  -3.10987
678.296  0.145564  -3.11122
689.063  0.14183  -3.11228
699.829  0.138341  -3.11333
710.596  0.135063  -3.11439
721.362  0.131979  -3.11542
732.129  0.129073  -3.11642
742.896  0.126336  -3.11741
753.662  0.123759  -3.11842
764.429  0.121327  -3.11956
775.195  0.118996  -3.12085
785.962  0.116761  -3.12178
796.729  0.114669  -3.12244
807.495  0.112707  -3.12309
818.262  0.110859  -3.12375
829.028  0.109114  -3.12441
839.795  0.107466  -3.12507
850.562  0.105909  -3.12571
861.328  0.104439  -3.12634
872.095  0.103052  -3.12696
882.861  0.101744  -3.12756
893.628  0.100512  -3.12814
904.395  0.0993513  -3.12871
915.161  0.0982599  -3.12927
925.928  0.0972349  -3.12981
936.694  0.0962737  -3.13034
947.461  0.0953738  -3.13086
958.228  0.0945332  -3.13137
968.994  0.0937497  -3.13187
979.761  0.0930217  -3.13236
990.527  0.0923472  -3.13284
1001.29  0.0917248  -3.13331
1012.06  0.091153  -3.13377
1022.83  0.0906305  -3.13423
1033.59  0.0901562  -3.13468
1044.36  0.0897289  -3.13513
1055.13  0.0893476  -3.13557
1065.89  0.0890116  -3.136
1076.66  0.0887199  -3.13643
1087.43  0.0884721  -3.13686
1098.19  0.0882674  -3.13728
1108.96  0.0881054  -3.1377
1119.73  0.0879856  -3.13812
1130.49  0.0879079  -3.13853
1141.26  0.0878718  -3.13895
1152.03  0.0878773  -3.13936
1162.79  0.0879242  -3.13977
1173.56  0.0880127  -3.14018
1184.33  0.0881427  -3.14058
1195.09  0.0883145  -3.14099
1205.86  0.0885282  -3.1414
1216.63  0.0887843  3.14138
1227.39  0.0890831  3.14097
1238.16  0.0894252  3.14056
1248.93  0.089811  3.14014
1259.69  0.0902414  3.13973
1270.46  0.090717  3.13932
1281.23  0.0912388  3.1389
1291.99  0.0918077  3.13848
1302.76  0.0924247  3.13806
1313.53  0.0930912  3.13764
1324.29  0.0938083  3.13721
1335.06  0.0945776  3.13678
1345.83  0.0954006  3.13635
1356.59  0.0962791  3.13591
1367.36  0.0972152  3.13547
1378.13  0.098211  3.13503
1388.89  0.0992692  3.13457
1399.66  0.100393  3.1341
1410.42  0.101585  3.13358
1421.19  0.102847  3.13297
1431.96  0.104167  3.13222
1442.72  0.105537  3.13158
1453.49  0.106988  3.13115
1464.26  0.108534  3.13076
1475.02  0.11017  3.13032
1485.79  0.111897  3.12986
1496.56  0.113719  3.12937
1507.32  0.115639  3.12886
1518.09  0.117663  3.12834
1528.86  0.119796  3.1278
1539.62  0.122045  3.12724
1550.39  0.124416  3.12667
1561.16  0.126915  3.12609
1571.92  0.129552  3.1255
1582.69  0.132334  3.12489
1593.46  0.135272  3.12426
1604.22  0.138373  3.12362
1614.99  0.141651  3.12297
1625.76  0.145117  3.12229
1636.52  0.148784  3.1216
1647.29  0.152667  3.12089
1658.06  0.156782  3.12016
1668.82  0.161146  3.11941
1679.59  0.165778  3.11864
1690.36  0.170702  3.11784
1701.12  0.175939  3.11702
1711.89  0.181518  3.11617
1722.66  0.187468  3.11529
1733.42  0.193823  3.11438
1744.19  0.20062  3.11343
1754.96  0.207903  3.11244
1765.72  0.215722  3.11141
1776.49  0.224136  3.11029
1787.26  0.233211  3.109
1798.02  0.242973  3.10734
1808.79  0.253379  3.10572
1819.56  0.264676  3.10461
1830.32  0.277039  3.10346
1841.09  0.29054  3.10215
1851.86  0.305304  3.10069
1862.62  0.321496  3.0991
1873.39  0.339317  3.09738
1884.16  0.35901  3.09552
1894.92  0.380864  3.0935
1905.69  0.405237  3.0913
1916.46  0.432565  3.0889
1927.22  0.46339  3.08626
1937.99  0.498395  3.08334
1948.75  0.538455  3.08007
1959.52  0.584698  3.07639
1970.29  0.638619  3.0722
1981.05  0.702229  3.06737
1991.82  0.778307  3.06172
2002.59  0.8708  3.05499
2013.35  0.985502  3.04679
2024.12  1.13129  3.03656
2034.89  1.32243  3.02336
2045.65  1.58349  3.00558
2056.42  1.96036  2.98018
2067.19  2.54953  2.94074
2077.95  3.59115  2.87097
2088.72  5.85698  2.71557
2099.49  12.3686  2.17347
2110.25  11.4811  0.801776
2121.02  5.75253  0.343298
2131.79  3.7167  0.203517
2142.55  2.75135  0.138553
2153.32  2.19582  0.101111
2164.09  1.83685  0.0766692
2174.85  1.58667  0.0593651
2185.62  1.40287  0.0463902
2196.39  1.26251  0.0362338
2207.15  1.15212  0.0280119
2217.92  1.06329  0.021173
2228.69  0.990484  0.0153551
2239.45  0.929934  0.0103109
2250.22  0.87897  0.00586565
2260.99  0.835655  0.00189225
2271.75  0.798548  -0.00170397
2282.52  0.76656  -0.00499502
2293.29  0.738848  -0.0080367
2304.05  0.714754  -0.0108729
2314.82  0.693754  -0.0135389
2325.59  0.675431  -0.016063
2336.35  0.659443  -0.0184687
2347.12  0.645514  -0.0207753
2357.89  0.633416  -0.0229992
2368.65  0.622959  -0.025154
2379.42  0.613987  -0.0272516
2390.19  0.606367  -0.0293023
2400.95  0.599992  -0.031315
2411.72  0.594769  -0.0332975
2422.49  0.590621  -0.0352568
2433.25  0.587486  -0.0371994
2444.02  0.58531  -0.0391308
2454.79  0.584052  -0.0410564
2465.55  0.583676  -0.0429811
2476.32  0.584158  -0.0449093
2487.08  0.585475  -0.0468454
2497.85  0.587617  -0.0487935
2508.62  0.590575  -0.0507576
2519.38  0.594347  -0.0527416
2530.15  0.598936  -0.0547492
2540.92  0.604353  -0.0567843
2551.68  0.610609  -0.0588506
2562.45  0.617725  -0.060952
2573.22  0.625725  -0.0630923
2583.98  0.634638  -0.0652757
2594.75  0.6445  -0.0675062
2605.52  0.655352  -0.0697881
2616.28  0.667242  -0.072126
2627.05  0.680225  -0.0745246
2637.82  0.694364  -0.076989
2648.58  0.70973  -0.0795243
2659.35  0.726401  -0.0821363
2670.12  0.744469  -0.0848309
2680.88  0.764036  -0.0876145
2691.65  0.785214  -0.0904935
2702.42  0.808134  -0.093475
2713.18  0.83294  -0.0965656
2723.95  0.859799  -0.0997722
2734.72  0.888898  -0.103101
2745.48  0.920454  -0.106561
2756.25  0.954722  -0.110162
2767.02  0.991993  -0.113932
2777.78  1.03259  -0.117915
2788.55  1.07684  -0.12215
2799.32  1.12515  -0.12665
2810.08  1.17797  -0.131422
2820.85  1.23587  -0.136481
2831.62  1.2995  -0.141852
2842.38  1.36963  -0.147572
2853.15  1.44716  -0.153686
2863.92  1.53317  -0.160245
2874.68  1.62893  -0.167312
2885.45  1.73599  -0.174959
2896.22  1.8562  -0.183276
2906.98  1.99187  -0.192369
2917.75  2.14583  -0.20237
2928.52  2.32162  -0.213443
2939.28  2.52371  -0.225793
2950.05  2.75784  -0.239682
2960.82  3.0315  -0.255453
2971.58  3.35453  -0.273556
2982.35  3.74023  -0.294599
2993.12  4.20685  -0.319425
3003.88  4.78001  -0.349224
3014.65  5.49659  -0.38574
3025.42  6.41103  -0.431609
3036.18  7.60548  -0.490979
3046.95  9.20542  -0.570644
3057.71  11.3972  -0.682152
3068.48  14.4123  -0.845297
3079.25  18.3  -1.09074
3090.01  22.048  -1.44428
3100.78  23.0786  -1.8631
3111.55  20.8299  -2.22924
3122.31  17.664  -2.48768
3133.08  14.9849  -2.66026
3143.85  12.9802  -2.77865
3154.61  11.5117  -2.86392
3165.38  10.43  -2.92842
3176.15  9.626  -2.97943
3186.91  9.02618  -3.0214
3197.68  8.58145  -3.05719
3208.45  8.25912  -3.08872
3219.21  8.03742  -3.11736
3229.98  7.9022  3.13905
3240.75  7.84487  3.1133
3251.51  7.86125  3.08786
3262.28  7.95097  3.06206
3273.05  8.11737  3.03519
3283.81  8.36783  3.00647
3294.58  8.71454  2.97496
3305.35  9.17593  2.93944
3316.11  9.77888  2.89828
3326.88  10.5622  2.84913
3337.65  11.5811  2.78855
3348.41  12.9128  2.71126
3359.18  14.6568  2.60893
3369.95  16.9073  2.46846
3380.71  19.6214  2.27078
3391.48  22.2316  1.99666
3402.25  23.2745  1.6533
3413.01  21.6466  1.30254
3423.78  18.4004  1.01392
3434.55  15.1326  0.804014
3445.31  12.4685  0.655733
3456.08  10.4239  0.549142
3466.85  8.8642  0.470071
3477.61  7.65976  0.409477
3488.38  6.71334  0.36166
3499.15  5.95642  0.322959
3509.91  5.34109  0.290946
3520.68  4.83353  0.263967
3531.45  4.40947  0.240863
3542.21  4.05117  0.220798
3552.98  3.74545  0.203158
3563.75  3.48237  0.187482
3574.51  3.25426  0.173415
3585.28  3.05518  0.160684
3596.04  2.88045  0.149071
3606.81  2.72631  0.138402
3617.58  2.58976  0.128536
3628.34  2.46834  0.119359
3639.11  2.36004  0.110773
3649.88  2.2632  0.102699
3660.64  2.17643  0.0950699
3671.41  2.09858  0.0878268
3682.18  2.02867  0.0809203
3692.94  1.96588  0.0743074
3703.71  1.90951  0.0679501
3714.48  1.85896  0.0618151
3725.24  1.81372  0.0558725
3736.01  1.77338  0.0500956
3746.78  1.73756  0.04446
3757.54  1.70595  0.0389431
3768.31  1.67829  0.0335242
3779.08  1.65437  0.0281837
3789.84  1.63401  0.0229029
3800.61  1.61706  0.0176639
3811.38  1.60343  0.0124491
3822.14  1.59303  0.00724094
3832.91  1.58582  0.00202197
3843.68  1.58179  -0.00322574
3854.44  1.58096  -0.00852073
3865.21  1.58337  -0.0138825
3875.98  1.58911  -0.0193319
3886.74  1.5983  -0.0248912
3897.51  1.61111  -0.0305851
3908.28  1.62774  -0.0364408
3919.04  1.64847  -0.0424887
3929.81  1.6736  -0.0487636
3940.58  1.70356  -0.0553053
3951.34  1.73883  -0.0621598
3962.11  1.78  -0.0693814
3972.88  1.82783  -0.0770344
3983.64  1.88321  -0.0851961
3994.41  1.94727  -0.0939604
4005.18  2.02142  -0.103443
4015.94  2.10742  -0.113787
4026.71  2.20753  -0.125177
4037.48  2.32465  -0.137845
4048.24  2.46259  -0.1521
4059.01  2.62642  -0.16835
4069.78  2.82303  -0.187157
4080.54  3.06202  -0.209303
4091.31  3.35704  -0.23592
4102.08  3.72818  -0.2687
4112.84  4.20587  -0.310277
4123.61  4.83784  -0.364953
4134.38  5.70107  -0.440154
4145.14  6.91955  -0.549482
4155.91  8.66835  -0.718944
4166.67  11.0059  -0.995509
4177.44  12.9777  -1.4253
4188.21  12.3527  -1.92298
4198.97  9.85775  -2.30276
4209.74  7.59828  -2.5384
4220.51  5.99764  -2.68459
4231.27  4.88742  -2.78097
4242.04  4.09516  -2.84861
4252.81  3.50961  -2.89863
4263.57  3.06278  -2.93725
4274.34  2.71236  -2.96812
4285.11  2.43121  -2.99352
4295.87  2.20132  -3.0149
4306.64  2.01035  -3.03326
4317.41  1.84955  -3.04931
4328.17  1.71262  -3.06355
4338.94  1.59485  -3.07636
4349.71  1.4927  -3.08801
4360.47  1.40346  -3.09873
4371.24  1.325  -3.10868
4382.01  1.25563  -3.11801
4392.77  1.19402  -3.12682
4403.54  1.13908  -3.1352
4414.31  1.08991  3.13996
4425.07  1.04579  3.13222
4435.84  1.00611  3.12471
4446.61  0.970367  3.11739
4457.37  0.938127  3.11021
4468.14  0.909036  3.10314
4478.91  0.88279  3.09615
4489.67  0.859131  3.0892
4500.44  0.837842  3.08225
4511.21  0.818737  3.0753
4521.97  0.80166  3.0683
4532.74  0.78648  3.06123
4543.51  0.773088  3.05406
4554.27  0.761395  3.04677
4565.04  0.751331  3.03931
4575.81  0.742842  3.03167
4586.57  0.735893  3.02381
4597.34  0.730462  3.01569
4608.11  0.726546  3.00727
4618.87  0.724157  2.9985
4629.64  0.723326  2.98934
4640.41  0.724104  2.97973
4651.17  0.726561  2.96959
4661.94  0.730795  2.95885
4672.71  0.736932  2.94742
4683.47  0.745131  2.93519
4694.24  0.755594  2.92203
4705  0.768573  2.90778
4715.77  0.784382  2.89225
4726.54  0.803416  2.87521
4737.3  0.826169  2.85635
4748.07  0.853266  2.83529
4758.84  0.8855  2.81156
4769.6  0.923884  2.78453
4780.37  0.969724  2.75335
4791.14  1.0247  2.7169
4801.9  1.091  2.67361
4812.67  1.1714  2.62133
4823.44  1.26932  2.55697
4834.2  1.38862  2.4761
4844.97  1.53241  2.3724
4855.74  1.69963  2.23726
4866.5  1.87648  2.06056
4877.27  2.02253  1.83526
4888.04  2.0691  1.5684
4898.8  1.96718  1.28951
4909.57  1.74804  1.0365
4920.34  1.49076  0.830288
4931.1  1.25171  0.670863
4941.87  1.05052  0.549056
4952.64  0.887152  0.455079
4963.4  0.755446  0.381242
4974.17  0.648687  0.32205
4984.94  0.561239  0.273685
4995.7  0.488737  0.233493
5006.47  0.427885  0.199617
5017.24  0.376207  0.170744
5028  0.331834  0.145941
5038.77  0.293339  0.124554
5049.54  0.259623  0.106136
5060.3  0.229828  0.0904097
5071.07  0.203276  0.0772504
5081.84  0.179427  0.0666827
5092.6  0.157845  0.0589019
5103.37  0.138175  0.0543206
5114.14  0.120129  0.0536592
5124.9  0.10347  0.0581112
5135.67  0.0880082  0.0696558
5146.44  0.0735967  0.091671
5157.2  0.0601419  0.130226
5167.97  0.0476294  0.197017
5178.74  0.0362075  0.316516
5189.5  0.0264433  0.542592
5200.27  0.0200139  0.968397
5211.04  0.01981  1.54914
5221.8  0.0257166  1.97619
5232.57  0.0346654  2.20048
5243.33  0.0448907  2.31524
5254.1  0.0557707  2.37484
5264.87  0.0671006  2.40391
5275.63  0.0788238  2.41418
5286.4  0.0909415  2.41166
5297.17  0.103478  2.39964
5307.93  0.116465  2.37996
5318.7  0.129932  2.35371
5329.47  0.143895  2.32146
5340.23  0.158354  2.28354
5351  0.173278  2.24008
5361.77  0.188599  2.1911
5372.53  0.204197  2.1366
5383.3  0.219889  2.07662
5394.07  0.235426  2.01127
5404.83  0.250485  1.94079
5415.6  0.264684  1.86561
5426.37  0.277605  1.78641
5437.13  0.288832  1.70406
5447.9  0.298003  1.61967
5458.67  0.304856  1.53445
5469.43  0.309269  1.44968
5480.2  0.31127  1.36657
5490.97  0.31103  1.28617
5501.73  0.308823  1.20933
5512.5  0.304986  1.13664
5523.27  0.299876  1.06845
5534.03  0.293834  1.0049
5544.8  0.287165  0.94596
5555.57  0.280124  0.891486
5566.33  0.272916  0.841242
5577.1  0.265702  0.794949
5587.87  0.258598  0.752304
5598.63  0.25169  0.713
5609.4  0.245033  0.676739
5620.17  0.238666  0.643239
5630.93  0.232609  0.612236
5641.7  0.226872  0.583489
5652.47  0.221458  0.556781
5663.23  0.216361  0.531914
5674  0.211575  0.508709
5684.77  0.207089  0.487008
5695.53  0.202892  0.466667
5706.3  0.198971  0.44756
5717.07  0.195313  0.429572
5727.83  0.191907  0.412601
5738.6  0.18874  0.396555
5749.37  0.1858  0.381353
5760.13  0.183078  0.36692
5770.9  0.180562  0.353191
5781.67  0.178243  0.340105
5792.43  0.176114  0.327608
5803.2  0.174165  0.315652
5813.96  0.172389  0.304191
5824.73  0.170781  0.293186
5835.5  0.169334  0.282599
5846.26  0.168043  0.272397
5857.03  0.166904  0.262549
5867.8  0.165912  0.253025
5878.56  0.165065  0.2438
5889.33  0.164359  0.234849
5900.1  0.163793  0.226148
5910.86  0.163364  0.217676
5921.63  0.163071  0.209409
5932.4  0.162914  0.201326
5943.16  0.162889  0.193408
5953.93  0.162995  0.185651
5964.7  0.163234  0.178076
5975.46  0.163615  0.17067
5986.23  0.164141  0.163381
5997  0.164813  0.156182
6007.76  0.165632  0.149061
6018.53  0.166601  0.142008
6029.3  0.167725  0.135013
6040.06  0.169009  0.128065
6050.83  0.170459  0.121153
6061.6  0.172084  0.114262
6072.36  0.17389  0.107382
6083.13  0.175888  0.100497
6093.9  0.178088  0.0935954
6104.66  0.180502  0.0866617
6115.43  0.183142  0.079681
6126.2  0.186025  0.0726372
6136.96  0.189167  0.0655132
6147.73  0.192588  0.0582907
6158.5  0.19631  0.0509494
6169.26  0.200356  0.0434678
6180.03  0.204756  0.035822
6190.8  0.209541  0.0279854
6201.56  0.214747  0.0199285
6212.33  0.220417  0.0116182
6223.1  0.226598  0.00301689
6233.86  0.233345  -0.00591797
6244.63  0.240724  -0.0152354
6255.4  0.248808  -0.0249918
6266.16  0.257685  -0.0352529
6276.93  0.267459  -0.0460957
6287.7  0.278251  -0.0576112
6298.46  0.290207  -0.0699077
6309.23  0.303502  -0.0831154
6320  0.318346  -0.0973921
6330.76  0.334997  -0.112931
6341.53  0.353772  -0.129972
6352.29  0.375063  -0.148815
6363.06  0.399364  -0.16984
6373.83  0.427297  -0.193536
6384.59  0.459659  -0.220541
6395.36  0.497478  -0.2517
6406.13  0.54209  -0.288154
6416.89  0.59524  -0.331466
6427.66  0.659193  -0.38382
6438.43  0.736825  -0.448309
6449.19  0.831537  -0.529356
6459.96  0.946604  -0.633225
6470.73  1.08287  -0.768371
6481.49  1.2328  -0.944557
6492.26  1.37017  -1.16817
6503.03  1.44681  -1.4317
6513.79  1.42303  -1.70616
6524.56  1.3115  -1.9551
6535.33  1.16202  -2.15844
6546.09  1.01464  -2.31605
6556.86  0.886179  -2.43671
6567.63  0.779412  -2.52989
6578.39  0.691906  -2.60312
6589.16  0.620117  -2.66183
6599.93  0.560791  -2.70981
6610.69  0.51129  -2.74974
6621.46  0.469566  -2.7835
6632.23  0.434049  -2.81246
6642.99  0.403536  -2.83762
6653.76  0.377101  -2.85973
6664.53  0.354023  -2.87936
6675.29  0.333735  -2.89695
6686.06  0.315788  -2.91283
6696.83  0.299823  -2.92729
6707.59  0.285548  -2.94053
6718.36  0.272727  -2.95273
6729.13  0.261162  -2.96405
6739.89  0.250693  -2.97459
6750.66  0.241184  -2.98446
6761.43  0.23252  -2.99374
6772.19  0.224606  -3.0025
6782.96  0.217358  -3.0108
6793.73  0.210706  -3.01869
6804.49  0.20459  -3.02621
6815.26  0.198957  -3.03341
6826.03  0.193761  -3.04032
6836.79  0.188963  -3.04697
6847.56  0.184527  -3.05337
6858.33  0.180423  -3.05956
6869.09  0.176625  -3.06556
6879.86  0.173107  -3.07138
6890.63  0.169849  -3.07705
6901.39  0.166832  -3.08256
6912.16  0.164039  -3.08794
6922.92  0.161456  -3.09321
6933.69  0.159068  -3.09836
6944.46  0.156865  -3.10341
6955.22  0.154834  -3.10837
6965.99  0.152967  -3.11325
6976.76  0.151255  -3.11805
6987.52  0.14969  -3.12278
6998.29  0.148266  -3.12745
7009.06  0.146976  -3.13207
7019.82  0.145814  -3.13663
7030.59  0.144776  -3.14115
7041.36  0.143858  3.13756
7052.12  0.143055  3.13311
7062.89  0.142365  3.1287
7073.66  0.141784  3.12431
7084.42  0.141311  3.11994
7095.19  0.140942  3.1156
7105.96  0.140676  3.11126
7116.72  0.140513  3.10694
7127.49  0.14045  3.10262
7138.26  0.140488  3.09831
7149.02  0.140627  3.094
7159.79  0.140865  3.08968
7170.56  0.141204  3.08536
7181.32  0.141644  3.08102
7192.09  0.142187  3.07667
7202.86  0.142833  3.0723
7213.62  0.143586  3.06792
7224.39  0.144445  3.0635
7235.16  0.145415  3.05906
7245.92  0.146498  3.05458
7256.69  0.147697  3.05007
7267.46  0.149016  3.04552
7278.22  0.15046  3.04092
7288.99  0.152032  3.03627
7299.76  0.153739  3.03157
7310.52  0.155586  3.02681
7321.29  0.15758  3.02198
7332.06  0.159727  3.01708
7342.82  0.162036  3.01211
7353.59  0.164515  3.00705
7364.36  0.167174  3.00191
7375.12  0.170025  2.99666
7385.89  0.173078  2.99131
7396.66  0.176347  2.98585
7407.42  0.179846  2.98026
7418.19  0.183592  2.97454
7428.96  0.187603  2.96868
7439.72  0.191898  2.96266
7450.49  0.196499  2.95647
7461.25  0.201433  2.95009
7472.02  0.206726  2.94351
7482.79  0.21241  2.93671
7493.55  0.21852  2.92967
7504.32  0.225097  2.92235
7515.09  0.232185  2.91474
7525.85  0.239837  2.9068
7536.62  0.248108  2.89849
7547.39  0.257067  2.88977
7558.15  0.266788  2.8806
7568.92  0.27736  2.87091
7579.69  0.288883  2.86066
7590.45  0.301476  2.84976
7601.22  0.315278  2.83815
7611.99  0.330452  2.82571
7622.75  0.347193  2.81234
7633.52  0.365731  2.79788
7644.29  0.386343  2.78218
7655.05  0.409365  2.76503
7665.82  0.435205  2.74616
7676.59  0.46436  2.72526
7687.35  0.497449  2.70194
7698.12  0.535238  2.67568
7708.89  0.578683  2.64583
7719.65  0.62899  2.61156
7730.42  0.687669  2.57175
7741.19  0.756604  2.5249
7751.95  0.838101  2.46905
7762.72  0.934831  2.40147
7773.49  1.04953  2.31857
7784.25  1.184  2.21563
7795.02  1.3368  2.08693
7805.79  1.49853  1.92687
7816.55  1.64591  1.73301
7827.32  1.742  1.51115
7838.09  1.75436  1.27843
7848.85  1.68179  1.05754
7859.62  1.55476  0.865128
7870.39  1.40937  0.706513
7881.15  1.26907  0.578986
7891.92  1.14401  0.476886
7902.69  1.03642  0.394545
7913.45  0.94515  0.327296
7924.22  0.867947  0.27157
7934.99  0.802486  0.224711
7945.75  0.746705  0.184753
7956.52  0.698889  0.150233
7967.29  0.65765  0.120052
7978.05  0.621869  0.0933751
7988.82  0.590654  0.0695588
7999.58  0.563286  0.048102
8010.35  0.539184  0.0286093
8021.12  0.517878  0.0107655
8031.88  0.498982  -0.00568412
8042.65  0.482179  -0.0209468
8053.42  0.467208  -0.035193
8064.18  0.45385  -0.0485643
8074.95  0.441922  -0.0611793
8085.72  0.431271  -0.073138
8096.48  0.421766  -0.0845255
8107.25  0.413298  -0.0954147
8118.02  0.405774  -0.105868
8128.78  0.399112  -0.115942
8139.55  0.393246  -0.125682
8150.32  0.388116  -0.135132
8161.08  0.383675  -0.144329
8171.85  0.379879  -0.153307
8182.62  0.376693  -0.162096
8193.38  0.374087  -0.170723
8204.15  0.372037  -0.179213
8214.92  0.370522  -0.187591
8225.68  0.369528  -0.195877
8236.45  0.369041  -0.204092
8247.22  0.369054  -0.212256
8257.98  0.369562  -0.220386
8268.75  0.370564  -0.228501
8279.52  0.372062  -0.236618
8290.28  0.374061  -0.244755
8301.05  0.37657  -0.252929
8311.82  0.379603  -0.26116
8322.58  0.383173  -0.269466
8333.35  0.387302  -0.27787
8344.12  0.392012  -0.286393
8354.88  0.397328  -0.295053
8365.65  0.403285  -0.30387
8376.42  0.40992  -0.312866
8387.18  0.417279  -0.322065
8397.95  0.425415  -0.331495
8408.72  0.434385  -0.341189
8419.48  0.44426  -0.351182
8430.25  0.455118  -0.361512
8441.02  0.467048  -0.372223
8451.78  0.480157  -0.383363
8462.55  0.494565  -0.39499
8473.32  0.510413  -0.407167
8484.08  0.527864  -0.419968
8494.85  0.547112  -0.43348
8505.62  0.56838  -0.447803
8516.38  0.591936  -0.463058
8527.15  0.618095  -0.479385
8537.92  0.647233  -0.496954
8548.68  0.679802  -0.515971
8559.45  0.716346  -0.536687
8570.21  0.757528  -0.559409
8580.98  0.804155  -0.58452
8591.75  0.857215  -0.612501
8602.51  0.917928  -0.643963
8613.28  0.987793  -0.679686
8624.05  1.06865  -0.720685
8634.81  1.16274  -0.768284
8645.58  1.27268  -0.82423
8656.35  1.40139  -0.890822
8667.11  1.55161  -0.971066
8677.88  1.72483  -1.06877
8688.65  1.91872  -1.18843
8699.41  2.12278  -1.33444
8710.18  2.31258  -1.50916
8720.95  2.44899  -1.70946
8731.71  2.49221  -1.92404
8742.48  2.42864  -2.13553
8753.25  2.28194  -2.32796
8764.01  2.09374  -2.49293
8774.78  1.89895  -2.62961
8785.55  1.71719  -2.74136
8796.31  1.5561  -2.83278
8807.08  1.41672  -2.90817
8817.85  1.29726  -2.97104
8828.61  1.19507  -3.02416
8839.38  1.10744  -3.06962
8850.15  1.03199  -3.109
8860.91  0.966695  3.13967
8871.68  0.909886  3.1091
8882.45  0.860206  3.08176
8893.21  0.816549  3.05707
8903.98  0.778013  3.03461
8914.75  0.743862  3.014
8925.51  0.71349  2.99497
8936.28  0.686396  2.97729
8947.05  0.662166  2.96075
8957.81  0.640452  2.9452
8968.58  0.620963  2.93051
8979.35  0.603455  2.91656
8990.11  0.587718  2.90326
9000.88  0.573577  2.89053
9011.65  0.560881  2.87828
9022.41  0.549501  2.86647
9033.18  0.539326  2.85504
9043.95  0.530262  2.84394
9054.71  0.522228  2.83313
9065.48  0.515155  2.82257
9076.25  0.508982  2.81223
9087.01  0.503659  2.80208
9097.78  0.499145  2.79208
9108.54  0.495403  2.78222
9119.31  0.492405  2.77247
9130.08  0.490127  2.7628
9140.84  0.488552  2.7532
9151.61  0.487667  2.74364
9162.38  0.487465  2.7341
9173.14  0.487944  2.72457
9183.91  0.489105  2.71502
9194.68  0.490955  2.70544
9205.44  0.493506  2.69581
9216.21  0.496776  2.6861
9226.98  0.500785  2.67629
9237.74  0.505563  2.66637
9248.51  0.511143  2.65631
9259.28  0.517567  2.64608
9270.04  0.524884  2.63565
9280.81  0.53315  2.62501
9291.58  0.542434  2.61411
9302.34  0.552812  2.60292
9313.11  0.564377  2.5914
9323.88  0.577234  2.5795
9334.64  0.591506  2.56718
9345.41  0.607338  2.55437
9356.18  0.624897  2.54101
9366.94  0.644383  2.52703
9377.71  0.666027  2.51232
9388.48  0.690105  2.49679
9399.24  0.716945  2.4803
9410.01  0.74694  2.4627
9420.78  0.780561  2.44382
9431.54  0.818381  2.42342
9442.31  0.861094  2.40123
9453.08  0.909556  2.37691
9463.84  0.964822  2.35003
9474.61  1.0282  2.32003
9485.38  1.10133  2.28622
9496.14  1.18626  2.24766
9506.91  1.28554  2.20315
9517.68  1.4023  2.15105
9528.44  1.54028  2.08919
9539.21  1.7036  2.0146
9549.98  1.8959  1.92335
9560.74  2.11814  1.81042
9571.51  2.36362  1.67
9582.28  2.60943  1.4971
9593.04  2.8087  1.29134
9603.81  2.89994  1.06204
9614.58  2.84596  0.828979
9625.34  2.66773  0.613888
9636.11  2.42475  0.429848
9646.88  2.17112  0.279132
9657.64  1.93674  0.157722
9668.41  1.73218  0.0598181
9679.17  1.55799  -0.0199413
9689.94  1.41084  -0.0858473
9700.71  1.28651  -0.141148
9711.47  1.181  -0.188257
9722.24  1.09092  -0.228963
9733.01  1.01349  -0.264603
9743.77  0.946475  -0.296184
9754.54  0.888105  -0.324477
9765.31  0.836951  -0.350076
9776.07  0.791873  -0.373448
9786.84  0.751946  -0.394962
9797.61  0.716422  -0.414914
9808.37  0.684686  -0.433548
9819.14  0.656234  -0.451065
9829.91  0.630645  -0.467641
9840.67  0.60756  -0.483435
9851.44  0.586655  -0.498573
9862.21  0.567651  -0.513096
9872.97  0.550362  -0.527
9883.74  0.534653  -0.540358
9894.51  0.52038  -0.553278
9905.27  0.507401  -0.565841
9916.04  0.495593  -0.5781
9926.81  0.484853  -0.590099
9937.57  0.47509  -0.601873
9948.34  0.466229  -0.613455
9959.11  0.458203  -0.624873
9969.87  0.450955  -0.636155
9980.64  0.444434  -0.647326
9991.41  1e-09  0
10002.2  1e-09  0
10012.9  1e-09  0
10023.7  1e-09  0
10034.5  1e-09  0
10045.2  1e-09  0
10056  1e-09  0
10066.8  1e-09  0
10077.5  1e-09  0
10088.3  1e-09  0
10099.1  1e-09  0
10109.8  1e-09  0
10120.6  1e-09  0
10131.4  1e-09  0
10142.1  1e-09  0
10152.9  1e-09  0
10163.7  1e-09  0
10174.4  1e-09  0
10185.2  1e-09  0
10196  1e-09  0
10206.7  1e-09  0
10217.5  1e-09  0
10228.3  1e-09  0
10239  1e-09  0
10249.8  1e-09  0
10260.6  1e-09  0
10271.3  1e-09  0
10282.1  1e-09  0
10292.9  1e-09  0
10303.6  1e-09  0
10314.4  1e-09  0
10325.2  1e-09  0
10335.9  1e-09  0
10346.7  1e-09  0
10357.5  1e-09  0
10368.2  1e-09  0
10379  1e-09  0
10389.8  1e-09  0
10400.5  1e-09  0
10411.3  1e-09  0
10422.1  1e-09  0
10432.8  1e-09  0
10443.6  1e-09  0
10454.4  1e-09  0
10465.1  1e-09  0
10475.9  1e-09  0
10486.7  1e-09  0
10497.4  1e-09  0
10508.2  1e-09  0
10519  1e-09  0
10529.7  1e-09  0
10540.5  1e-09  0
10551.3  1e-09  0
10562  1e-09  0
10572.8  1e-09  0
10583.6  1e-09  0
10594.3  1e-09  0
10605.1  1e-09  0
10615.9  1e-09  0
10626.6  1e-09  0
10637.4  1e-09  0
10648.2  1e-09  0
10658.9  1e-09  0
10669.7  1e-09  0
10680.5  1e-09  0
10691.2  1e-09  0
10702  1e-09  0
10712.8  1e-09  0
10723.5  1e-09  0
10734.3  1e-09  0
10745.1  1e-09  0
10755.8  1e-09  0
10766.6  1e-09  0
10777.4  1e-09  0
10788.1  1e-09  0
10798.9  1e-09  0
10809.7  1e-09  0
10820.4  1e-09  0
10831.2  1e-09  0
10842  1e-09  0
10852.7  1e-09  0
10863.5  1e-09  0
10874.3  1e-09  0
10885  1e-09  0
10895.8  1e-09  0
10906.6  1e-09  0
10917.3  1e-09  0
10928.1  1e-09  0
10938.9  1e-09  0
10949.6  1e-09  0
10960.4  1e-09  0
10971.2  1e-09  0
10981.9  1e-09  0
10992.7  1e-09  0
11003.5  1e-09  0
11014.2  1e-09  0
11025  1e-09  0
11035.8  1e-09  0
11046.5  1e-09  0
11057.3  1e-09  0
11068.1  1e-09  0
11078.8  1e-09  0
11089.6  1e-09  0
11100.4  1e-09  0
11111.1  1e-09  0
11121.9  1e-09  0
11132.7  1e-09  0
11143.4  1e-09  0
11154.2  1e-09  0
11165  1e-09  0
11175.7  1e-09  0
11186.5  1e-09  0
11197.3  1e-09  0
11208  1e-09  0
11218.8  1e-09  0
11229.6  1e-09  0
11240.3  1e-09  0
11251.1  1e-09  0
11261.9  1e-09  0
11272.6  1e-09  0
11283.4  1e-09  0
11294.2  1e-09  0
11304.9  1e-09  0
11315.7  1e-09  0
11326.5  1e-09  0
11337.2  1e-09  0
11348  1e-09  0
11358.8  1e-09  0
11369.5  1e-09  0
11380.3  1e-09  0
11391.1  1e-09  0
11401.8  1e-09  0
11412.6  1e-09  0
11423.4  1e-09  0
11434.1  1e-09  0
11444.9  1e-09  0
11455.7  1e-09  0
11466.4  1e-09  0
11477.2  1e-09  0
11488  1e-09  0
11498.7  1e-09  0
11509.5  1e-09  0
11520.3  1e-09  0
11531  1e-09  0
11541.8  1e-09  0
11552.6  1e-09  0
11563.3  1e-09  0
11574.1  1e-09  0
11584.9  1e-09  0
11595.6  1e-09  0
11606.4  1e-09  0
11617.2  1e-09  0
11627.9  1e-09  0
11638.7  1e-09  0
11649.5  1e-09  0
11660.2  1e-09  0
11671  1e-09  0
11681.8  1e-09  0
11692.5  1e-09  0
11703.3  1e-09  0
11714.1  1e-09  0
11724.8  1e-09  0
11735.6  1e-09  0
11746.4  1e-09  0
11757.1  1e-09  0
11767.9  1e-09  0
11778.7  1e-09  0
11789.4  1e-09  0
11800.2  1e-09  0
11811  1e-09  0
11821.7  1e-09  0
11832.5  1e-09  0
11843.3  1e-09  0
11854  1e-09  0
11864.8  1e-09  0
11875.6  1e-09  0
11886.3  1e-09  0
11897.1  1e-09  0
11907.9  1e-09  0
11918.6  1e-09  0
11929.4  1e-09  0
11940.2  1e-09  0
11950.9  1e-09  0
11961.7  1e-09  0
11972.5  1e-09  0
11983.2  1e-09  0
11994  1e-09  0
12004.8  1e-09  0
12015.5  1e-09  0
12026.3  1e-09  0
12037.1  1e-09  0
12047.8  1e-09  0
12058.6  1e-09  0
12069.4  1e-09  0
12080.1  1e-09  0
12090.9  1e-09  0
12101.7  1e-09  0
12112.4  1e-09  0
12123.2  1e-09  0
12134  1e-09  0
12144.7  1e-09  0
12155.5  1e-09  0
12166.3  1e-09  0
12177  1e-09  0
12187.8  1e-09  0
12198.6  1e-09  0
12209.3  1e-09  0
12220.1  1e-09  0
12230.9  1e-09  0
12241.6  1e-09  0
12252.4  1e-09  0
12263.2  1e-09  0
12273.9  1e-09  0
12284.7  1e-09  0
12295.5  1e-09  0
12306.2  1e-09  0
12317  1e-09  0
12327.8  1e-09  0
12338.5  1e-09  0
12349.3  1e-09  0
12360.1  1e-09  0
12370.8  1e-09  0
12381.6  1e-09  0
12392.4  1e-09  0
12403.1  1e-09  0
12413.9  1e-09  0
12424.7  1e-09  0
12435.4  1e-09  0
12446.2  1e-09  0
12457  1e-09  0
12467.7  1e-09  0
12478.5  1e-09  0
12489.3  1e-09  0
12500  1e-09  0
12510.8  1e-09  0
12521.6  1e-09  0
12532.3  1e-09  0
12543.1  1e-09  0
12553.9  1e-09  0
12564.6  1e-09  0
12575.4  1e-09  0
12586.2  1e-09  0
12596.9  1e-09  0
12607.7  1e-09  0
12618.5  1e-09  0
12629.2  1e-09  0
12640  1e-09  0
12650.8  1e-09  0
12661.5  1e-09  0
12672.3  1e-09  0
12683.1  1e-09  0
12693.8  1e-09  0
12704.6  1e-09  0
12715.4  1e-09  0
12726.1  1e-09  0
12736.9  1e-09  0
12747.7  1e-09  0
12758.4  1e-09  0
12769.2  1e-09  0
12780  1e-09  0
12790.7  1e-09  0
12801.5  1e-09  0
12812.3  1e-09  0
12823  1e-09  0
12833.8  1e-09  0
12844.6  1e-09  0
12855.3  1e-09  0
12866.1  1e-09  0
12876.9  1e-09  0
12887.6  1e-09  0
12898.4  1e-09  0
12909.2  1e-09  0
12919.9  1e-09  0
12930.7  1e-09  0
12941.5  1e-09  0
12952.2  1e-09  0
12963  1e-09  0
12973.8  1e-09  0
12984.5  1e-09  0
12995.3  1e-09  0
13006.1  1e-09  0
13016.8  1e-09  0
13027.6  1e-09  0
13038.4  1e-09  0
13049.1  1e-09  0
13059.9  1e-09  0
13070.7  1e-09  0
13081.4  1e-09  0
13092.2  1e-09  0
13103  1e-09  0
13113.7  1e-09  0
13124.5  1e-09  0
13135.3  1e-09  0
13146  1e-09  0
13156.8  1e-09  0
13167.6  1e-09  0
13178.3  1e-09  0
13189.1  1e-09  0
13199.9  1e-09  0
13210.6  1e-09  0
13221.4  1e-09  0
13232.2  1e-09  0
13242.9  1e-09  0
13253.7  1e-09  0
13264.5  1e-09  0
13275.2  1e-09  0
13286  1e-09  0
13296.8  1e-09  0
13307.5  1e-09  0
13318.3  1e-09  0
13329.1  1e-09  0
13339.8  1e-09  0
13350.6  1e-09  0
13361.4  1e-09  0
13372.1  1e-09  0
13382.9  1e-09  0
13393.7  1e-09  0
13404.4  1e-09  0
13415.2  1e-09  0
13426  1e-09  0
13436.7  1e-09  0
13447.5  1e-09  0
13458.3  1e-09  0
13469  1e-09  0
13479.8  1e-09  0
13490.6  1e-09  0
13501.3  1e-09  0
13512.1  1e-09  0
13522.9  1e-09  0
13533.6  1e-09  0
13544.4  1e-09  0
13555.2  1e-09  0
13565.9  1e-09  0
13576.7  1e-09  0
13587.5  1e-09  0
13598.2  1e-09  0
13609  1e-09  0
13619.8  1e-09  0
13630.5  1e-09  0
13641.3  1e-09  0
13652.1  1e-09  0
13662.8  1e-09  0
13673.6  1e-09  0
13684.4  1e-09  0
13695.1  1e-09  0
13705.9  1e-09  0
13716.7  1e-09  0
13727.4  1e-09  0
13738.2  1e-09  0
13749  1e-09  0
13759.7  1e-09  0
13770.5  1e-09  0
13781.3  1e-09  0
13792  1e-09  0
13802.8  1e-09  0
13813.5  1e-09  0
13824.3  1e-09  0
13835.1  1e-09  0
13845.8  1e-09  0
13856.6  1e-09  0
13867.4  1e-09  0
13878.1  1e-09  0
13888.9  1e-09  0
13899.7  1e-09  0
13910.4  1e-09  0
13921.2  1e-09  0
13932  1e-09  0
13942.7  1e-09  0
13953.5  1e-09  0
13964.3  1e-09  0
13975  1e-09  0
13985.8  1e-09  0
13996.6  1e-09  0
14007.3  1e-09  0
14018.1  1e-09  0
14028.9  1e-09  0
14039.6  1e-09  0
14050.4  1e-09  0
14061.2  1e-09  0
14071.9  1e-09  0
14082.7  1e-09  0
14093.5  1e-09  0
14104.2  1e-09  0
14115  1e-09  0
14125.8  1e-09  0
14136.5  1e-09  0
14147.3  1e-09  0
14158.1  1e-09  0
14168.8  1e-09  0
14179.6  1e-09  0
14190.4  1e-09  0
14201.1  1e-09  0
14211.9  1e-09  0
14222.7  1e-09  0
14233.4  1e-09  0
14244.2  1e-09  0
14255  1e-09  0
14265.7  1e-09  0
14276.5  1e-09  0
14287.3  1e-09  0
14298  1e-09  0
14308.8  1e-09  0
14319.6  1e-09  0
14330.3  1e-09  0
14341.1  1e-09  0
14351.9  1e-09  0
14362.6  1e-09  0
14373.4  1e-09  0
14384.2  1e-09  0
14394.9  1e-09  0
14405.7  1e-09  0
14416.5  1e-09  0
14427.2  1e-09  0
14438  1e-09  0
14448.8  1e-09  0
14459.5  1e-09  0
14470.3  1e-09  0
14481.1  1e-09  0
14491.8  1e-09  0
14502.6  1e-09  0
14513.4  1e-09  0
14524.1  1e-09  0
14534.9  1e-09  0
14545.7  1e-09  0
14556.4  1e-09  0
14567.2  1e-09  0
14578  1e-09  0
14588.7  1e-09  0
14599.5  1e-09  0
14610.3  1e-09  0
14621  1e-09  0
14631.8  1e-09  0
14642.6  1e-09  0
14653.3  1e-09  0
14664.1  1e-09  0
14674.9  1e-09  0
14685.6  1e-09  0
14696.4  1e-09  0
14707.2  1e-09  0
14717.9  1e-09  0
14728.7  1e-09  0
14739.5  1e-09  0
14750.2  1e-09  0
14761  1e-09  0
14771.8  1e-09  0
14782.5  1e-09  0
14793.3  1e-09  0
14804.1  1e-09  0
14814.8  1e-09  0
14825.6  1e-09  0
14836.4  1e-09  0
14847.1  1e-09  0
14857.9  1e-09  0
14868.7  1e-09  0
14879.4  1e-09  0
14890.2  1e-09  0
14901  1e-09  0
14911.7  1e-09  0
14922.5  1e-09  0
14933.3  1e-09  0
14944  1e-09  0
14954.8  1e-09  0
14965.6  1e-09  0
14976.3  1e-09  0
14987.1  1e-09  0
14997.9  1e-09  0
15008.6  1e-09  0
15019.4  1e-09  0
15030.2  1e-09  0
15040.9  1e-09  0
15051.7  1e-09  0
15062.5  1e-09  0
15073.2  1e-09  0
15084  1e-09  0
15094.8  1e-09  0
15105.5  1e-09  0
15116.3  1e-09  0
15127.1  1e-09  0
15137.8  1e-09  0
15148.6  1e-09  0
15159.4  1e-09  0
15170.1  1e-09  0
15180.9  1e-09  0
15191.7  1e-09  0
15202.4  1e-09  0
15213.2  1e-09  0
15224  1e-09  0
15234.7  1e-09  0
15245.5  1e-09  0
15256.3  1e-09  0
15267  1e-09  0
15277.8  1e-09  0
15288.6  1e-09  0
15299.3  1e-09  0
15310.1  1e-09  0
15320.9  1e-09  0
15331.6  1e-09  0
15342.4  1e-09  0
15353.2  1e-09  0
15363.9  1e-09  0
15374.7  1e-09  0
15385.5  1e-09  0
15396.2  1e-09  0
15407  1e-09  0
15417.8  1e-09  0
15428.5  1e-09  0
15439.3  1e-09  0
15450.1  1e-09  0
15460.8  1e-09  0
15471.6  1e-09  0
15482.4  1e-09  0
15493.1  1e-09  0
15503.9  1e-09  0
15514.7  1e-09  0
15525.4  1e-09  0
15536.2  1e-09  0
15547  1e-09  0
15557.7  1e-09  0
15568.5  1e-09  0
15579.3  1e-09  0
15590  1e-09  0
15600.8  1e-09  0
15611.6  1e-09  0
15622.3  1e-09  0
15633.1  1e-09  0
15643.9  1e-09  0
15654.6  1e-09  0
15665.4  1e-09  0
15676.2  1e-09  0
15686.9  1e-09  0
15697.7  1e-09  0
15708.5  1e-09  0
15719.2  1e-09  0
15730  1e-09  0
15740.8  1e-09  0
15751.5  1e-09  0
15762.3  1e-09  0
15773.1  1e-09  0
15783.8  1e-09  0
15794.6  1e-09  0
15805.4  1e-09  0
15816.1  1e-09  0
15826.9  1e-09  0
15837.7  1e-09  0
15848.4  1e-09  0
15859.2  1e-09  0
15870  1e-09  0
15880.7  1e-09  0
15891.5  1e-09  0
15902.3  1e-09  0
15913  1e-09  0
15923.8  1e-09  0
15934.6  1e-09  0
15945.3  1e-09  0
15956.1  1e-09  0
15966.9  1e-09  0
15977.6  1e-09  0
15988.4  1e-09  0
15999.2  1e-09  0
16009.9  1e-09  0
16020.7  1e-09  0
16031.5  1e-09  0
16042.2  1e-09  0
16053  1e-09  0
16063.8  1e-09  0
16074.5  1e-09  0
16085.3  1e-09  0
16096.1  1e-09  0
16106.8  1e-09  0
16117.6  1e-09  0
16128.4  1e-09  0
16139.1  1e-09  0
16149.9  1e-09  0
16160.7  1e-09  0
16171.4  1e-09  0
16182.2  1e-09  0
16193  1e-09  0
16203.7  1e-09  0
16214.5  1e-09  0
16225.3  1e-09  0
16236  1e-09  0
16246.8  1e-09  0
16257.6  1e-09  0
16268.3  1e-09  0
16279.1  1e-09  0
16289.9  1e-09  0
16300.6  1e-09  0
16311.4  1e-09  0
16322.2  1e-09  0
16332.9  1e-09  0
16343.7  1e-09  0
16354.5  1e-09  0
16365.2  1e-09  0
16376  1e-09  0
16386.8  1e-09  0
16397.5  1e-09  0
16408.3  1e-09  0
16419.1  1e-09  0
16429.8  1e-09  0
16440.6  1e-09  0
16451.4  1e-09  0
16462.1  1e-09  0
16472.9  1e-09  0
16483.7  1e-09  0
16494.4  1e-09  0
16505.2  1e-09  0
16516  1e-09  0
16526.7  1e-09  0
16537.5  1e-09  0
16548.3  1e-09  0
16559  1e-09  0
16569.8  1e-09  0
16580.6  1e-09  0
16591.3  1e-09  0
16602.1  1e-09  0
16612.9  1e-09  0
16623.6  1e-09  0
16634.4  1e-09  0
16645.2  1e-09  0
16655.9  1e-09  0
16666.7  1e-09  0
16677.5  1e-09  0
16688.2  1e-09  0
16699  1e-09  0
16709.8  1e-09  0
16720.5  1e-09  0
16731.3  1e-09  0
16742.1  1e-09  0
16752.8  1e-09  0
16763.6  1e-09  0
16774.4  1e-09  0
16785.1  1e-09  0
16795.9  1e-09  0
16806.7  1e-09  0
16817.4  1e-09  0
16828.2  1e-09  0
16839  1e-09  0
16849.7  1e-09  0
16860.5  1e-09  0
16871.3  1e-09  0
16882  1e-09  0
16892.8  1e-09  0
16903.6  1e-09  0
16914.3  1e-09  0
16925.1  1e-09  0
16935.9  1e-09  0
16946.6  1e-09  0
16957.4  1e-09  0
16968.2  1e-09  0
16978.9  1e-09  0
16989.7  1e-09  0
17000.5  1e-09  0
17011.2  1e-09  0
17022  1e-09  0
17032.8  1e-09  0
17043.5  1e-09  0
17054.3  1e-09  0
17065.1  1e-09  0
17075.8  1e-09  0
17086.6  1e-09  0
17097.4  1e-09  0
17108.1  1e-09  0
17118.9  1e-09  0
17129.7  1e-09  0
17140.4  1e-09  0
17151.2  1e-09  0
17162  1e-09  0
17172.7  1e-09  0
17183.5  1e-09  0
17194.3  1e-09  0
17205  1e-09  0
17215.8  1e-09  0
17226.6  1e-09  0
17237.3  1e-09  0
17248.1  1e-09  0
17258.9  1e-09  0
17269.6  1e-09  0
17280.4  1e-09  0
17291.2  1e-09  0
17301.9  1e-09  0
17312.7  1e-09  0
17323.5  1e-09  0
17334.2  1e-09  0
17345  1e-09  0
17355.8  1e-09  0
17366.5  1e-09  0
17377.3  1e-09  0
17388.1  1e-09  0
17398.8  1e-09  0
17409.6  1e-09  0
17420.4  1e-09  0
17431.1  1e-09  0
17441.9  1e-09  0
17452.7  1e-09  0
17463.4  1e-09  0
17474.2  1e-09  0
17485  1e-09  0
17495.7  1e-09  0
17506.5  1e-09  0
17517.3  1e-09  0
17528  1e-09  0
17538.8  1e-09  0
17549.6  1e-09  0
17560.3  1e-09  0
17571.1  1e-09  0
17581.9  1e-09  0
17592.6  1e-09  0
17603.4  1e-09  0
17614.2  1e-09  0
17624.9  1e-09  0
17635.7  1e-09  0
17646.5  1e-09  0
17657.2  1e-09  0
17668  1e-09  0
17678.8  1e-09  0
17689.5  1e-09  0
17700.3  1e-09  0
17711.1  1e-09  0
17721.8  1e-09  0
17732.6  1e-09  0
17743.4  1e-09  0
17754.1  1e-09  0
17764.9  1e-09  0
17775.7  1e-09  0
17786.4  1e-09  0
17797.2  1e-09  0
17808  1e-09  0
17818.7  1e-09  0
17829.5  1e-09  0
17840.3  1e-09  0
17851  1e-09  0
17861.8  1e-09  0
17872.6  1e-09  0
17883.3  1e-09  0
17894.1  1e-09  0
17904.9  1e-09  0
17915.6  1e-09  0
17926.4  1e-09  0
17937.2  1e-09  0
17947.9  1e-09  0
17958.7  1e-09  0
17969.5  1e-09  0
17980.2  1e-09  0
17991  1e-09  0
18001.8  1e-09  0
18012.5  1e-09  0
18023.3  1e-09  0
18034.1  1e-09  0
18044.8  1e-09  0
18055.6  1e-09  0
18066.4  1e-09  0
18077.1  1e-09  0
18087.9  1e-09  0
18098.7  1e-09  0
18109.4  1e-09  0
18120.2  1e-09  0
18131  1e-09  0
18141.7  1e-09  0
18152.5  1e-09  0
18163.3  1e-09  0
18174  1e-09  0
18184.8  1e-09  0
18195.6  1e-09  0
18206.3  1e-09  0
18217.1  1e-09  0
18227.9  1e-09  0
18238.6  1e-09  0
18249.4  1e-09  0
18260.2  1e-09  0
18270.9  1e-09  0
18281.7  1e-09  0
18292.5  1e-09  0
18303.2  1e-09  0
18314  1e-09  0
18324.8  1e-09  0
18335.5  1e-09  0
18346.3  1e-09  0
18357.1  1e-09  0
18367.8  1e-09  0
18378.6  1e-09  0
18389.4  1e-09  0
18400.1  1e-09  0
18410.9  1e-09  0
18421.7  1e-09  0
18432.4  1e-09  0
18443.2  1e-09  0
18454  1e-09  0
18464.7  1e-09  0
18475.5  1e-09  0
18486.3  1e-09  0
18497  1e-09  0
18507.8  1e-09  0
18518.6  1e-09  0
18529.3  1e-09  0
18540.1  1e-09  0
18550.9  1e-09  0
18561.6  1e-09  0
18572.4  1e-09  0
18583.2  1e-09  0
18593.9  1e-09  0
18604.7  1e-09  0
18615.5  1e-09  0
18626.2  1e-09  0
18637  1e-09  0
18647.8  1e-09  0
18658.5  1e-09  0
18669.3  1e-09  0
18680.1  1e-09  0
18690.8  1e-09  0
18701.6  1e-09  0
18712.4  1e-09  0
18723.1  1e-09  0
18733.9  1e-09  0
18744.7  1e-09  0
18755.4  1e-09  0
18766.2  1e-09  0
18777  1e-09  0
18787.7  1e-09  0
18798.5  1e-09  0
18809.3  1e-09  0
18820  1e-09  0
18830.8  1e-09  0
18841.6  1e-09  0
18852.3  1e-09  0
18863.1  1e-09  0
18873.9  1e-09  0
18884.6  1e-09  0
18895.4  1e-09  0
18906.2  1e-09  0
18916.9  1e-09  0
18927.7  1e-09  0
18938.5  1e-09  0
18949.2  1e-09  0
18960  1e-09  0
18970.8  1e-09  0
18981.5  1e-09  0
18992.3  1e-09  0
19003.1  1e-09  0
19013.8  1e-09  0
19024.6  1e-09  0
19035.4  1e-09  0
19046.1  1e-09  0
19056.9  1e-09  0
19067.7  1e-09  0
19078.4  1e-09  0
19089.2  1e-09  0
19100  1e-09  0
19110.7  1e-09  0
19121.5  1e-09  0
19132.3  1e-09  0
19143  1e-09  0
19153.8  1e-09  0
19164.6  1e-09  0
19175.3  1e-09  0
19186.1  1e-09  0
19196.9  1e-09  0
19207.6  1e-09  0
19218.4  1e-09  0
19229.2  1e-09  0
19239.9  1e-09  0
19250.7  1e-09  0
19261.5  1e-09  0
19272.2  1e-09  0
19283  1e-09  0
19293.8  1e-09  0
19304.5  1e-09  0
19315.3  1e-09  0
19326  1e-09  0
19336.8  1e-09  0
19347.6  1e-09  0
19358.3  1e-09  0
19369.1  1e-09  0
19379.9  1e-09  0
19390.6  1e-09  0
19401.4  1e-09  0
19412.2  1e-09  0
19422.9  1e-09  0
19433.7  1e-09  0
19444.5  1e-09  0
19455.2  1e-09  0
19466  1e-09  0
19476.8  1e-09  0
19487.5  1e-09  0
19498.3  1e-09  0
19509.1  1e-09  0
19519.8  1e-09  0
19530.6  1e-09  0
19541.4  1e-09  0
19552.1  1e-09  0
19562.9  1e-09  0
19573.7  1e-09  0
19584.4  1e-09  0
19595.2  1e-09  0
19606  1e-09  0
19616.7  1e-09  0
19627.5  1e-09  0
19638.3  1e-09  0
19649  1e-09  0
19659.8  1e-09  0
19670.6  1e-09  0
19681.3  1e-09  0
19692.1  1e-09  0
19702.9  1e-09  0
19713.6  1e-09  0
19724.4  1e-09  0
19735.2  1e-09  0
19745.9  1e-09  0
19756.7  1e-09  0
19767.5  1e-09  0
19778.2  1e-09  0
19789  1e-09  0
19799.8  1e-09  0
19810.5  1e-09  0
19821.3  1e-09  0
19832.1  1e-09  0
19842.8  1e-09  0
19853.6  1e-09  0
19864.4  1e-09  0
19875.1  1e-09  0
19885.9  1e-09  0
19896.7  1e-09  0
19907.4  1e-09  0
19918.2  1e-09  0
19929  1e-09  0
19939.7  1e-09  0
19950.5  1e-09  0
19961.3  1e-09  0
19972  1e-09  0
19982.8  1e-09  0
19993.6  1e-09  0
20004.3  1e-09  0
20015.1  1e-09  0
20025.9  1e-09  0
20036.6  1e-09  0
20047.4  1e-09  0
20058.2  1e-09  0
20068.9  1e-09  0
20079.7  1e-09  0
20090.5  1e-09  0
20101.2  1e-09  0
20112  1e-09  0
20122.8  1e-09  0
20133.5  1e-09  0
20144.3  1e-09  0
20155.1  1e-09  0
20165.8  1e-09  0
20176.6  1e-09  0
20187.4  1e-09  0
20198.1  1e-09  0
20208.9  1e-09  0
20219.7  1e-09  0
20230.4  1e-09  0
20241.2  1e-09  0
20252  1e-09  0
20262.7  1e-09  0
20273.5  1e-09  0
20284.3  1e-09  0
20295  1e-09  0
20305.8  1e-09  0
20316.6  1e-09  0
20327.3  1e-09  0
20338.1  1e-09  0
20348.9  1e-09  0
20359.6  1e-09  0
20370.4  1e-09  0
20381.2  1e-09  0
20391.9  1e-09  0
20402.7  1e-09  0
20413.5  1e-09  0
20424.2  1e-09  0
20435  1e-09  0
20445.8  1e-09  0
20456.5  1e-09  0
20467.3  1e-09  0
20478.1  1e-09  0
20488.8  1e-09  0
20499.6  1e-09  0
20510.4  1e-09  0
20521.1  1e-09  0
20531.9  1e-09  0
20542.7  1e-09  0
20553.4  1e-09  0
20564.2  1e-09  0
20575  1e-09  0
20585.7  1e-09  0
20596.5  1e-09  0
20607.3  1e-09  0
20618  1e-09  0
20628.8  1e-09  0
20639.6  1e-09  0
20650.3  1e-09  0
20661.1  1e-09  0
20671.9  1e-09  0
20682.6  1e-09  0
20693.4  1e-09  0
20704.2  1e-09  0
20714.9  1e-09  0
20725.7  1e-09  0
20736.5  1e-09  0
20747.2  1e-09  0
20758  1e-09  0
20768.8  1e-09  0
20779.5  1e-09  0
20790.3  1e-09  0
20801.1  1e-09  0
20811.8  1e-09  0
20822.6  1e-09  0
20833.4  1e-09  0
20844.1  1e-09  0
20854.9  1e-09  0
20865.7  1e-09  0
20876.4  1e-09  0
20887.2  1e-09  0
20898  1e-09  0
20908.7  1e-09  0
20919.5  1e-09  0
20930.3  1e-09  0
20941  1e-09  0
20951.8  1e-09  0
20962.6  1e-09  0
20973.3  1e-09  0
20984.1  1e-09  0
20994.9  1e-09  0
21005.6  1e-09  0
21016.4  1e-09  0
21027.2  1e-09  0
21037.9  1e-09  0
21048.7  1e-09  0
21059.5  1e-09  0
21070.2  1e-09  0
21081  1e-09  0
21091.8  1e-09  0
21102.5  1e-09  0
21113.3  1e-09  0
21124.1  1e-09  0
21134.8  1e-09  0
21145.6  1e-09  0
21156.4  1e-09  0
21167.1  1e-09  0
21177.9  1e-09  0
21188.7  1e-09  0
21199.4  1e-09  0
21210.2  1e-09  0
21221  1e-09  0
21231.7  1e-09  0
21242.5  1e-09  0
21253.3  1e-09  0
21264  1e-09  0
21274.8  1e-09  0
21285.6  1e-09  0
21296.3  1e-09  0
21307.1  1e-09  0
21317.9  1e-09  0
21328.6  1e-09  0
21339.4  1e-09  0
21350.2  1e-09  0
21360.9  1e-09  0
21371.7  1e-09  0
21382.5  1e-09  0
21393.2  1e-09  0
21404  1e-09  0
21414.8  1e-09  0
21425.5  1e-09  0
21436.3  1e-09  0
21447.1  1e-09  0
21457.8  1e-09  0
21468.6  1e-09  0
21479.4  1e-09  0
21490.1  1e-09  0
21500.9  1e-09  0
21511.7  1e-09  0
21522.4  1e-09  0
21533.2  1e-09  0
21544  1e-09  0
21554.7  1e-09  0
21565.5  1e-09  0
21576.3  1e-09  0
21587  1e-09  0
21597.8  1e-09  0
21608.6  1e-09  0
21619.3  1e-09  0
21630.1  1e-09  0
21640.9  1e-09  0
21651.6  1e-09  0
21662.4  1e-09  0
21673.2  1e-09  0
21683.9  1e-09  0
21694.7  1e-09  0
21705.5  1e-09  0
21716.2  1e-09  0
21727  1e-09  0
21737.8  1e-09  0
21748.5  1e-09  0
21759.3  1e-09  0
21770.1  1e-09  0
21780.8  1e-09  0
21791.6  1e-09  0
21802.4  1e-09  0
21813.1  1e-09  0
21823.9  1e-09  0
21834.7  1e-09  0
21845.4  1e-09  0
21856.2  1e-09  0
21867  1e-09  0
21877.7  1e-09  0
21888.5  1e-09  0
21899.3  1e-09  0
21910  1e-09  0
21920.8  1e-09  0
21931.6  1e-09  0
21942.3  1e-09  0
21953.1  1e-09  0
21963.9  1e-09  0
21974.6  1e-09  0
21985.4  1e-09  0
21996.2  1e-09  0
22006.9  1e-09  0
22017.7  1e-09  0
22028.5  1e-09  0

