num_points: 2047
frequency_Hz  magnitude  phase_rad
0  1.00387  -0.0180447
10.7666  1.00387  -0.0180447
21.5332  1.00743  -0.0374891
32.2998  1.01426  -0.0567409
43.0664  1.02451  -0.0760753
53.833  1.0384  -0.0955858
64.5996  1.05623  -0.115354
75.3662  1.07841  -0.135481
86.1328  1.10548  -0.156097
96.8994  1.13815  -0.177378
107.666  1.17731  -0.199552
118.433  1.2241  -0.222918
129.199  1.27999  -0.247869
139.966  1.34688  -0.274923
150.732  1.42728  -0.304768
161.499  1.5245  -0.33834
172.266  1.64298  -0.376926
183.032  1.78878  -0.422344
193.799  1.97009  -0.477218
204.565  2.19795  -0.545426
215.332  2.4864  -0.632811
226.099  2.85039  -0.748193
236.865  3.29521  -0.904289
247.632  3.78389  -1.11635
258.398  4.17837  -1.39205
269.165  4.25583  -1.70937
279.932  3.94543  -2.01397
290.698  3.43473  -2.26473
301.465  2.9058  -2.45369
312.231  2.46301  -2.58764
322.998  2.11598  -2.68625
333.765  1.84439  -2.76105
344.531  1.63004  -2.81921
355.298  1.45878  -2.86551
366.064  1.32016  -2.90314
376.831  1.20658  -2.93431
387.598  1.11252  -2.96055
398.364  1.03392  -2.98296
409.131  0.967738  -3.00235
419.897  0.911708  -3.01934
430.664  0.864091  -3.0344
441.431  0.823548  -3.04787
452.197  0.789044  -3.06006
462.964  0.759769  -3.07119
473.73  0.735093  -3.08147
484.497  0.714527  -3.09105
495.264  0.697699  -3.10007
506.03  0.684333  -3.10867
516.797  0.67424  -3.11694
527.563  0.667309  -3.12501
538.33  0.663503  -3.13296
549.097  0.662863  -3.14092
559.863  0.665514  3.13421
570.63  0.671676  3.12591
581.396  0.681686  3.11724
592.163  0.696027  3.10803
602.93  0.715379  3.09807
613.696  0.740684  3.08711
624.463  0.773267  3.07478
635.229  0.815008  3.0606
645.996  0.868635  3.04388
656.763  0.93819  3.02355
667.529  1.02987  2.99812
678.296  1.154  2.96514
689.063  1.32835  2.92002
699.829  1.58551  2.85406
710.596  1.99024  2.74871
721.362  2.67308  2.55862
732.129  3.76749  2.1673
742.896  4.26082  1.46163
753.662  3.07268  0.862033
764.429  2.05852  0.566987
775.195  1.47568  0.417587
785.962  1.12481  0.330787
796.729  0.896093  0.274659
807.495  0.737046  0.235529
818.262  0.620859  0.20671
829.028  0.532698  0.184591
839.795  0.463783  0.167062
850.562  0.408611  0.152812
861.328  0.363574  0.140987
872.095  0.326209  0.131005
882.861  0.294785  0.122458
893.628  0.268047  0.115049
904.395  0.245067  0.108559
915.161  0.225144  0.102823
925.928  0.207736  0.0977117
936.694  0.192423  0.0931252
947.461  0.17887  0.0889836
958.228  0.166809  0.0852228
968.994  0.156022  0.0817904
979.761  0.146332  0.0786433
990.527  0.137591  0.0757457
1001.29  0.129678  0.0730675
1012.06  0.122488  0.0705835
1022.83  0.115936  0.068272
1033.59  0.109947  0.0661146
1044.36  0.104458  0.0640953
1055.13  0.0994151  0.0622004
1065.89  0.0947704  0.0604179
1076.66  0.0904833  0.0587371
1087.43  0.0865184  0.0571489
1098.19  0.0828444  0.055645
1108.96  0.0794339  0.0542182
1119.73  0.0762627  0.052862
1130.49  0.0733093  0.0515706
1141.26  0.0705547  0.0503388
1152.03  0.0679821  0.049162
1162.79  0.0655761  0.0480358
1173.56  0.0633233  0.0469565
1184.33  0.0612116  0.0459206
1195.09  0.0592299  0.0449248
1205.86  0.0573683  0.0439663
1216.63  0.055618  0.0430425
1227.39  0.0539709  0.0421507
1238.16  0.0524195  0.0412888
1248.93  0.0509573  0.0404545
1259.69  0.049578  0.039646
1270.46  0.0482762  0.0388613
1281.23  0.0470469  0.0380987
1291.99  0.0458852  0.0373565
1302.76  0.044787  0.0366332
1313.53  0.0437483  0.0359271
1324.29  0.0427654  0.035237
1335.06  0.0418352  0.0345613
1345.83  0.0409542  0.0338989
1356.59  0.0401198  0.0332493
1367.36  0.0393289  0.0326126
1378.13  0.0385787  0.0319924
1388.89  0.0378665  0.0313994
1399.66  0.0371891  0.0308668
1410.42  0.0365434  0.0304916
1421.19  0.0359308  0.0305125
1431.96  0.0353704  0.0310574
1442.72  0.0348732  0.0311294
1453.49  0.0343983  0.0303306
1464.26  0.0339343  0.029391
1475.02  0.0334897  0.0285599
1485.79  0.0330683  0.0278321
1496.56  0.0326713  0.0271751
1507.32  0.0322981  0.0265652
1518.09  0.0319484  0.0259875
1528.86  0.0316214  0.0254326
1539.62  0.0313164  0.0248945
1550.39  0.0310327  0.024369
1561.16  0.0307698  0.023853
1571.92  0.0305271  0.0233443
1582.69  0.030304  0.0228413
1593.46  0.0301002  0.0223423
1604.22  0.0299153  0.0218462
1614.99  0.0297488  0.0213519
1625.76  0.0296005  0.0208582
1636.52  0.02947  0.0203643
1647.29  0.0293572  0.0198691
1658.06  0.0292618  0.0193716
1668.82  0.0291836  0.0188708
1679.59  0.0291225  0.0183654
1690.36  0.0290783  0.0178544
1701.12  0.0290508  0.0173367
1711.89  0.02904  0.016811
1722.66  0.0290454  0.0162772
1733.42  0.0290666  0.0157364
1744.19  0.0291029  0.0151952
1754.96  0.0291528  0.0146743
1765.72  0.0292135  0.0142401
1776.49  0.0292799  0.0141128
1787.26  0.0293492  0.0150438
1798.02  0.0294688  0.0185988
1808.79  0.029757  0.0213171
1819.56  0.0300463  0.01911
1830.32  0.0302779  0.0166224
1841.09  0.0305062  0.0148757
1851.86  0.0307517  0.0135938
1862.62  0.03102  0.0125645
1873.39  0.0313133  0.0116762
1884.16  0.0316332  0.0108695
1894.92  0.0319807  0.0101111
1905.69  0.0323571  0.00938093
1916.46  0.0327638  0.00866599
1927.22  0.0332025  0.00795751
1937.99  0.0336747  0.00724914
1948.75  0.0341826  0.00653602
1959.52  0.0347282  0.00581422
1970.29  0.0353139  0.00508038
1981.05  0.0359424  0.0043315
1991.82  0.0366166  0.00356468
2002.59  0.0373399  0.00277711
2013.35  0.0381158  0.00196607
2024.12  0.0389486  0.00112895
2034.89  0.0398427  0.000262839
2045.65  0.0408033  -0.000635495
2056.42  0.0418362  -0.00156954
2067.19  0.0429478  -0.0025431
2077.95  0.0441456  -0.00356034
2088.72  0.0454379  -0.00462592
2099.49  0.0468342  -0.00574507
2110.25  0.0483453  -0.00692371
2121.02  0.0499839  -0.00816855
2131.79  0.0517642  -0.00948732
2142.55  0.053703  -0.0108889
2153.32  0.0558198  -0.0123836
2164.09  0.0581375  -0.0139835
2174.85  0.0606831  -0.0157028
2185.62  0.0634886  -0.0175583
2196.39  0.0665925  -0.01957
2207.15  0.0700413  -0.0217623
2217.92  0.0738914  -0.0241646
2228.69  0.0782128  -0.0268132
2239.45  0.083092  -0.0297533
2250.22  0.0886389  -0.0330418
2260.99  0.0949934  -0.0367517
2271.75  0.102338  -0.0409775
2282.52  0.110914  -0.0458447
2293.29  0.121048  -0.0515232
2304.05  0.133192  -0.0582482
2314.82  0.147993  -0.0663564
2325.59  0.166406  -0.0763453
2336.35  0.189901  -0.0889839
2347.12  0.220866  -0.105524
2357.89  0.263442  -0.12815
2368.65  0.325468  -0.161029
2379.42  0.423632  -0.213179
2390.19  0.599869  -0.308068
2400.95  0.984644  -0.527011
2411.72  1.83672  -1.24252
2422.49  1.3641  -2.35458
2433.25  0.76371  -2.73131
2444.02  0.514021  -2.86856
2454.79  0.38627  -2.93693
2465.55  0.309816  -2.9776
2476.32  0.259223  -3.00456
2487.08  0.223388  -3.02376
2497.85  0.196739  -3.03817
2508.62  0.17619  -3.0494
2519.38  0.159894  -3.05843
2530.15  0.146681  -3.06587
2540.92  0.135775  -3.07212
2551.68  0.126642  -3.07747
2562.45  0.118899  -3.08211
2573.22  0.11227  -3.0862
2583.98  0.106545  -3.08982
2594.75  0.101569  -3.09309
2605.52  0.0972172  -3.09605
2616.28  0.0933949  -3.09876
2627.05  0.0900255  -3.10127
2637.82  0.087048  -3.10362
2648.58  0.0844132  -3.10585
2659.35  0.0820811  -3.10798
2670.12  0.0800191  -3.11007
2680.88  0.0782008  -3.11216
2691.65  0.0766047  -3.11433
2702.42  0.0752132  -3.11669
2713.18  0.0740107  -3.11938
2723.95  0.0729804  -3.12266
2734.72  0.0720978  -3.12687
2745.48  0.0713184  -3.13237
2756.25  0.0705663  -3.13926
2767.02  0.0697539  3.13653
2777.78  0.068866  3.1306
2788.55  0.0680142  3.12768
2799.32  0.0673345  3.12744
2810.08  0.0668764  3.12847
2820.85  0.0666202  3.12971
2831.62  0.0665301  3.13068
2842.38  0.0665782  3.13123
2853.15  0.0667467  3.13139
2863.92  0.0670262  3.13121
2874.68  0.0674122  3.13074
2885.45  0.0679036  3.13004
2896.22  0.0685015  3.12913
2906.98  0.0692088  3.12805
2917.75  0.0700297  3.12682
2928.52  0.0709697  3.12544
2939.28  0.0720357  3.12392
2950.05  0.0732358  3.12227
2960.82  0.0745796  3.12048
2971.58  0.0760785  3.11856
2982.35  0.0777458  3.11649
2993.12  0.0795969  3.11426
3003.88  0.0816499  3.11186
3014.65  0.083926  3.10929
3025.42  0.0864503  3.10651
3036.18  0.0892521  3.1035
3046.95  0.0923666  3.10024
3057.71  0.0958354  3.09669
3068.48  0.0997087  3.09282
3079.25  0.104047  3.08857
3090.01  0.108926  3.08388
3100.78  0.114436  3.07868
3111.55  0.120691  3.07287
3122.31  0.127836  3.06633
3133.08  0.136055  3.05891
3143.85  0.145587  3.05042
3154.61  0.15675  3.04059
3165.38  0.169971  3.02907
3176.15  0.185839  3.01535
3186.91  0.205191  2.99875
3197.68  0.229253  2.97822
3208.45  0.259882  2.95216
3219.21  0.300028  2.91802
3229.98  0.354616  2.87138
3240.75  0.432346  2.80413
3251.51  0.549399  2.69985
3262.28  0.735296  2.522
3273.05  1.01843  2.18826
3283.81  1.23274  1.60789
3294.58  1.03719  1.01673
3305.35  0.750859  0.671244
3316.11  0.560565  0.487697
3326.88  0.440898  0.380661
3337.65  0.361664  0.311926
3348.41  0.306167  0.264401
3359.18  0.265441  0.229675
3369.95  0.234427  0.203209
3380.71  0.210101  0.182365
3391.48  0.190563  0.165508
3402.25  0.174563  0.15158
3413.01  0.161248  0.139862
3423.78  0.15002  0.129852
3434.55  0.140443  0.121187
3445.31  0.132196  0.113601
3456.08  0.125036  0.106893
3466.85  0.118778  0.100908
3477.61  0.113274  0.0955233
3488.38  0.10841  0.0906425
3499.15  0.104093  0.0861899
3509.91  0.100248  0.082103
3520.68  0.0968132  0.0783304
3531.45  0.093739  0.0748295
3542.21  0.090983  0.0715646
3552.98  0.0885101  0.0685054
3563.75  0.0862908  0.0656265
3574.51  0.0843  0.0629056
3585.28  0.0825167  0.0603238
3596.04  0.0809228  0.0578645
3606.81  0.0795029  0.0555132
3617.58  0.078244  0.0532571
3628.34  0.077135  0.0510846
3639.11  0.0761662  0.0489855
3649.88  0.0753298  0.0469507
3660.64  0.0746189  0.0449716
3671.41  0.0740282  0.0430405
3682.18  0.0735529  0.0411503
3692.94  0.0731897  0.0392942
3703.71  0.0729357  0.0374659
3714.48  0.0727892  0.0356594
3725.24  0.0727492  0.0338688
3736.01  0.0728154  0.0320884
3746.78  0.0729885  0.0303127
3757.54  0.0732697  0.028536
3768.31  0.0736613  0.0267527
3779.08  0.0741663  0.024957
3789.84  0.0747886  0.0231428
3800.61  0.0755334  0.021304
3811.38  0.0764066  0.0194338
3822.14  0.0774155  0.0175252
3832.91  0.0785689  0.0155704
3843.68  0.0798769  0.0135611
3854.44  0.0813517  0.0114878
3865.21  0.0830075  0.00934033
3875.98  0.0848608  0.00710694
3886.74  0.0869312  0.00477442
3897.51  0.0892419  0.00232765
3908.28  0.09182  -0.000250868
3919.04  0.0946981  -0.0029815
3929.81  0.0979148  -0.00588816
3940.58  0.101517  -0.00899928
3951.34  0.10556  -0.0123489
3962.11  0.110113  -0.0159781
3972.88  0.115261  -0.0199375
3983.64  0.12111  -0.0242893
3994.41  0.127791  -0.0291121
4005.18  0.135474  -0.0345057
4015.94  0.144379  -0.0405993
4026.71  0.154796  -0.0475632
4037.48  0.167115  -0.0556268
4048.24  0.181873  -0.0651065
4059.01  0.199832  -0.0764509
4069.78  0.222105  -0.0903186
4080.54  0.250386  -0.107715
4091.31  0.287377  -0.130257
4102.08  0.337648  -0.160705
4112.84  0.409531  -0.204183
4123.61  0.519716  -0.271272
4134.38  0.705607  -0.387307
4145.14  1.05656  -0.62553
4155.91  1.63143  -1.20451
4166.67  1.47972  -2.08134
4177.44  0.934851  -2.53908
4188.21  0.640072  -2.73202
4198.97  0.47966  -2.83075
4209.74  0.381855  -2.88951
4220.51  0.316717  -2.92793
4231.27  0.270525  -2.95444
4242.04  0.236323  -2.97329
4252.81  0.210232  -2.98751
4263.57  0.189742  -2.99973
4274.34  0.173085  -3.01108
4285.11  0.159193  -3.0213
4295.87  0.147448  -3.03017
4306.64  0.137429  -3.03779
4317.41  0.128813  -3.04437
4328.17  0.121349  -3.05012
4338.94  0.114838  -3.05521
4349.71  0.109122  -3.05975
4360.47  0.104079  -3.06385
4371.24  0.0996088  -3.06759
4382.01  0.0956304  -3.07103
4392.77  0.0920785  -3.07421
4403.54  0.0888994  -3.07717
4414.31  0.0860483  -3.07994
4425.07  0.0834881  -3.08255
4435.84  0.0811875  -3.08502
4446.61  0.0791203  -3.08738
4457.37  0.0772642  -3.08963
4468.14  0.0756005  -3.0918
4478.91  0.0741131  -3.09389
4489.67  0.0727884  -3.09591
4500.44  0.071615  -3.09788
4511.21  0.070583  -3.09981
4521.97  0.0696842  -3.10169
4532.74  0.068912  -3.10355
4543.51  0.0682608  -3.10539
4554.27  0.0677262  -3.10721
4565.04  0.0673048  -3.10903
4575.81  0.0669943  -3.11084
4586.57  0.0667933  -3.11266
4597.34  0.0667015  -3.11449
4608.11  0.0667194  -3.11635
4618.87  0.0668485  -3.11823
4629.64  0.0670914  -3.12015
4640.41  0.0674518  -3.12212
4651.17  0.0679345  -3.12414
4661.94  0.0685458  -3.12622
4672.71  0.0692935  -3.12839
4683.47  0.0701872  -3.13065
4694.24  0.0712384  -3.13301
4705  0.0724612  -3.1355
4715.77  0.0738727  -3.13813
4726.54  0.0754934  -3.14094
4737.3  0.0773481  3.13924
4748.07  0.0794672  3.136
4758.84  0.081888  3.13248
4769.6  0.0846562  3.12864
4780.37  0.087829  3.1244
4791.14  0.0914784  3.11968
4801.9  0.095696  3.11439
4812.67  0.1006  3.10839
4823.44  0.106347  3.1015
4834.2  0.113146  3.09348
4844.97  0.121281  3.08402
4855.74  0.131156  3.07265
4866.5  0.143353  3.05869
4877.27  0.158747  3.04114
4888.04  0.178716  3.01838
4898.8  0.205545  2.98768
4909.57  0.243285  2.94411
4920.34  0.299744  2.8778
4931.1  0.391373  2.7663
4941.87  0.553861  2.5499
4952.64  0.81365  2.06499
4963.4  0.819563  1.26126
4974.17  0.539924  0.739838
4984.94  0.362602  0.508469
4995.7  0.264159  0.391857
5006.47  0.204205  0.32421
5017.24  0.164375  0.281158
5028  0.136106  0.252173
5038.77  0.11501  0.232103
5049.54  0.0986372  0.218198
5060.3  0.0855206  0.208921
5071.07  0.0747294  0.203422
5081.84  0.0656446  0.201292
5092.6  0.0578371  0.202457
5103.37  0.0509984  0.207154
5114.14  0.0448991  0.215983
5124.9  0.0393636  0.230043
5135.67  0.0342535  0.251234
5146.44  0.0294584  0.282848
5157.2  0.0248936  0.330853
5167.97  0.0205085  0.406812
5178.74  0.016326  0.535011
5189.5  0.0125804  0.769044
5200.27  0.0101351  1.20166
5211.04  0.010791  1.78745
5221.8  0.0152636  2.21679
5232.57  0.0227846  2.43902
5243.33  0.0333676  2.54458
5254.1  0.0482212  2.58269
5264.87  0.0701849  2.56767
5275.63  0.10546  2.48771
5286.4  0.167456  2.28788
5297.17  0.266112  1.81907
5307.93  0.289944  1.07635
5318.7  0.21491  0.590759
5329.47  0.159824  0.369008
5340.23  0.127194  0.256885
5351  0.106596  0.192202
5361.77  0.0925847  0.151087
5372.53  0.08247  0.123055
5383.3  0.0748285  0.102912
5394.07  0.0688494  0.0878312
5404.83  0.0640407  0.0761595
5415.6  0.0600878  0.0668738
5426.37  0.0567804  0.0593108
5437.13  0.0539729  0.0530246
5447.9  0.0515612  0.0477052
5458.67  0.0494691  0.0431319
5469.43  0.0476393  0.0391435
5480.2  0.0460281  0.0356202
5490.97  0.0446014  0.032471
5501.73  0.0433324  0.0296261
5512.5  0.0421995  0.027031
5523.27  0.0411854  0.0246422
5534.03  0.0402757  0.0224255
5544.8  0.0394588  0.0203529
5555.57  0.0387248  0.0184018
5566.33  0.0380655  0.0165532
5577.1  0.0374741  0.0147915
5587.87  0.0369447  0.0131037
5598.63  0.0364724  0.0114786
5609.4  0.0360528  0.00990684
5620.17  0.0356825  0.00838017
5630.93  0.0353582  0.00689157
5641.7  0.0350773  0.0054349
5652.47  0.0348376  0.0040047
5663.23  0.0346372  0.00259616
5674  0.0344745  0.00120495
5684.77  0.034348  -0.000172835
5695.53  0.0342568  -0.00154076
5706.3  0.0342  -0.0029021
5717.07  0.0341768  -0.00425991
5727.83  0.0341869  -0.00561705
5738.6  0.0342298  -0.00697623
5749.37  0.0343056  -0.00834007
5760.13  0.0344141  -0.00971107
5770.9  0.0345557  -0.0110917
5781.67  0.0347307  -0.0124844
5792.43  0.0349396  -0.0138916
5803.2  0.0351831  -0.0153158
5813.96  0.0354621  -0.0167595
5824.73  0.0357778  -0.0182252
5835.5  0.0361312  -0.0197157
5846.26  0.036524  -0.0212338
5857.03  0.0369578  -0.0227827
5867.8  0.0374346  -0.0243657
5878.56  0.0379565  -0.0259867
5889.33  0.0385262  -0.0276505
5900.1  0.0391464  -0.0293631
5910.86  0.0398205  -0.0311336
5921.63  0.0405521  -0.0329761
5932.4  0.0413451  -0.0349156
5943.16  0.0422029  -0.0369876
5953.93  0.0431267  -0.0391945
5964.7  0.0441196  -0.041409
5975.46  0.0451939  -0.043532
5986.23  0.0463624  -0.0456668
5997  0.0476325  -0.0479088
6007.76  0.049012  -0.0502864
6018.53  0.0505109  -0.052807
6029.3  0.0521415  -0.0554778
6040.06  0.0539181  -0.0583094
6050.83  0.0558576  -0.0613168
6061.6  0.0579797  -0.0645186
6072.36  0.0603075  -0.0679379
6083.13  0.0628684  -0.0716023
6093.9  0.0656948  -0.0755452
6104.66  0.0688257  -0.0798069
6115.43  0.0723081  -0.0844359
6126.2  0.0761994  -0.0894917
6136.96  0.0805701  -0.0950475
6147.73  0.0855079  -0.101194
6158.5  0.0911235  -0.108048
6169.26  0.0975582  -0.115754
6180.03  0.104995  -0.124505
6190.8  0.113676  -0.134553
6201.56  0.123928  -0.14624
6212.33  0.1362  -0.160038
6223.1  0.151128  -0.176622
6233.86  0.169642  -0.19698
6244.63  0.193153  -0.222632
6255.4  0.223894  -0.256015
6266.16  0.265589  -0.301295
6276.93  0.324826  -0.36613
6287.7  0.41393  -0.465955
6298.46  0.55602  -0.635198
6309.23  0.778609  -0.953522
6320  0.97363  -1.52592
6330.76  0.838946  -2.14114
6341.53  0.607014  -2.50517
6352.29  0.451848  -2.69619
6363.06  0.355034  -2.80644
6373.83  0.29138  -2.87684
6384.59  0.247023  -2.92543
6395.36  0.214593  -2.96095
6406.13  0.189961  -2.9881
6416.89  0.170678  -3.00957
6427.66  0.155213  -3.02704
6438.43  0.14256  -3.04157
6449.19  0.132039  -3.05389
6459.96  0.12317  -3.06452
6470.73  0.115607  -3.07381
6481.49  0.109095  -3.08203
6492.26  0.103441  -3.08939
6503.03  0.0984973  -3.09604
6513.79  0.0941475  -3.1021
6524.56  0.0903005  -3.10768
6535.33  0.0868831  -3.11283
6546.09  0.0838359  -3.11764
6556.86  0.0811104  -3.12214
6567.63  0.0786665  -3.12639
6578.39  0.0764708  -3.13042
6589.16  0.0744955  -3.13425
6599.93  0.0727169  -3.13791
6610.69  0.0711151  -3.14144
6621.46  0.069673  3.13835
6632.23  0.0683761  3.13507
6642.99  0.0672119  3.13187
6653.76  0.0661695  3.12876
6664.53  0.0652396  3.12572
6675.29  0.0644141  3.12274
6686.06  0.0636861  3.1198
6696.83  0.0630495  3.11691
6707.59  0.0624991  3.11406
6718.36  0.0620304  3.11123
6729.13  0.0616395  3.10842
6739.89  0.061323  3.10563
6750.66  0.0610782  3.10285
6761.43  0.0609027  3.10006
6772.19  0.0607946  3.09728
6782.96  0.0607524  3.09449
6793.73  0.060775  3.09169
6804.49  0.0608614  3.08888
6815.26  0.0610112  3.08604
6826.03  0.0612242  3.08318
6836.79  0.0615005  3.08028
6847.56  0.0618405  3.07735
6858.33  0.062245  3.07439
6869.09  0.0627149  3.07137
6879.86  0.0632515  3.06831
6890.63  0.0638566  3.0652
6901.39  0.0645319  3.06202
6912.16  0.0652798  3.05878
6922.92  0.0661029  3.05547
6933.69  0.0670043  3.05208
6944.46  0.0679874  3.04861
6955.22  0.0690559  3.04505
6965.99  0.0702143  3.0414
6976.76  0.0714674  3.03763
6987.52  0.0728205  3.03376
6998.29  0.0742798  3.02976
7009.06  0.075852  3.02563
7019.82  0.0775445  3.02136
7030.59  0.0793657  3.01694
7041.36  0.0813249  3.01235
7052.12  0.0834325  3.00758
7062.89  0.0857  3.00262
7073.66  0.0881405  2.99744
7084.42  0.0907685  2.99204
7095.19  0.0936003  2.98638
7105.96  0.0966542  2.98046
7116.72  0.0999511  2.97424
7127.49  0.103514  2.96769
7138.26  0.107371  2.96078
7149.02  0.11155  2.95348
7159.79  0.116087  2.94575
7170.56  0.121022  2.93753
7181.32  0.126399  2.92878
7192.09  0.132272  2.91943
7202.86  0.138701  2.90941
7213.62  0.145757  2.89864
7224.39  0.153524  2.88703
7235.16  0.162099  2.87444
7245.92  0.171598  2.86076
7256.69  0.182158  2.84581
7267.46  0.193944  2.8294
7278.22  0.207153  2.8113
7288.99  0.222024  2.79121
7299.76  0.238848  2.76877
7310.52  0.257981  2.74355
7321.29  0.279858  2.71498
7332.06  0.305015  2.68235
7342.82  0.334107  2.64475
7353.59  0.367931  2.60103
7364.36  0.407434  2.54965
7375.12  0.453692  2.48866
7385.89  0.507805  2.41555
7396.66  0.570616  2.32714
7407.42  0.642086  2.21974
7418.19  0.720114  2.08958
7428.96  0.79885  1.93412
7439.72  0.867568  1.75444
7450.49  0.912697  1.55765
7461.25  0.924507  1.35693
7472.02  0.90359  1.16699
7482.79  0.859798  0.99832
7493.55  0.805294  0.854853
7504.32  0.74925  0.735533
7515.09  0.696772  0.636991
7525.85  0.649986  0.555379
7536.62  0.609355  0.487229
7547.39  0.574565  0.429689
7558.15  0.545017  0.380515
7568.92  0.520055  0.337967
7579.69  0.499074  0.300697
7590.45  0.481545  0.26766
7601.22  0.467031  0.238035
7611.99  0.455171  0.211172
7622.75  0.445678  0.186546
7633.52  0.438325  0.163731
7644.29  0.432937  0.142371
7655.05  0.429385  0.122167
7665.82  0.42758  0.102858
7676.59  0.427469  0.0842153
7687.35  0.429034  0.0660282
7698.12  0.432288  0.0481003
7708.89  0.437282  0.0302404
7719.65  0.444099  0.0122568
7730.42  0.452865  -0.00605056
7741.19  0.463752  -0.0248969
7751.95  0.476984  -0.0445223
7762.72  0.492855  -0.0652022
7773.49  0.511738  -0.0872622
7784.25  0.534115  -0.111097
7795.02  0.560598  -0.137196
7805.79  0.591978  -0.166181
7816.55  0.629273  -0.198857
7827.32  0.673802  -0.23629
7838.09  0.727276  -0.279917
7848.85  0.7919  -0.331713
7859.62  0.870441  -0.394441
7870.39  0.966164  -0.471996
7881.15  1.08226  -0.569849
7891.92  1.21992  -0.695411
7902.69  1.3734  -0.857588
7913.45  1.52068  -1.06368
7924.22  1.61696  -1.31127
7934.99  1.61462  -1.57925
7945.75  1.50986  -1.83364
7956.52  1.34819  -2.0492
7967.29  1.1784  -2.21997
7978.05  1.02592  -2.35198
7988.82  0.897625  -2.4542
7999.58  0.792123  -2.53445
8010.35  0.705694  -2.5986
8021.12  0.63455  -2.65083
8031.88  0.575501  -2.69412
8042.65  0.52603  -2.73058
8053.42  0.484191  -2.76171
8064.18  0.448492  -2.78865
8074.95  0.417782  -2.81223
8085.72  0.391167  -2.83307
8096.48  0.367947  -2.85167
8107.25  0.347568  -2.86839
8118.02  0.329587  -2.88355
8128.78  0.313649  -2.89739
8139.55  0.299463  -2.91008
8150.32  0.286791  -2.92181
8161.08  0.275437  -2.93269
8171.85  0.265238  -2.94284
8182.62  0.256056  -2.95234
8193.38  0.247777  -2.96128
8204.15  0.240303  -2.96973
8214.92  0.23355  -2.97773
8225.68  0.227447  -2.98533
8236.45  0.221934  -2.99259
8247.22  0.216957  -2.99953
8257.98  0.212472  -3.00618
8268.75  0.208439  -3.01256
8279.52  0.204824  -3.01869
8290.28  0.201601  -3.02459
8301.05  0.198746  -3.03025
8311.82  0.196246  -3.03568
8322.58  0.194092  -3.04091
8333.35  0.192279  -3.04602
8344.12  0.190791  -3.05114
8354.88  0.189597  -3.05636
8365.65  0.188667  -3.06165
8376.42  0.187985  -3.06695
8387.18  0.18755  -3.07221
8397.95  0.187367  -3.0774
8408.72  0.187437  -3.08253
8419.48  0.187764  -3.08762
8430.25  0.188353  -3.09269
8441.02  0.189207  -3.09774
8451.78  0.190334  -3.10279
8462.55  0.191739  -3.10786
8473.32  0.193434  -3.11297
8484.08  0.195429  -3.11813
8494.85  0.197739  -3.12334
8505.62  0.200378  -3.12864
8516.38  0.203368  -3.13403
8527.15  0.20673  -3.13954
8537.92  0.21049  3.13801
8548.68  0.214679  3.13222
8559.45  0.219331  3.12626
8570.21  0.224487  3.1201
8580.98  0.230194  3.1137
8591.75  0.236506  3.10705
8602.51  0.243489  3.1001
8613.28  0.251216  3.09281
8624.05  0.259774  3.08513
8634.81  0.269268  3.077
8645.58  0.279821  3.06837
8656.35  0.291578  3.05914
8667.11  0.304716  3.04922
8677.88  0.31945  3.0385
8688.65  0.33604  3.02684
8699.41  0.354807  3.01407
8710.18  0.376152  2.99996
8720.95  0.40058  2.98425
8731.71  0.428733  2.96659
8742.48  0.46144  2.94652
8753.25  0.499787  2.92343
8764.01  0.545217  2.89652
8774.78  0.599677  2.86465
8785.55  0.665834  2.82624
8796.31  0.747383  2.77896
8807.08  0.849458  2.7194
8817.85  0.979057  2.64229
8828.61  1.14497  2.53954
8839.38  1.35515  2.39875
8850.15  1.6054  2.20299
8860.91  1.84936  1.93734
8871.68  1.97456  1.61217
8882.45  1.89419  1.28233
8893.21  1.67336  1.00708
8903.98  1.42936  0.802484
8914.75  1.21887  0.65528
8925.51  1.05107  0.548131
8936.28  0.919603  0.468003
8947.05  0.816049  0.406286
8957.81  0.733435  0.357423
8968.58  0.666565  0.317778
8979.35  0.611676  0.284919
8990.11  0.566046  0.257175
9000.88  0.527685  0.233367
9011.65  0.49512  0.212642
9022.41  0.467244  0.194371
9033.18  0.443212  0.17808
9043.95  0.422369  0.163408
9054.71  0.404205  0.150071
9065.48  0.388314  0.137844
9076.25  0.374372  0.126551
9087.01  0.362116  0.116044
9097.78  0.351333  0.106205
9108.54  0.341847  0.0969345
9119.31  0.333515  0.08815
9130.08  0.326216  0.079781
9140.84  0.31985  0.0717675
9151.61  0.314335  0.0640572
9162.38  0.309602  0.056605
9173.14  0.305592  0.0493707
9183.91  0.302259  0.0423188
9194.68  0.299563  0.035417
9205.44  0.297473  0.0286362
9216.21  0.295964  0.0219493
9226.98  0.295018  0.015331
9237.74  0.294621  0.00875752
9248.51  0.294766  0.00220592
9259.28  0.295449  -0.00434609
9270.04  0.296672  -0.0109205
9280.81  0.298442  -0.0175394
9291.58  0.300771  -0.024225
9302.34  0.303674  -0.0310005
9313.11  0.307176  -0.0378898
9323.88  0.311302  -0.0449184
9334.64  0.316089  -0.0521133
9345.41  0.321578  -0.0595041
9356.18  0.327819  -0.0671229
9366.94  0.334871  -0.0750054
9377.71  0.342804  -0.0831912
9388.48  0.351701  -0.0917255
9399.24  0.361659  -0.100659
9410.01  0.372795  -0.110051
9420.78  0.385244  -0.119968
9431.54  0.39917  -0.130491
9442.31  0.414767  -0.141713
9453.08  0.432268  -0.153746
9463.84  0.451956  -0.166723
9474.61  0.474175  -0.180807
9485.38  0.499344  -0.196197
9496.14  0.527987  -0.213141
9506.91  0.560754  -0.231948
9517.68  0.598467  -0.253016
9528.44  0.642172  -0.276852
9539.21  0.693216  -0.304126
9549.98  0.753354  -0.335729
9560.74  0.824887  -0.372871
9571.51  0.910852  -0.417222
9582.28  1.01524  -0.471136
9593.04  1.14319  -0.537983
9603.81  1.30085  -0.622622
9614.58  1.49424  -0.732003
9625.34  1.72472  -0.875514
9636.11  1.97746  -1.06371
9646.88  2.20201  -1.30214
9657.64  2.3118  -1.57881
9668.41  2.24977  -1.85865
9679.17  2.05587  -2.10436
9689.94  1.81679  -2.30025
9700.71  1.5906  -2.45012
9711.47  1.39772  -2.56436
9722.24  1.23935  -2.65268
9733.01  1.11053  -2.72238
9743.77  1.00542  -2.77861
9754.54  0.918985  -2.82494
9765.31  0.847244  -2.86383
9776.07  0.787139  -2.89706
9786.84  0.736342  -2.92588
9797.61  0.693078  -2.95124
9808.37  0.65598  -2.97381
9819.14  0.623992  -2.99412
9829.91  0.596294  -3.01256
9840.67  0.57226  -3.02941
9851.44  0.551421  -3.045
9862.21  0.53336  -3.05969
9872.97  0.51763  -3.07379
9883.74  0.503884  -3.0873
9894.51  0.491911  -3.10023
9905.27  0.481556  -3.11266
9916.04  0.472682  -3.12467
9926.81  0.46517  -3.13636
9937.57  0.45892  3.13537
9948.34  0.45385  3.12411
9959.11  0.44989  3.11295
9969.87  0.446991  3.10185
9980.64  0.44511  3.09075
9991.41  1e-09  0
10002.2  1e-09  0
10012.9  1e-09  0
10023.7  1e-09  0
10034.5  1e-09  0
10045.2  1e-09  0
10056  1e-09  0
10066.8  1e-09  0
10077.5  1e-09  0
10088.3  1e-09  0
10099.1  1e-09  0
10109.8  1e-09  0
10120.6  1e-09  0
10131.4  1e-09  0
10142.1  1e-09  0
10152.9  1e-09  0
10163.7  1e-09  0
10174.4  1e-09  0
10185.2  1e-09  0
10196  1e-09  0
10206.7  1e-09  0
10217.5  1e-09  0
10228.3  1e-09  0
10239  1e-09  0
10249.8  1e-09  0
10260.6  1e-09  0
10271.3  1e-09  0
10282.1  1e-09  0
10292.9  1e-09  0
10303.6  1e-09  0
10314.4  1e-09  0
10325.2  1e-09  0
10335.9  1e-09  0
10346.7  1e-09  0
10357.5  1e-09  0
10368.2  1e-09  0
10379  1e-09  0
10389.8  1e-09  0
10400.5  1e-09  0
10411.3  1e-09  0
10422.1  1e-09  0
10432.8  1e-09  0
10443.6  1e-09  0
10454.4  1e-09  0
10465.1  1e-09  0
10475.9  1e-09  0
10486.7  1e-09  0
10497.4  1e-09  0
10508.2  1e-09  0
10519  1e-09  0
10529.7  1e-09  0
10540.5  1e-09  0
10551.3  1e-09  0
10562  1e-09  0
10572.8  1e-09  0
10583.6  1e-09  0
10594.3  1e-09  0
10605.1  1e-09  0
10615.9  1e-09  0
10626.6  1e-09  0
10637.4  1e-09  0
10648.2  1e-09  0
10658.9  1e-09  0
10669.7  1e-09  0
10680.5  1e-09  0
10691.2  1e-09  0
10702  1e-09  0
10712.8  1e-09  0
10723.5  1e-09  0
10734.3  1e-09  0
10745.1  1e-09  0
10755.8  1e-09  0
10766.6  1e-09  0
10777.4  1e-09  0
10788.1  1e-09  0
10798.9  1e-09  0
10809.7  1e-09  0
10820.4  1e-09  0
10831.2  1e-09  0
10842  1e-09  0
10852.7  1e-09  0
10863.5  1e-09  0
10874.3  1e-09  0
10885  1e-09  0
10895.8  1e-09  0
10906.6  1e-09  0
10917.3  1e-09  0
10928.1  1e-09  0
10938.9  1e-09  0
10949.6  1e-09  0
10960.4  1e-09  0
10971.2  1e-09  0
10981.9  1e-09  0
10992.7  1e-09  0
11003.5  1e-09  0
11014.2  1e-09  0
11025  1e-09  0
11035.8  1e-09  0
11046.5  1e-09  0
11057.3  1e-09  0
11068.1  1e-09  0
11078.8  1e-09  0
11089.6  1e-09  0
11100.4  1e-09  0
11111.1  1e-09  0
11121.9  1e-09  0
11132.7  1e-09  0
11143.4  1e-09  0
11154.2  1e-09  0
11165  1e-09  0
11175.7  1e-09  0
11186.5  1e-09  0
11197.3  1e-09  0
11208  1e-09  0
11218.8  1e-09  0
11229.6  1e-09  0
11240.3  1e-09  0
11251.1  1e-09  0
11261.9  1e-09  0
11272.6  1e-09  0
11283.4  1e-09  0
11294.2  1e-09  0
11304.9  1e-09  0
11315.7  1e-09  0
11326.5  1e-09  0
11337.2  1e-09  0
11348  1e-09  0
11358.8  1e-09  0
11369.5  1e-09  0
11380.3  1e-09  0
11391.1  1e-09  0
11401.8  1e-09  0
11412.6  1e-09  0
11423.4  1e-09  0
11434.1  1e-09  0
11444.9  1e-09  0
11455.7  1e-09  0
11466.4  1e-09  0
11477.2  1e-09  0
11488  1e-09  0
11498.7  1e-09  0
11509.5  1e-09  0
11520.3  1e-09  0
11531  1e-09  0
11541.8  1e-09  0
11552.6  1e-09  0
11563.3  1e-09  0
11574.1  1e-09  0
11584.9  1e-09  0
11595.6  1e-09  0
11606.4  1e-09  0
11617.2  1e-09  0
11627.9  1e-09  0
11638.7  1e-09  0
11649.5  1e-09  0
11660.2  1e-09  0
11671  1e-09  0
11681.8  1e-09  0
11692.5  1e-09  0
11703.3  1e-09  0
11714.1  1e-09  0
11724.8  1e-09  0
11735.6  1e-09  0
11746.4  1e-09  0
11757.1  1e-09  0
11767.9  1e-09  0
11778.7  1e-09  0
11789.4  1e-09  0
11800.2  1e-09  0
11811  1e-09  0
11821.7  1e-09  0
11832.5  1e-09  0
11843.3  1e-09  0
11854  1e-09  0
11864.8  1e-09  0
11875.6  1e-09  0
11886.3  1e-09  0
11897.1  1e-09  0
11907.9  1e-09  0
11918.6  1e-09  0
11929.4  1e-09  0
11940.2  1e-09  0
11950.9  1e-09  0
11961.7  1e-09  0
11972.5  1e-09  0
11983.2  1e-09  0
11994  1e-09  0
12004.8  1e-09  0
12015.5  1e-09  0
12026.3  1e-09  0
12037.1  1e-09  0
12047.8  1e-09  0
12058.6  1e-09  0
12069.4  1e-09  0
12080.1  1e-09  0
12090.9  1e-09  0
12101.7  1e-09  0
12112.4  1e-09  0
12123.2  1e-09  0
12134  1e-09  0
12144.7  1e-09  0
12155.5  1e-09  0
12166.3  1e-09  0
12177  1e-09  0
12187.8  1e-09  0
12198.6  1e-09  0
12209.3  1e-09  0
12220.1  1e-09  0
12230.9  1e-09  0
12241.6  1e-09  0
12252.4  1e-09  0
12263.2  1e-09  0
12273.9  1e-09  0
12284.7  1e-09  0
12295.5  1e-09  0
12306.2  1e-09  0
12317  1e-09  0
12327.8  1e-09  0
12338.5  1e-09  0
12349.3  1e-09  0
12360.1  1e-09  0
12370.8  1e-09  0
12381.6  1e-09  0
12392.4  1e-09  0
12403.1  1e-09  0
12413.9  1e-09  0
12424.7  1e-09  0
12435.4  1e-09  0
12446.2  1e-09  0
12457  1e-09  0
12467.7  1e-09  0
12478.5  1e-09  0
12489.3  1e-09  0
12500  1e-09  0
12510.8  1e-09  0
12521.6  1e-09  0
12532.3  1e-09  0
12543.1  1e-09  0
12553.9  1e-09  0
12564.6  1e-09  0
12575.4  1e-09  0
12586.2  1e-09  0
12596.9  1e-09  0
12607.7  1e-09  0
12618.5  1e-09  0
12629.2  1e-09  0
12640  1e-09  0
12650.8  1e-09  0
12661.5  1e-09  0
12672.3  1e-09  0
12683.1  1e-09  0
12693.8  1e-09  0
12704.6  1e-09  0
12715.4  1e-09  0
12726.1  1e-09  0
12736.9  1e-09  0
12747.7  1e-09  0
12758.4  1e-09  0
12769.2  1e-09  0
12780  1e-09  0
12790.7  1e-09  0
12801.5  1e-09  0
12812.3  1e-09  0
12823  1e-09  0
12833.8  1e-09  0
12844.6  1e-09  0
12855.3  1e-09  0
12866.1  1e-09  0
12876.9  1e-09  0
12887.6  1e-09  0
12898.4  1e-09  0
12909.2  1e-09  0
12919.9  1e-09  0
12930.7  1e-09  0
12941.5  1e-09  0
12952.2  1e-09  0
12963  1e-09  0
12973.8  1e-09  0
12984.5  1e-09  0
12995.3  1e-09  0
13006.1  1e-09  0
13016.8  1e-09  0
13027.6  1e-09  0
13038.4  1e-09  0
13049.1  1e-09  0
13059.9  1e-09  0
13070.7  1e-09  0
13081.4  1e-09  0
13092.2  1e-09  0
13103  1e-09  0
13113.7  1e-09  0
13124.5  1e-09  0
13135.3  1e-09  0
13146  1e-09  0
13156.8  1e-09  0
13167.6  1e-09  0
13178.3  1e-09  0
13189.1  1e-09  0
13199.9  1e-09  0
13210.6  1e-09  0
13221.4  1e-09  0
13232.2  1e-09  0
13242.9  1e-09  0
13253.7  1e-09  0
13264.5  1e-09  0
13275.2  1e-09  0
13286  1e-09  0
13296.8  1e-09  0
13307.5  1e-09  0
13318.3  1e-09  0
13329.1  1e-09  0
13339.8  1e-09  0
13350.6  1e-09  0
13361.4  1e-09  0
13372.1  1e-09  0
13382.9  1e-09  0
13393.7  1e-09  0
13404.4  1e-09  0
13415.2  1e-09  0
13426  1e-09  0
13436.7  1e-09  0
13447.5  1e-09  0
13458.3  1e-09  0
13469  1e-09  0
13479.8  1e-09  0
13490.6  1e-09  0
13501.3  1e-09  0
13512.1  1e-09  0
13522.9  1e-09  0
13533.6  1e-09  0
13544.4  1e-09  0
13555.2  1e-09  0
13565.9  1e-09  0
13576.7  1e-09  0
13587.5  1e-09  0
13598.2  1e-09  0
13609  1e-09  0
13619.8  1e-09  0
13630.5  1e-09  0
13641.3  1e-09  0
13652.1  1e-09  0
13662.8  1e-09  0
13673.6  1e-09  0
13684.4  1e-09  0
13695.1  1e-09  0
13705.9  1e-09  0
13716.7  1e-09  0
13727.4  1e-09  0
13738.2  1e-09  0
13749  1e-09  0
13759.7  1e-09  0
13770.5  1e-09  0
13781.3  1e-09  0
13792  1e-09  0
13802.8  1e-09  0
13813.5  1e-09  0
13824.3  1e-09  0
13835.1  1e-09  0
13845.8  1e-09  0
13856.6  1e-09  0
13867.4  1e-09  0
13878.1  1e-09  0
13888.9  1e-09  0
13899.7  1e-09  0
13910.4  1e-09  0
13921.2  1e-09  0
13932  1e-09  0
13942.7  1e-09  0
13953.5  1e-09  0
13964.3  1e-09  0
13975  1e-09  0
13985.8  1e-09  0
13996.6  1e-09  0
14007.3  1e-09  0
14018.1  1e-09  0
14028.9  1e-09  0
14039.6  1e-09  0
14050.4  1e-09  0
14061.2  1e-09  0
14071.9  1e-09  0
14082.7  1e-09  0
14093.5  1e-09  0
14104.2  1e-09  0
14115  1e-09  0
14125.8  1e-09  0
14136.5  1e-09  0
14147.3  1e-09  0
14158.1  1e-09  0
14168.8  1e-09  0
14179.6  1e-09  0
14190.4  1e-09  0
14201.1  1e-09  0
14211.9  1e-09  0
14222.7  1e-09  0
14233.4  1e-09  0
14244.2  1e-09  0
14255  1e-09  0
14265.7  1e-09  0
14276.5  1e-09  0
14287.3  1e-09  0
14298  1e-09  0
14308.8  1e-09  0
14319.6  1e-09  0
14330.3  1e-09  0
14341.1  1e-09  0
14351.9  1e-09  0
14362.6  1e-09  0
14373.4  1e-09  0
14384.2  1e-09  0
14394.9  1e-09  0
14405.7  1e-09  0
14416.5  1e-09  0
14427.2  1e-09  0
14438  1e-09  0
14448.8  1e-09  0
14459.5  1e-09  0
14470.3  1e-09  0
14481.1  1e-09  0
14491.8  1e-09  0
14502.6  1e-09  0
14513.4  1e-09  0
14524.1  1e-09  0
14534.9  1e-09  0
14545.7  1e-09  0
14556.4  1e-09  0
14567.2  1e-09  0
14578  1e-09  0
14588.7  1e-09  0
14599.5  1e-09  0
14610.3  1e-09  0
14621  1e-09  0
14631.8  1e-09  0
14642.6  1e-09  0
14653.3  1e-09  0
14664.1  1e-09  0
14674.9  1e-09  0
14685.6  1e-09  0
14696.4  1e-09  0
14707.2  1e-09  0
14717.9  1e-09  0
14728.7  1e-09  0
14739.5  1e-09  0
14750.2  1e-09  0
14761  1e-09  0
14771.8  1e-09  0
14782.5  1e-09  0
14793.3  1e-09  0
14804.1  1e-09  0
14814.8  1e-09  0
14825.6  1e-09  0
14836.4  1e-09  0
14847.1  1e-09  0
14857.9  1e-09  0
14868.7  1e-09  0
14879.4  1e-09  0
14890.2  1e-09  0
14901  1e-09  0
14911.7  1e-09  0
14922.5  1e-09  0
14933.3  1e-09  0
14944  1e-09  0
14954.8  1e-09  0
14965.6  1e-09  0
14976.3  1e-09  0
14987.1  1e-09  0
14997.9  1e-09  0
15008.6  1e-09  0
15019.4  1e-09  0
15030.2  1e-09  0
15040.9  1e-09  0
15051.7  1e-09  0
15062.5  1e-09  0
15073.2  1e-09  0
15084  1e-09  0
15094.8  1e-09  0
15105.5  1e-09  0
15116.3  1e-09  0
15127.1  1e-09  0
15137.8  1e-09  0
15148.6  1e-09  0
15159.4  1e-09  0
15170.1  1e-09  0
15180.9  1e-09  0
15191.7  1e-09  0
15202.4  1e-09  0
15213.2  1e-09  0
15224  1e-09  0
15234.7  1e-09  0
15245.5  1e-09  0
15256.3  1e-09  0
15267  1e-09  0
15277.8  1e-09  0
15288.6  1e-09  0
15299.3  1e-09  0
15310.1  1e-09  0
15320.9  1e-09  0
15331.6  1e-09  0
15342.4  1e-09  0
15353.2  1e-09  0
15363.9  1e-09  0
15374.7  1e-09  0
15385.5  1e-09  0
15396.2  1e-09  0
15407  1e-09  0
15417.8  1e-09  0
15428.5  1e-09  0
15439.3  1e-09  0
15450.1  1e-09  0
15460.8  1e-09  0
15471.6  1e-09  0
15482.4  1e-09  0
15493.1  1e-09  0
15503.9  1e-09  0
15514.7  1e-09  0
15525.4  1e-09  0
15536.2  1e-09  0
15547  1e-09  0
15557.7  1e-09  0
15568.5  1e-09  0
15579.3  1e-09  0
15590  1e-09  0
15600.8  1e-09  0
15611.6  1e-09  0
15622.3  1e-09  0
15633.1  1e-09  0
15643.9  1e-09  0
15654.6  1e-09  0
15665.4  1e-09  0
15676.2  1e-09  0
15686.9  1e-09  0
15697.7  1e-09  0
15708.5  1e-09  0
15719.2  1e-09  0
15730  1e-09  0
15740.8  1e-09  0
15751.5  1e-09  0
15762.3  1e-09  0
15773.1  1e-09  0
15783.8  1e-09  0
15794.6  1e-09  0
15805.4  1e-09  0
15816.1  1e-09  0
15826.9  1e-09  0
15837.7  1e-09  0
15848.4  1e-09  0
15859.2  1e-09  0
15870  1e-09  0
15880.7  1e-09  0
15891.5  1e-09  0
15902.3  1e-09  0
15913  1e-09  0
15923.8  1e-09  0
15934.6  1e-09  0
15945.3  1e-09  0
15956.1  1e-09  0
15966.9  1e-09  0
15977.6  1e-09  0
15988.4  1e-09  0
15999.2  1e-09  0
16009.9  1e-09  0
16020.7  1e-09  0
16031.5  1e-09  0
16042.2  1e-09  0
16053  1e-09  0
16063.8  1e-09  0
16074.5  1e-09  0
16085.3  1e-09  0
16096.1  1e-09  0
16106.8  1e-09  0
16117.6  1e-09  0
16128.4  1e-09  0
16139.1  1e-09  0
16149.9  1e-09  0
16160.7  1e-09  0
16171.4  1e-09  0
16182.2  1e-09  0
16193  1e-09  0
16203.7  1e-09  0
16214.5  1e-09  0
16225.3  1e-09  0
16236  1e-09  0
16246.8  1e-09  0
16257.6  1e-09  0
16268.3  1e-09  0
16279.1  1e-09  0
16289.9  1e-09  0
16300.6  1e-09  0
16311.4  1e-09  0
16322.2  1e-09  0
16332.9  1e-09  0
16343.7  1e-09  0
16354.5  1e-09  0
16365.2  1e-09  0
16376  1e-09  0
16386.8  1e-09  0
16397.5  1e-09  0
16408.3  1e-09  0
16419.1  1e-09  0
16429.8  1e-09  0
16440.6  1e-09  0
16451.4  1e-09  0
16462.1  1e-09  0
16472.9  1e-09  0
16483.7  1e-09  0
16494.4  1e-09  0
16505.2  1e-09  0
16516  1e-09  0
16526.7  1e-09  0
16537.5  1e-09  0
16548.3  1e-09  0
16559  1e-09  0
16569.8  1e-09  0
16580.6  1e-09  0
16591.3  1e-09  0
16602.1  1e-09  0
16612.9  1e-09  0
16623.6  1e-09  0
16634.4  1e-09  0
16645.2  1e-09  0
16655.9  1e-09  0
16666.7  1e-09  0
16677.5  1e-09  0
16688.2  1e-09  0
16699  1e-09  0
16709.8  1e-09  0
16720.5  1e-09  0
16731.3  1e-09  0
16742.1  1e-09  0
16752.8  1e-09  0
16763.6  1e-09  0
16774.4  1e-09  0
16785.1  1e-09  0
16795.9  1e-09  0
16806.7  1e-09  0
16817.4  1e-09  0
16828.2  1e-09  0
16839  1e-09  0
16849.7  1e-09  0
16860.5  1e-09  0
16871.3  1e-09  0
16882  1e-09  0
16892.8  1e-09  0
16903.6  1e-09  0
16914.3  1e-09  0
16925.1  1e-09  0
16935.9  1e-09  0
16946.6  1e-09  0
16957.4  1e-09  0
16968.2  1e-09  0
16978.9  1e-09  0
16989.7  1e-09  0
17000.5  1e-09  0
17011.2  1e-09  0
17022  1e-09  0
17032.8  1e-09  0
17043.5  1e-09  0
17054.3  1e-09  0
17065.1  1e-09  0
17075.8  1e-09  0
17086.6  1e-09  0
17097.4  1e-09  0
17108.1  1e-09  0
17118.9  1e-09  0
17129.7  1e-09  0
17140.4  1e-09  0
17151.2  1e-09  0
17162  1e-09  0
17172.7  1e-09  0
17183.5  1e-09  0
17194.3  1e-09  0
17205  1e-09  0
17215.8  1e-09  0
17226.6  1e-09  0
17237.3  1e-09  0
17248.1  1e-09  0
17258.9  1e-09  0
17269.6  1e-09  0
17280.4  1e-09  0
17291.2  1e-09  0
17301.9  1e-09  0
17312.7  1e-09  0
17323.5  1e-09  0
17334.2  1e-09  0
17345  1e-09  0
17355.8  1e-09  0
17366.5  1e-09  0
17377.3  1e-09  0
17388.1  1e-09  0
17398.8  1e-09  0
17409.6  1e-09  0
17420.4  1e-09  0
17431.1  1e-09  0
17441.9  1e-09  0
17452.7  1e-09  0
17463.4  1e-09  0
17474.2  1e-09  0
17485  1e-09  0
17495.7  1e-09  0
17506.5  1e-09  0
17517.3  1e-09  0
17528  1e-09  0
17538.8  1e-09  0
17549.6  1e-09  0
17560.3  1e-09  0
17571.1  1e-09  0
17581.9  1e-09  0
17592.6  1e-09  0
17603.4  1e-09  0
17614.2  1e-09  0
17624.9  1e-09  0
17635.7  1e-09  0
17646.5  1e-09  0
17657.2  1e-09  0
17668  1e-09  0
17678.8  1e-09  0
17689.5  1e-09  0
17700.3  1e-09  0
17711.1  1e-09  0
17721.8  1e-09  0
17732.6  1e-09  0
17743.4  1e-09  0
17754.1  1e-09  0
17764.9  1e-09  0
17775.7  1e-09  0
17786.4  1e-09  0
17797.2  1e-09  0
17808  1e-09  0
17818.7  1e-09  0
17829.5  1e-09  0
17840.3  1e-09  0
17851  1e-09  0
17861.8  1e-09  0
17872.6  1e-09  0
17883.3  1e-09  0
17894.1  1e-09  0
17904.9  1e-09  0
17915.6  1e-09  0
17926.4  1e-09  0
17937.2  1e-09  0
17947.9  1e-09  0
17958.7  1e-09  0
17969.5  1e-09  0
17980.2  1e-09  0
17991  1e-09  0
18001.8  1e-09  0
18012.5  1e-09  0
18023.3  1e-09  0
18034.1  1e-09  0
18044.8  1e-09  0
18055.6  1e-09  0
18066.4  1e-09  0
18077.1  1e-09  0
18087.9  1e-09  0
18098.7  1e-09  0
18109.4  1e-09  0
18120.2  1e-09  0
18131  1e-09  0
18141.7  1e-09  0
18152.5  1e-09  0
18163.3  1e-09  0
18174  1e-09  0
18184.8  1e-09  0
18195.6  1e-09  0
18206.3  1e-09  0
18217.1  1e-09  0
18227.9  1e-09  0
18238.6  1e-09  0
18249.4  1e-09  0
18260.2  1e-09  0
18270.9  1e-09  0
18281.7  1e-09  0
18292.5  1e-09  0
18303.2  1e-09  0
18314  1e-09  0
18324.8  1e-09  0
18335.5  1e-09  0
18346.3  1e-09  0
18357.1  1e-09  0
18367.8  1e-09  0
18378.6  1e-09  0
18389.4  1e-09  0
18400.1  1e-09  0
18410.9  1e-09  0
18421.7  1e-09  0
18432.4  1e-09  0
18443.2  1e-09  0
18454  1e-09  0
18464.7  1e-09  0
18475.5  1e-09  0
18486.3  1e-09  0
18497  1e-09  0
18507.8  1e-09  0
18518.6  1e-09  0
18529.3  1e-09  0
18540.1  1e-09  0
18550.9  1e-09  0
18561.6  1e-09  0
18572.4  1e-09  0
18583.2  1e-09  0
18593.9  1e-09  0
18604.7  1e-09  0
18615.5  1e-09  0
18626.2  1e-09  0
18637  1e-09  0
18647.8  1e-09  0
18658.5  1e-09  0
18669.3  1e-09  0
18680.1  1e-09  0
18690.8  1e-09  0
18701.6  1e-09  0
18712.4  1e-09  0
18723.1  1e-09  0
18733.9  1e-09  0
18744.7  1e-09  0
18755.4  1e-09  0
18766.2  1e-09  0
18777  1e-09  0
18787.7  1e-09  0
18798.5  1e-09  0
18809.3  1e-09  0
18820  1e-09  0
18830.8  1e-09  0
18841.6  1e-09  0
18852.3  1e-09  0
18863.1  1e-09  0
18873.9  1e-09  0
18884.6  1e-09  0
18895.4  1e-09  0
18906.2  1e-09  0
18916.9  1e-09  0
18927.7  1e-09  0
18938.5  1e-09  0
18949.2  1e-09  0
18960  1e-09  0
18970.8  1e-09  0
18981.5  1e-09  0
18992.3  1e-09  0
19003.1  1e-09  0
19013.8  1e-09  0
19024.6  1e-09  0
19035.4  1e-09  0
19046.1  1e-09  0
19056.9  1e-09  0
19067.7  1e-09  0
19078.4  1e-09  0
19089.2  1e-09  0
19100  1e-09  0
19110.7  1e-09  0
19121.5  1e-09  0
19132.3  1e-09  0
19143  1e-09  0
19153.8  1e-09  0
19164.6  1e-09  0
19175.3  1e-09  0
19186.1  1e-09  0
19196.9  1e-09  0
19207.6  1e-09  0
19218.4  1e-09  0
19229.2  1e-09  0
19239.9  1e-09  0
19250.7  1e-09  0
19261.5  1e-09  0
19272.2  1e-09  0
19283  1e-09  0
19293.8  1e-09  0
19304.5  1e-09  0
19315.3  1e-09  0
19326  1e-09  0
19336.8  1e-09  0
19347.6  1e-09  0
19358.3  1e-09  0
19369.1  1e-09  0
19379.9  1e-09  0
19390.6  1e-09  0
19401.4  1e-09  0
19412.2  1e-09  0
19422.9  1e-09  0
19433.7  1e-09  0
19444.5  1e-09  0
19455.2  1e-09  0
19466  1e-09  0
19476.8  1e-09  0
19487.5  1e-09  0
19498.3  1e-09  0
19509.1  1e-09  0
19519.8  1e-09  0
19530.6  1e-09  0
19541.4  1e-09  0
19552.1  1e-09  0
19562.9  1e-09  0
19573.7  1e-09  0
19584.4  1e-09  0
19595.2  1e-09  0
19606  1e-09  0
19616.7  1e-09  0
19627.5  1e-09  0
19638.3  1e-09  0
19649  1e-09  0
19659.8  1e-09  0
19670.6  1e-09  0
19681.3  1e-09  0
19692.1  1e-09  0
19702.9  1e-09  0
19713.6  1e-09  0
19724.4  1e-09  0
19735.2  1e-09  0
19745.9  1e-09  0
19756.7  1e-09  0
19767.5  1e-09  0
19778.2  1e-09  0
19789  1e-09  0
19799.8  1e-09  0
19810.5  1e-09  0
19821.3  1e-09  0
19832.1  1e-09  0
19842.8  1e-09  0
19853.6  1e-09  0
19864.4  1e-09  0
19875.1  1e-09  0
19885.9  1e-09  0
19896.7  1e-09  0
19907.4  1e-09  0
19918.2  1e-09  0
19929  1e-09  0
19939.7  1e-09  0
19950.5  1e-09  0
19961.3  1e-09  0
19972  1e-09  0
19982.8  1e-09  0
19993.6  1e-09  0
20004.3  1e-09  0
20015.1  1e-09  0
20025.9  1e-09  0
20036.6  1e-09  0
20047.4  1e-09  0
20058.2  1e-09  0
20068.9  1e-09  0
20079.7  1e-09  0
20090.5  1e-09  0
20101.2  1e-09  0
20112  1e-09  0
20122.8  1e-09  0
20133.5  1e-09  0
20144.3  1e-09  0
20155.1  1e-09  0
20165.8  1e-09  0
20176.6  1e-09  0
20187.4  1e-09  0
20198.1  1e-09  0
20208.9  1e-09  0
20219.7  1e-09  0
20230.4  1e-09  0
20241.2  1e-09  0
20252  1e-09  0
20262.7  1e-09  0
20273.5  1e-09  0
20284.3  1e-09  0
20295  1e-09  0
20305.8  1e-09  0
20316.6  1e-09  0
20327.3  1e-09  0
20338.1  1e-09  0
20348.9  1e-09  0
20359.6  1e-09  0
20370.4  1e-09  0
20381.2  1e-09  0
20391.9  1e-09  0
20402.7  1e-09  0
20413.5  1e-09  0
20424.2  1e-09  0
20435  1e-09  0
20445.8  1e-09  0
20456.5  1e-09  0
20467.3  1e-09  0
20478.1  1e-09  0
20488.8  1e-09  0
20499.6  1e-09  0
20510.4  1e-09  0
20521.1  1e-09  0
20531.9  1e-09  0
20542.7  1e-09  0
20553.4  1e-09  0
20564.2  1e-09  0
20575  1e-09  0
20585.7  1e-09  0
20596.5  1e-09  0
20607.3  1e-09  0
20618  1e-09  0
20628.8  1e-09  0
20639.6  1e-09  0
20650.3  1e-09  0
20661.1  1e-09  0
20671.9  1e-09  0
20682.6  1e-09  0
20693.4  1e-09  0
20704.2  1e-09  0
20714.9  1e-09  0
20725.7  1e-09  0
20736.5  1e-09  0
20747.2  1e-09  0
20758  1e-09  0
20768.8  1e-09  0
20779.5  1e-09  0
20790.3  1e-09  0
20801.1  1e-09  0
20811.8  1e-09  0
20822.6  1e-09  0
20833.4  1e-09  0
20844.1  1e-09  0
20854.9  1e-09  0
20865.7  1e-09  0
20876.4  1e-09  0
20887.2  1e-09  0
20898  1e-09  0
20908.7  1e-09  0
20919.5  1e-09  0
20930.3  1e-09  0
20941  1e-09  0
20951.8  1e-09  0
20962.6  1e-09  0
20973.3  1e-09  0
20984.1  1e-09  0
20994.9  1e-09  0
21005.6  1e-09  0
21016.4  1e-09  0
21027.2  1e-09  0
21037.9  1e-09  0
21048.7  1e-09  0
21059.5  1e-09  0
21070.2  1e-09  0
21081  1e-09  0
21091.8  1e-09  0
21102.5  1e-09  0
21113.3  1e-09  0
21124.1  1e-09  0
21134.8  1e-09  0
21145.6  1e-09  0
21156.4  1e-09  0
21167.1  1e-09  0
21177.9  1e-09  0
21188.7  1e-09  0
21199.4  1e-09  0
21210.2  1e-09  0
21221  1e-09  0
21231.7  1e-09  0
21242.5  1e-09  0
21253.3  1e-09  0
21264  1e-09  0
21274.8  1e-09  0
21285.6  1e-09  0
21296.3  1e-09  0
21307.1  1e-09  0
21317.9  1e-09  0
21328.6  1e-09  0
21339.4  1e-09  0
21350.2  1e-09  0
21360.9  1e-09  0
21371.7  1e-09  0
21382.5  1e-09  0
21393.2  1e-09  0
21404  1e-09  0
21414.8  1e-09  0
21425.5  1e-09  0
21436.3  1e-09  0
21447.1  1e-09  0
21457.8  1e-09  0
21468.6  1e-09  0
21479.4  1e-09  0
21490.1  1e-09  0
21500.9  1e-09  0
21511.7  1e-09  0
21522.4  1e-09  0
21533.2  1e-09  0
21544  1e-09  0
21554.7  1e-09  0
21565.5  1e-09  0
21576.3  1e-09  0
21587  1e-09  0
21597.8  1e-09  0
21608.6  1e-09  0
21619.3  1e-09  0
21630.1  1e-09  0
21640.9  1e-09  0
21651.6  1e-09  0
21662.4  1e-09  0
21673.2  1e-09  0
21683.9  1e-09  0
21694.7  1e-09  0
21705.5  1e-09  0
21716.2  1e-09  0
21727  1e-09  0
21737.8  1e-09  0
21748.5  1e-09  0
21759.3  1e-09  0
21770.1  1e-09  0
21780.8  1e-09  0
21791.6  1e-09  0
21802.4  1e-09  0
21813.1  1e-09  0
21823.9  1e-09  0
21834.7  1e-09  0
21845.4  1e-09  0
21856.2  1e-09  0
21867  1e-09  0
21877.7  1e-09  0
21888.5  1e-09  0
21899.3  1e-09  0
21910  1e-09  0
21920.8  1e-09  0
21931.6  1e-09  0
21942.3  1e-09  0
21953.1  1e-09  0
21963.9  1e-09  0
21974.6  1e-09  0
21985.4  1e-09  0
21996.2  1e-09  0
22006.9  1e-09  0
22017.7  1e-09  0
22028.5  1e-09  0

