0	-nan(ind)	-nan(ind)
10.7666	0.00457856	1.46652
21.5332	0.00888419	1.48067
32.2998	0.0131615	1.48183
43.0664	0.0174383	1.47849
53.833	0.0217297	1.473
64.5996	0.0260468	1.46631
75.3662	0.0303997	1.45888
86.1328	0.034798	1.451
96.8994	0.0392514	1.44282
107.666	0.0437699	1.43446
118.433	0.0483641	1.42598
129.199	0.0530452	1.41746
139.966	0.0578251	1.40891
150.732	0.0627167	1.40037
161.499	0.0677335	1.39185
172.266	0.0728901	1.38336
183.032	0.0782025	1.37491
193.799	0.0836874	1.36651
204.565	0.0893631	1.35814
215.332	0.0952494	1.3498
226.099	0.101367	1.3415
236.865	0.10774	1.33321
247.632	0.114393	1.32494
258.398	0.121354	1.31667
269.165	0.128652	1.30839
279.932	0.13632	1.3001
290.698	0.144394	1.29177
301.465	0.152915	1.28339
312.231	0.161925	1.27496
322.998	0.171475	1.26645
333.765	0.181619	1.25785
344.531	0.192418	1.24915
355.298	0.20394	1.24033
366.064	0.216263	1.23137
376.831	0.229474	1.22224
387.598	0.243674	1.21294
398.364	0.258974	1.20342
409.131	0.275506	1.19367
419.897	0.293419	1.18365
430.664	0.312886	1.17334
441.431	0.334109	1.16268
452.197	0.357325	1.15163
462.964	0.382811	1.14015
473.73	0.410897	1.12816
484.497	0.441976	1.1156
495.264	0.476522	1.10238
506.03	0.515108	1.08838
516.797	0.558437	1.07348
527.563	0.607378	1.05752
538.33	0.663015	1.0403
549.097	0.726721	1.02156
559.863	0.800253	1.00098
570.63	0.885893	0.97814
581.396	0.986655	0.952462
592.163	1.10659	0.923187
602.93	1.25122	0.889248
613.696	1.42827	0.849135
624.463	1.64869	0.80063
635.229	1.92824	0.740392
645.996	2.2897	0.663219
656.763	2.76478	0.560804
667.529	3.39118	0.419848
678.296	4.18564	0.2205
689.063	5.04482	-0.058423
699.829	5.60314	-0.411516
710.596	5.49165	-0.774031
721.362	4.89423	-1.07143
732.129	4.21516	-1.28676
742.896	3.63829	-1.43886
753.662	3.18741	-1.54882
764.429	2.84054	-1.63128
775.195	2.57203	-1.69546
785.962	2.36157	-1.74711
796.729	2.19451	-1.7899
807.495	2.06044	-1.82625
818.262	1.95196	-1.85781
829.028	1.86374	-1.88573
839.795	1.79189	-1.91084
850.562	1.73354	-1.93375
861.328	1.68653	-1.95493
872.095	1.64926	-1.97473
882.861	1.6205	-1.99344
893.628	1.59933	-2.01128
904.395	1.58509	-2.02844
915.161	1.5773	-2.04509
925.928	1.57564	-2.06136
936.694	1.57994	-2.07737
947.461	1.59016	-2.09325
958.228	1.60639	-2.10909
968.994	1.62883	-2.12502
979.761	1.65785	-2.14114
990.527	1.69395	-2.15757
1001.29	1.73781	-2.17445
1012.06	1.79034	-2.19191
1022.83	1.8527	-2.21015
1033.59	1.92641	-2.22937
1044.36	2.01341	-2.24982
1055.13	2.11625	-2.27184
1065.89	2.23827	-2.29585
1076.66	2.38391	-2.3224
1087.43	2.55919	-2.35225
1098.19	2.77236	-2.38644
1108.96	3.03501	-2.42647
1119.73	3.36368	-2.47454
1130.49	3.7824	-2.53403
1141.26	4.32612	-2.61028
1152.03	5.04408	-2.71202
1162.79	5.99502	-2.85382
1173.56	7.19928	-3.05866
1184.33	8.44996	2.92983
1195.09	9.03986	2.54953
1205.86	8.37539	2.16381
1216.63	7.01628	1.85913
1227.39	5.71217	1.6464
1238.16	4.68916	1.49964
1248.93	3.92199	1.39499
1259.69	3.34393	1.31712
1270.46	2.90001	1.25682
1281.23	2.55169	1.20849
1291.99	2.27277	1.1686
1302.76	2.04532	1.13486
1313.53	1.85687	1.10572
1324.29	1.69857	1.0801
1335.06	1.56398	1.05724
1345.83	1.44835	1.03658
1356.59	1.34806	1.01769
1367.36	1.26039	1.00026
1378.13	1.18318	0.984031
1388.89	1.11475	0.968814
1399.66	1.05374	0.954453
1410.42	0.999078	0.940823
1421.19	0.949861	0.927821
1431.96	0.905361	0.915363
1442.72	0.864972	0.90338
1453.49	0.828184	0.891812
1464.26	0.79457	0.880611
1475.02	0.763764	0.869734
1485.79	0.735458	0.859145
1496.56	0.709384	0.848813
1507.32	0.685312	0.838712
1518.09	0.663042	0.828818
1528.86	0.642401	0.81911
1539.62	0.623237	0.809571
1550.39	0.605416	0.800185
1561.16	0.588819	0.790937
1571.92	0.573343	0.781815
1582.69	0.558895	0.772807
1593.46	0.545393	0.763904
1604.22	0.532763	0.755097
1614.99	0.520939	0.746377
1625.76	0.509862	0.737738
1636.52	0.499478	0.729171
1647.29	0.489741	0.720671
1658.06	0.480605	0.712233
1668.82	0.472033	0.70385
1679.59	0.463988	0.695519
1690.36	0.456438	0.687236
1701.12	0.449354	0.678995
1711.89	0.44271	0.670793
1722.66	0.436479	0.662626
1733.42	0.430642	0.654492
1744.19	0.425176	0.646388
1754.96	0.420063	0.638309
1765.72	0.415288	0.630254
1776.49	0.410833	0.62222
1787.26	0.406685	0.614205
1798.02	0.40283	0.606206
1808.79	0.399258	0.598221
1819.56	0.395956	0.590248
1830.32	0.392916	0.582284
1841.09	0.390128	0.574329
1851.86	0.387585	0.56638
1862.62	0.385278	0.558434
1873.39	0.383201	0.550491
1884.16	0.381348	0.542549
1894.92	0.379714	0.534606
1905.69	0.378294	0.52666
1916.46	0.377084	0.51871
1927.22	0.37608	0.510754
1937.99	0.375279	0.50279
1948.75	0.374679	0.494817
1959.52	0.374277	0.486833
1970.29	0.374073	0.478837
1981.05	0.374064	0.470827
1991.82	0.37425	0.462801
2002.59	0.374631	0.454758
2013.35	0.375208	0.446696
2024.12	0.37598	0.438613
2034.89	0.376949	0.430508
2045.65	0.378117	0.422379
2056.42	0.379486	0.414224
2067.19	0.381058	0.406041
2077.95	0.382836	0.397828
2088.72	0.384824	0.389583
2099.49	0.387026	0.381305
2110.25	0.389446	0.372991
2121.02	0.39209	0.364638
2131.79	0.394963	0.356245
2142.55	0.398072	0.347808
2153.32	0.401424	0.339327
2164.09	0.405027	0.330796
2174.85	0.408889	0.322215
2185.62	0.413019	0.313579
2196.39	0.417427	0.304886
2207.15	0.422125	0.296132
2217.92	0.427125	0.287314
2228.69	0.432439	0.278427
2239.45	0.438082	0.269468
2250.22	0.44407	0.260433
2260.99	0.450419	0.251316
2271.75	0.457147	0.242113
2282.52	0.464275	0.232819
2293.29	0.471824	0.223427
2304.05	0.479817	0.213931
2314.82	0.488281	0.204326
2325.59	0.497244	0.194602
2336.35	0.506737	0.184754
2347.12	0.516792	0.174771
2357.89	0.527447	0.164645
2368.65	0.538743	0.154366
2379.42	0.550723	0.143923
2390.19	0.563436	0.133302
2400.95	0.576937	0.122492
2411.72	0.591284	0.111477
2422.49	0.606544	0.10024
2433.25	0.62279	0.0887651
2444.02	0.640102	0.0770308
2454.79	0.658571	0.0650151
2465.55	0.678298	0.0526932
2476.32	0.699396	0.0400373
2487.08	0.721991	0.0270161
2497.85	0.746228	0.0135941
2508.62	0.772268	-0.00026852
2519.38	0.800293	-0.0146172
2530.15	0.830512	-0.0295038
2540.92	0.863162	-0.0449877
2551.68	0.898517	-0.0611371
2562.45	0.936888	-0.078031
2573.22	0.978638	-0.0957612
2583.98	1.02418	-0.114435
2594.75	1.07401	-0.134178
2605.52	1.1287	-0.155138
2616.28	1.1889	-0.177494
2627.05	1.25541	-0.201454
2637.82	1.32916	-0.227275
2648.58	1.41125	-0.255264
2659.35	1.50297	-0.285797
2670.12	1.60589	-0.319336
2680.88	1.72184	-0.356453
2691.65	1.85295	-0.39786
2702.42	2.00171	-0.444445
2713.18	2.17089	-0.497321
2723.95	2.36338	-0.557878
2734.72	2.58184	-0.627834
2745.48	2.82783	-0.709258
2756.25	3.10031	-0.804528
2767.02	3.39301	-0.916107
2777.78	3.69079	-1.04601
2788.55	3.96649	-1.1948
2799.32	4.18193	-1.36029
2810.08	4.29796	-1.53661
2820.85	4.29214	-1.7148
2831.62	4.1712	-1.8853
2842.38	3.9664	-2.04091
2853.15	3.71668	-2.17808
2863.92	3.4544	-2.29651
2874.68	3.20038	-2.39781
2885.45	2.96537	-2.48435
2896.22	2.75344	-2.55859
2906.98	2.56488	-2.62272
2917.75	2.3982	-2.67859
2928.52	2.25116	-2.72771
2939.28	2.12139	-2.77129
2950.05	2.00665	-2.8103
2960.82	1.90492	-2.84552
2971.58	1.81446	-2.87756
2982.35	1.73377	-2.90692
2993.12	1.66156	-2.93401
3003.88	1.59675	-2.95917
3014.65	1.53842	-2.98266
3025.42	1.48579	-3.00471
3036.18	1.4382	-3.02552
3046.95	1.39508	-3.04524
3057.71	1.35593	-3.064
3068.48	1.32036	-3.08192
3079.25	1.28799	-3.0991
3090.01	1.25852	-3.11562
3100.78	1.23167	-3.13155
3111.55	1.20721	3.13622
3122.31	1.18495	3.12128
3133.08	1.16469	3.10676
3143.85	1.14628	3.09262
3154.61	1.12958	3.07882
3165.38	1.11447	3.06532
3176.15	1.10085	3.0521
3186.91	1.08862	3.03914
3197.68	1.0777	3.02639
3208.45	1.06801	3.01386
3219.21	1.05949	3.00151
3229.98	1.05209	2.98932
3240.75	1.04574	2.97729
3251.51	1.04042	2.96539
3262.28	1.03608	2.95361
3273.05	1.0327	2.94195
3283.81	1.03023	2.93038
3294.58	1.02867	2.9189
3305.35	1.02798	2.9075
3316.11	1.02817	2.89617
3326.88	1.0292	2.88489
3337.65	1.03109	2.87367
3348.41	1.03382	2.86248
3359.18	1.03738	2.85134
3369.95	1.0418	2.84021
3380.71	1.04706	2.82911
3391.48	1.05318	2.81803
3402.25	1.06016	2.80695
3413.01	1.06803	2.79587
3423.78	1.07681	2.78478
3434.55	1.0865	2.77368
3445.31	1.09714	2.76256
3456.08	1.10876	2.75142
3466.85	1.12139	2.74024
3477.61	1.13506	2.72903
3488.38	1.14983	2.71777
3499.15	1.16572	2.70647
3509.91	1.18279	2.6951
3520.68	1.20111	2.68367
3531.45	1.22072	2.67217
3542.21	1.2417	2.66058
3552.98	1.26413	2.64891
3563.75	1.28808	2.63715
3574.51	1.31366	2.62528
3585.28	1.34095	2.61329
3596.04	1.37007	2.60118
3606.81	1.40115	2.58894
3617.58	1.43431	2.57655
3628.34	1.46971	2.564
3639.11	1.50752	2.55128
3649.88	1.54791	2.53838
3660.64	1.5911	2.52527
3671.41	1.63731	2.51195
3682.18	1.6868	2.49839
3692.94	1.73984	2.48457
3703.71	1.79677	2.47047
3714.48	1.85794	2.45607
3725.24	1.92374	2.44133
3736.01	1.99465	2.42622
3746.78	2.07118	2.41072
3757.54	2.15392	2.39477
3768.31	2.24354	2.37834
3779.08	2.34082	2.36137
3789.84	2.44665	2.3438
3800.61	2.56207	2.32556
3811.38	2.68825	2.30658
3822.14	2.82661	2.28676
3832.91	2.97879	2.26599
3843.68	3.1467	2.24415
3854.44	3.33266	2.22108
3865.21	3.53938	2.1966
3875.98	3.77015	2.17049
3886.74	4.02892	2.14249
3897.51	4.3205	2.11226
3908.28	4.65073	2.07939
3919.04	5.0268	2.04339
3929.81	5.45752	2.00359
3940.58	5.95374	1.95918
3951.34	6.5287	1.90909
3962.11	7.19835	1.85196
3972.88	7.98128	1.78597
3983.64	8.89759	1.70882
3994.41	9.96545	1.61751
4005.18	11.1926	1.50841
4015.94	12.5588	1.37745
4026.71	13.987	1.22112
4037.48	15.3122	1.03843
4048.24	16.288	0.833861
4059.01	16.6837	0.618901
4069.78	16.4321	0.409179
4080.54	15.6736	0.218037
4091.31	14.6439	0.0521284
4102.08	13.5444	-0.088137
4112.84	12.4956	-0.205777
4123.61	11.5509	-0.304836
4134.38	10.7245	-0.389149
4145.14	10.0116	-0.461921
4155.91	9.40048	-0.52569
4166.67	8.87755	-0.582422
4177.44	8.43009	-0.633635
4188.21	8.04695	-0.680505
4198.97	7.71872	-0.723952
4209.74	7.43759	-0.764705
4220.51	7.19715	-0.803348
4231.27	6.99213	-0.840359
4242.04	6.81823	-0.876137
4252.81	6.67191	-0.911018
4263.57	6.55029	-0.945293
4274.34	6.45102	-0.979221
4285.11	6.37214	-1.01303
4295.87	6.31207	-1.04695
4306.64	6.26953	-1.08117
4317.41	6.24346	-1.1159
4328.17	6.233	-1.15133
4338.94	6.23743	-1.18765
4349.71	6.25617	-1.22508
4360.47	6.2887	-1.26382
4371.24	6.33454	-1.30409
4382.01	6.3932	-1.34613
4392.77	6.46411	-1.39017
4403.54	6.54661	-1.43648
4414.31	6.63978	-1.48533
4425.07	6.74245	-1.537
4435.84	6.85299	-1.59178
4446.61	6.96928	-1.64994
4457.37	7.08851	-1.71174
4468.14	7.20709	-1.77741
4478.91	7.32057	-1.84711
4489.67	7.42363	-1.92091
4500.44	7.51019	-1.99875
4511.21	7.57368	-2.08042
4521.97	7.60755	-2.16552
4532.74	7.60588	-2.25346
4543.51	7.56413	-2.34344
4554.27	7.47986	-2.43455
4565.04	7.35313	-2.52574
4575.81	7.18661	-2.61599
4586.57	6.98527	-2.70433
4597.34	6.75571	-2.7899
4608.11	6.50538	-2.87206
4618.87	6.24176	-2.95033
4629.64	5.97171	-3.02443
4640.41	5.70115	-3.09426
4651.17	5.43481	3.12336
4661.94	5.17626	3.06191
4672.71	4.92801	3.00441
4683.47	4.69166	2.95059
4694.24	4.46811	2.90022
4705	4.25771	2.85301
4715.77	4.06042	2.80872
4726.54	3.87592	2.76708
4737.3	3.70369	2.72786
4748.07	3.54312	2.69084
4758.84	3.39353	2.65582
4769.6	3.25422	2.62261
4780.37	3.12448	2.59104
4791.14	3.00359	2.56096
4801.9	2.89092	2.53226
4812.67	2.78587	2.5048
4823.44	2.68788	2.47847
4834.2	2.59642	2.45319
4844.97	2.511	2.42884
4855.74	2.43117	2.40537
4866.5	2.35651	2.38268
4877.27	2.28663	2.36071
4888.04	2.2212	2.33942
4898.8	2.15989	2.31873
4909.57	2.1024	2.29861
4920.34	2.04848	2.279
4931.1	1.99788	2.25987
4941.87	1.95038	2.24118
4952.64	1.90576	2.22289
4963.4	1.86385	2.20498
4974.17	1.82448	2.18741
4984.94	1.78749	2.17017
4995.7	1.75273	2.15321
5006.47	1.72007	2.13653
5017.24	1.6894	2.1201
5028	1.6606	2.1039
5038.77	1.63358	2.08792
5049.54	1.60823	2.07213
5060.3	1.58448	2.05652
5071.07	1.56224	2.04108
5081.84	1.54145	2.02579
5092.6	1.52204	2.01064
5103.37	1.50394	1.99562
5114.14	1.48711	1.98071
5124.9	1.47149	1.9659
5135.67	1.45703	1.95119
5146.44	1.4437	1.93656
5157.2	1.43146	1.922
5167.97	1.42027	1.9075
5178.74	1.4101	1.89305
5189.5	1.40092	1.87865
5200.27	1.39271	1.86429
5211.04	1.38545	1.84995
5221.8	1.37912	1.83564
5232.57	1.3737	1.82133
5243.33	1.36917	1.80703
5254.1	1.36554	1.79272
5264.87	1.36278	1.7784
5275.63	1.36089	1.76405
5286.4	1.35987	1.74968
5297.17	1.35972	1.73527
5307.93	1.36043	1.72081
5318.7	1.36201	1.7063
5329.47	1.36447	1.69173
5340.23	1.36781	1.67708
5351	1.37204	1.66235
5361.77	1.37718	1.64754
5372.53	1.38324	1.63262
5383.3	1.39024	1.6176
5394.07	1.3982	1.60245
5404.83	1.40714	1.58718
5415.6	1.41709	1.57176
5426.37	1.42809	1.55619
5437.13	1.44016	1.54045
5447.9	1.45335	1.52453
5458.67	1.46768	1.50842
5469.43	1.48322	1.4921
5480.2	1.50001	1.47555
5490.97	1.5181	1.45876
5501.73	1.53755	1.44172
5512.5	1.55844	1.42439
5523.27	1.58082	1.40676
5534.03	1.60479	1.3888
5544.8	1.63042	1.3705
5555.57	1.65781	1.35182
5566.33	1.68706	1.33274
5577.1	1.71828	1.31323
5587.87	1.75159	1.29324
5598.63	1.78712	1.27275
5609.4	1.82501	1.25171
5620.17	1.86543	1.23008
5630.93	1.90852	1.20781
5641.7	1.95449	1.18484
5652.47	2.00352	1.16113
5663.23	2.05583	1.13659
5674	2.11165	1.11116
5684.77	2.17121	1.08476
5695.53	2.2348	1.05731
5706.3	2.30268	1.0287
5717.07	2.37514	0.998822
5727.83	2.45251	0.967567
5738.6	2.53507	0.934798
5749.37	2.62316	0.900371
5760.13	2.71708	0.864124
5770.9	2.8171	0.825883
5781.67	2.92346	0.785454
5792.43	3.03634	0.74263
5803.2	3.15578	0.697189
5813.96	3.28171	0.648893
5824.73	3.41381	0.597498
5835.5	3.55151	0.542759
5846.26	3.69385	0.484435
5857.03	3.83943	0.422311
5867.8	3.98629	0.35621
5878.56	4.13188	0.286019
5889.33	4.27298	0.211718
5900.1	4.40581	0.133401
5910.86	4.52609	0.0513121
5921.63	4.62938	-0.0341462
5932.4	4.71137	-0.122405
5943.16	4.76838	-0.212749
5953.93	4.79767	-0.304355
5964.7	4.79777	-0.396349
5975.46	4.76847	-0.487872
5986.23	4.71056	-0.578127
5997	4.62526	-0.666374
6007.76	4.51352	-0.751795
6018.53	4.37585	-0.833084
6029.3	4.21471	-0.907697
6040.06	4.04255	-0.971784
6050.83	3.88713	-1.02388
6061.6	3.76924	-1.06964
6072.36	3.67916	-1.11625
6083.13	3.59737	-1.16529
6093.9	3.5146	-1.21511
6104.66	3.42976	-1.26409
6115.43	3.34443	-1.31141
6126.2	3.26039	-1.35674
6136.96	3.17897	-1.40005
6147.73	3.10104	-1.44143
6158.5	3.02713	-1.48104
6169.26	2.95753	-1.51905
6180.03	2.89237	-1.55563
6190.8	2.83167	-1.59095
6201.56	2.77536	-1.62517
6212.33	2.72335	-1.65845
6223.1	2.6755	-1.69094
6233.86	2.63169	-1.72278
6244.63	2.59183	-1.75411
6255.4	2.55581	-1.78506
6266.16	2.52358	-1.81579
6276.93	2.49506	-1.84648
6287.7	2.47024	-1.87731
6298.46	2.44906	-1.90852
6309.23	2.43151	-1.94039
6320	2.41753	-1.97327
6330.76	2.40702	-2.00761
6341.53	2.39976	-2.04403
6352.29	2.39524	-2.08332
6363.06	2.39233	-2.12661
6373.83	2.38873	-2.17539
6384.59	2.37971	-2.23156
6395.36	2.35612	-2.29712
6406.13	2.30173	-2.37273
6416.89	2.19406	-2.45376
6427.66	2.0195	-2.52331
6438.43	1.80653	-2.55178
6449.19	1.62859	-2.52122
6459.96	1.53832	-2.45391
6470.73	1.5264	-2.38968
6481.49	1.5571	-2.34783
6492.26	1.60372	-2.32785
6503.03	1.65328	-2.32357
6513.79	1.70091	-2.32957
6524.56	1.74536	-2.34218
6535.33	1.78674	-2.35915
6546.09	1.82565	-2.37909
6556.86	1.86273	-2.40114
6567.63	1.89861	-2.4248
6578.39	1.93381	-2.44973
6589.16	1.96878	-2.47574
6599.93	2.00389	-2.50272
6610.69	2.03945	-2.5306
6621.46	2.07572	-2.55936
6632.23	2.11291	-2.589
6642.99	2.15121	-2.61954
6653.76	2.19076	-2.651
6664.53	2.23168	-2.68344
6675.29	2.27407	-2.71691
6686.06	2.318	-2.75147
6696.83	2.36349	-2.78717
6707.59	2.41056	-2.82411
6718.36	2.45918	-2.86233
6729.13	2.50928	-2.90194
6739.89	2.56075	-2.94299
6750.66	2.61342	-2.98557
6761.43	2.66706	-3.02976
6772.19	2.72138	-3.07562
6782.96	2.77603	-3.12322
6793.73	2.83053	3.11057
6804.49	2.88437	3.05935
6815.26	2.93693	3.00628
6826.03	2.98749	2.95137
6836.79	3.03528	2.89464
6847.56	3.07946	2.83616
6858.33	3.11917	2.77603
6869.09	3.15352	2.71437
6879.86	3.18167	2.65138
6890.63	3.20286	2.58725
6901.39	3.21646	2.52224
6912.16	3.222	2.45662
6922.92	3.21919	2.39068
6933.69	3.20799	2.32473
6944.46	3.18858	2.25907
6955.22	3.16134	2.19401
6965.99	3.12687	2.1298
6976.76	3.08591	2.06669
6987.52	3.03927	2.00488
6998.29	2.98783	1.94452
7009.06	2.93244	1.88574
7019.82	2.87394	1.82865
7030.59	2.81314	1.77332
7041.36	2.75081	1.7198
7052.12	2.68767	1.66812
7062.89	2.62434	1.61826
7073.66	2.56139	1.5702
7084.42	2.49925	1.52387
7095.19	2.4383	1.47923
7105.96	2.37884	1.4362
7116.72	2.32107	1.39471
7127.49	2.26516	1.35466
7138.26	2.21123	1.31599
7149.02	2.15933	1.27861
7159.79	2.10952	1.24245
7170.56	2.0618	1.20742
7181.32	2.01616	1.17346
7192.09	1.97258	1.14049
7202.86	1.93101	1.10845
7213.62	1.8914	1.07727
7224.39	1.85371	1.04689
7235.16	1.81787	1.01727
7245.92	1.78381	0.988335
7256.69	1.75148	0.960046
7267.46	1.7208	0.932355
7278.22	1.69173	0.905217
7288.99	1.66418	0.878591
7299.76	1.63811	0.852439
7310.52	1.61345	0.826723
7321.29	1.59015	0.801409
7332.06	1.56815	0.776466
7342.82	1.5474	0.751862
7353.59	1.52785	0.727569
7364.36	1.50946	0.703561
7375.12	1.49217	0.67981
7385.89	1.47596	0.656293
7396.66	1.46078	0.632986
7407.42	1.44659	0.609869
7418.19	1.43336	0.586919
7428.96	1.42105	0.564116
7439.72	1.40965	0.541442
7450.49	1.39911	0.518877
7461.25	1.38942	0.496405
7472.02	1.38054	0.474007
7482.79	1.37246	0.451667
7493.55	1.36516	0.429369
7504.32	1.35861	0.407097
7515.09	1.3528	0.384835
7525.85	1.34771	0.362569
7536.62	1.34333	0.340284
7547.39	1.33964	0.317965
7558.15	1.33664	0.295598
7568.92	1.3343	0.273167
7579.69	1.33263	0.25066
7590.45	1.3316	0.228062
7601.22	1.33122	0.205358
7611.99	1.33148	0.182535
7622.75	1.33236	0.159577
7633.52	1.33387	0.136472
7644.29	1.336	0.113204
7655.05	1.33874	0.0897579
7665.82	1.34209	0.0661199
7676.59	1.34605	0.0422745
7687.35	1.35061	0.0182063
7698.12	1.35578	-0.00610026
7708.89	1.36154	-0.0306612
7719.65	1.36791	-0.0554927
7730.42	1.37487	-0.0806116
7741.19	1.38242	-0.106035
7751.95	1.39056	-0.131779
7762.72	1.39929	-0.157864
7773.49	1.4086	-0.184306
7784.25	1.41849	-0.211124
7795.02	1.42895	-0.238338
7805.79	1.43998	-0.265967
7816.55	1.45157	-0.294031
7827.32	1.4637	-0.322551
7838.09	1.47637	-0.351546
7848.85	1.48955	-0.381039
7859.62	1.50324	-0.41105
7870.39	1.51741	-0.441602
7881.15	1.53203	-0.472715
7891.92	1.54708	-0.504411
7902.69	1.56252	-0.536712
7913.45	1.57831	-0.56964
7924.22	1.59441	-0.603215
7934.99	1.61075	-0.637458
7945.75	1.6273	-0.672388
7956.52	1.64396	-0.708024
7967.29	1.66068	-0.744382
7978.05	1.67736	-0.781478
7988.82	1.69391	-0.819325
7999.58	1.71023	-0.857933
8010.35	1.72619	-0.897309
8021.12	1.74168	-0.937457
8031.88	1.75655	-0.978377
8042.65	1.77065	-1.02006
8053.42	1.78383	-1.06251
8064.18	1.79591	-1.10569
8074.95	1.80673	-1.1496
8085.72	1.81608	-1.19419
8096.48	1.82379	-1.23942
8107.25	1.82965	-1.28527
8118.02	1.83347	-1.33166
8128.78	1.83504	-1.37853
8139.55	1.83416	-1.42581
8150.32	1.83064	-1.4734
8161.08	1.8243	-1.52122
8171.85	1.81496	-1.56913
8182.62	1.80244	-1.61701
8193.38	1.7866	-1.66472
8204.15	1.7673	-1.71209
8214.92	1.7444	-1.75892
8225.68	1.71781	-1.80498
8236.45	1.68745	-1.85003
8247.22	1.65323	-1.89374
8257.98	1.61513	-1.93575
8268.75	1.57314	-1.97559
8279.52	1.52731	-2.01271
8290.28	1.47775	-2.04638
8301.05	1.42468	-2.07571
8311.82	1.36849	-2.0995
8322.58	1.30982	-2.11625
8333.35	1.2497	-2.12401
8344.12	1.18979	-2.12034
8354.88	1.13264	-2.10235
8365.65	1.08213	-2.067
8376.42	1.04389	-2.01201
8387.18	1.02546	-1.93756
8397.95	1.03575	-1.84855
8408.72	1.08347	-1.7556
8419.48	1.17489	-1.67277
8430.25	1.31229	-1.61249
8441.02	1.49404	-1.58193
8451.78	1.71534	-1.5828
8462.55	1.96881	-1.6133
8473.32	2.24447	-1.66994
8484.08	2.52966	-1.74857
8494.85	2.80958	-1.84473
8505.62	3.0689	-1.95378
8516.38	3.29416	-2.07112
8527.15	3.47613	-2.19246
8537.92	3.6111	-2.31416
8548.68	3.70061	-2.43346
8559.45	3.74988	-2.54855
8570.21	3.76599	-2.65848
8580.98	3.75624	-2.76292
8591.75	3.72716	-2.86203
8602.51	3.6841	-2.95621
8613.28	3.63115	-3.04601
8624.05	3.57124	-3.13203
8634.81	3.50638	3.06836
8645.58	3.43786	2.98823
8656.35	3.3664	2.91028
8667.11	3.29231	2.83409
8677.88	3.2156	2.7593
8688.65	3.13608	2.68559
8699.41	3.05339	2.61273
8710.18	2.96708	2.54053
8720.95	2.87661	2.46886
8731.71	2.78145	2.39766
8742.48	2.68105	2.32694
8753.25	2.57491	2.25675
8764.01	2.46256	2.18727
8774.78	2.34366	2.11875
8785.55	2.21794	2.05156
8796.31	2.08531	1.98624
8807.08	1.94581	1.92352
8817.85	1.79971	1.86441
8828.61	1.64746	1.81036
8839.38	1.48982	1.76344
8850.15	1.32794	1.72677
8860.91	1.16355	1.70524
8871.68	0.999399	1.70684
8882.45	0.840263	1.74501
8893.21	0.695001	1.8422
8903.98	0.580514	2.02949
8914.75	0.524567	2.31881
8925.51	0.55229	2.63993
8936.28	0.659293	2.88473
8947.05	0.820554	3.02687
8957.81	1.01577	3.09375
8968.58	1.23419	3.11306
8979.35	1.47091	3.10228
8990.11	1.72409	3.07149
9000.88	1.99344	3.02651
9011.65	2.27952	2.97066
9022.41	2.58331	2.90585
9033.18	2.90585	2.83308
9043.95	3.24789	2.75275
9054.71	3.60946	2.6649
9065.48	3.98924	2.5693
9076.25	4.3838	2.46561
9087.01	4.78663	2.35348
9097.78	5.18731	2.23276
9108.54	5.57096	2.10367
9119.31	5.91874	1.96698
9130.08	6.2099	1.82419
9140.84	6.42536	1.67754
9151.61	6.55207	1.52978
9162.38	6.58637	1.38388
9173.14	6.53459	1.2425
9183.91	6.41076	1.10774
9194.68	6.23269	0.98088
9205.44	6.01817	0.862507
9216.21	5.78274	0.752653
9226.98	5.53871	0.650971
9237.74	5.29511	0.556874
9248.51	5.05804	0.469654
9259.28	4.83126	0.388566
9270.04	4.61681	0.312895
9280.81	4.41558	0.241977
9291.58	4.22767	0.175219
9302.34	4.05272	0.112098
9313.11	3.8901	0.0521585
9323.88	3.73902	-0.0049946
9334.64	3.59866	-0.0597034
9345.41	3.4682	-0.112263
9356.18	3.34681	-0.16293
9366.94	3.23374	-0.211924
9377.71	3.1283	-0.259439
9388.48	3.02982	-0.305641
9399.24	2.93771	-0.350677
9410.01	2.85144	-0.394674
9420.78	2.77051	-0.437745
9431.54	2.69448	-0.479989
9442.31	2.62295	-0.521494
9453.08	2.55555	-0.562335
9463.84	2.49195	-0.602583
9474.61	2.43186	-0.642298
9485.38	2.375	-0.681535
9496.14	2.32112	-0.720342
9506.91	2.27001	-0.758762
9517.68	2.22146	-0.796834
9528.44	2.17529	-0.834594
9539.21	2.13132	-0.872071
9549.98	2.0894	-0.909295
9560.74	2.0494	-0.94629
9571.51	2.01118	-0.983079
9582.28	1.97462	-1.01968
9593.04	1.93963	-1.05612
9603.81	1.90609	-1.0924
9614.58	1.87393	-1.12855
9625.34	1.84306	-1.16457
9636.11	1.8134	-1.20048
9646.88	1.78489	-1.23629
9657.64	1.75746	-1.27201
9668.41	1.73106	-1.30765
9679.17	1.70563	-1.34321
9689.94	1.68113	-1.37871
9700.71	1.65752	-1.41415
9711.47	1.63476	-1.44954
9722.24	1.61281	-1.48489
9733.01	1.59164	-1.5202
9743.77	1.57122	-1.55548
9754.54	1.55154	-1.59074
9765.31	1.53256	-1.62599
9776.07	1.51428	-1.66124
9786.84	1.49667	-1.6965
9797.61	1.47972	-1.73178
9808.37	1.46342	-1.7671
9819.14	1.44777	-1.80247
9829.91	1.43274	-1.83791
9840.67	1.41835	-1.87344
9851.44	1.40458	-1.90909
9862.21	1.39143	-1.94489
9872.97	1.37889	-1.98086
9883.74	1.36698	-2.01704
9894.51	1.35567	-2.05349
9905.27	1.34496	-2.09025
9916.04	1.33485	-2.12739
9926.81	1.32531	-2.16498
9937.57	1.31633	-2.2031
9948.34	1.30786	-2.24186
9959.11	1.29985	-2.28136
9969.87	1.29221	-2.32174
9980.64	1.28482	-2.36316
9991.41	1.27748	-2.40578
10002.2	1.26994	-2.44978
10012.9	1.26181	-2.49535
10023.7	1.25257	-2.54261
10034.5	1.24153	-2.5916
10045.2	1.22782	-2.64218
10056	1.21048	-2.69382
10066.8	1.18868	-2.74544
10077.5	1.16221	-2.7953
10088.3	1.13215	-2.84111
10099.1	1.10128	-2.88085
10109.8	1.07369	-2.91405
10120.6	1.05317	-2.94293
10131.4	1.04123	-2.97198
10142.1	1.03629	-3.00615
10152.9	1.03423	-3.04895
10163.7	1.02965	-3.1015
10174.4	1.01695	3.12083
10185.2	0.991603	3.05593
10196	0.951971	2.99408
10206.7	0.901201	2.94419
10217.5	0.847322	2.91391
10228.3	0.800268	2.90548
10239	0.767437	2.91373
10249.8	0.751168	2.92867
10260.6	0.749477	2.94054
10271.3	0.758414	2.94321
10282.1	0.774003	2.93432
10292.9	0.793075	2.91392
10303.6	0.813338	2.88305
10314.4	0.833153	2.84297
10325.2	0.851277	2.79485
10335.9	0.866678	2.73971
10346.7	0.878419	2.67846
10357.5	0.885625	2.61198
10368.2	0.887503	2.54123
10379	0.883411	2.46727
10389.8	0.872959	2.39133
10400.5	0.856095	2.3148
10411.3	0.833164	2.23912
10422.1	0.804901	2.16575
10432.8	0.77236	2.09605
10443.6	0.73679	2.03119
10454.4	0.699495	1.9721
10465.1	0.661706	1.91942
10475.9	0.624491	1.87352
10486.7	0.588711	1.83453
10497.4	0.555006	1.80235
10508.2	0.52382	1.7767
10519	0.49542	1.75715
10529.7	0.469941	1.74315
10540.5	0.44741	1.73406
10551.3	0.42778	1.72915
10562	0.410949	1.72762
10572.8	0.396778	1.72867
10583.6	0.385107	1.73147
10594.3	0.375763	1.7352
10605.1	0.368566	1.73909
10615.9	0.363339	1.74241
10626.6	0.359912	1.74451
10637.4	0.358119	1.7448
10648.2	0.357809	1.74278
10658.9	0.358839	1.738
10669.7	0.361076	1.73009
10680.5	0.364396	1.7187
10691.2	0.36868	1.70353
10702	0.373809	1.68431
10712.8	0.379661	1.66076
10723.5	0.386098	1.63262
10734.3	0.392967	1.59961
10745.1	0.400079	1.56146
10755.8	0.407206	1.51793
10766.6	0.414064	1.46876
10777.4	0.420308	1.41376
10788.1	0.425526	1.35285
10798.9	0.429242	1.28604
10809.7	0.430939	1.21358
10820.4	0.430095	1.13593
10831.2	0.426244	1.05385
10842	0.419046	0.968386
10852.7	0.408355	0.880851
10863.5	0.394265	0.792732
10874.3	0.377115	0.705576
10885	0.357444	0.620862
10895.8	0.335919	0.539892
10906.6	0.313243	0.463716
10917.3	0.290078	0.393115
10928.1	0.266992	0.328623
10938.9	0.244429	0.270578
10949.6	0.222714	0.219186
10960.4	0.202061	0.174595
10971.2	0.182594	0.13696
10981.9	0.164375	0.106505
10992.7	0.147414	0.0835884
11003.5	0.131698	0.0687663
11014.2	0.117195	0.062868
11025	0.103873	0.0670847
11035.8	0.0917064	0.0830755
11046.5	0.0806857	0.113079
11057.3	0.0708284	0.159993
11068.1	0.0621878	0.22731
11078.8	0.0548617	0.318669
11089.6	0.0489919	0.436618
11100.4	0.0447416	0.580319
11111.1	0.0422376	0.742971
11121.9	0.0414892	0.91158
11132.7	0.0423404	1.07116
11143.4	0.044504	1.21067
11154.2	0.0476514	1.3257
11165	0.0514889	1.41697
11175.7	0.0557894	1.48776
11186.5	0.0603917	1.54188
11197.3	0.0651872	1.5828
11208	0.0701061	1.61338
11218.8	0.0751055	1.63589
11229.6	0.080162	1.65205
11240.3	0.0852658	1.66322
11251.1	0.0904181	1.67042
11261.9	0.0956283	1.67444
11272.6	0.100914	1.67589
11283.4	0.106298	1.67524
11294.2	0.111814	1.67281
11304.9	0.117498	1.66883
11315.7	0.123397	1.66342
11326.5	0.129562	1.65658
11337.2	0.136047	1.64822
11348	0.142908	1.63813
11358.8	0.150195	1.62601
11369.5	0.157941	1.61148
11380.3	0.166158	1.59414
11391.1	0.174821	1.57365
11401.8	0.183867	1.54977
11412.6	0.193197	1.52247
11423.4	0.202689	1.49193
11434.1	0.212217	1.45856
11444.9	0.221671	1.4229
11455.7	0.230979	1.38556
11466.4	0.240113	1.34711
11477.2	0.249084	1.30802
11488	0.257941	1.26862
11498.7	0.266753	1.22911
11509.5	0.275602	1.18955
11520.3	0.284574	1.14992
11531	0.293756	1.1101
11541.8	0.30323	1.06995
11552.6	0.313077	1.02926
11563.3	0.323375	0.987792
11574.1	0.334198	0.945291
11584.9	0.345623	0.901464
11595.6	0.357726	0.855983
11606.4	0.370583	0.808477
11617.2	0.38427	0.758514
11627.9	0.398858	0.705592
11638.7	0.414406	0.64911
11649.5	0.430951	0.588351
11660.2	0.448483	0.522443
11671	0.466908	0.450338
11681.8	0.485986	0.370776
11692.5	0.505237	0.282283
11703.3	0.523796	0.1832
11714.1	0.54023	0.0718298
11724.8	0.552345	-0.0532578
11735.6	0.557129	-0.192643
11746.4	0.551067	-0.345216
11757.1	0.531086	-0.507318
11767.9	0.49598	-0.672423
11778.7	0.44748	-0.831888
11789.4	0.389949	-0.976525
11800.2	0.328792	-1.09785
11811	0.268789	-1.18784
11821.7	0.213343	-1.23672
11832.5	0.164744	-1.22879
11843.3	0.125063	-1.13664
11854	0.0973575	-0.923797
11864.8	0.0857012	-0.597166
11875.6	0.0906853	-0.277186
11886.3	0.106609	-0.067732
11897.1	0.127385	0.0389443
11907.9	0.149711	0.0800813
11918.6	0.172115	0.0813717
11929.4	0.1939	0.0569976
11940.2	0.214625	0.0145185
11950.9	0.233844	-0.0419963
11961.7	0.250964	-0.110213
11972.5	0.265161	-0.188427
11983.2	0.27538	-0.274683
11994	0.280481	-0.365981
12004.8	0.279584	-0.457658
12015.5	0.272554	-0.543281
12026.3	0.260367	-0.615393
12037.1	0.245051	-0.667127
12047.8	0.22915	-0.694177
12058.6	0.215003	-0.69633
12069.4	0.204211	-0.67783
12080.1	0.197454	-0.646196
12090.9	0.194617	-0.609845
12101.7	0.195089	-0.575749
12112.4	0.198067	-0.548254
12123.2	0.202777	-0.529206
12134	0.208575	-0.518739
12144.7	0.214971	-0.516086
12155.5	0.22161	-0.520139
12166.3	0.228244	-0.529771
12177	0.234696	-0.543965
12187.8	0.240846	-0.561868
12198.6	0.246605	-0.582784
12209.3	0.251904	-0.606159
12220.1	0.256688	-0.631555
12230.9	0.260909	-0.65863
12241.6	0.264516	-0.687117
12252.4	0.267458	-0.716811
12263.2	0.269676	-0.747556
12273.9	0.271104	-0.779235
12284.7	0.271663	-0.811761
12295.5	0.271258	-0.845074
12306.2	0.269777	-0.879133
12317	0.267084	-0.913911
12327.8	0.263016	-0.949393
12338.5	0.257377	-0.985562
12349.3	0.249928	-1.02239
12360.1	0.240381	-1.05983
12370.8	0.228387	-1.09776
12381.6	0.213519	-1.13592
12392.4	0.19526	-1.17375
12403.1	0.172983	-1.21005
12413.9	0.14593	-1.24193
12424.7	0.113216	-1.26135
12435.4	0.0739405	-1.23771
12446.2	0.0290049	-0.912354
12457	0.0384307	1.10361
12467.7	0.106343	1.32638
12478.5	0.19059	1.32248
12489.3	0.292422	1.27378
12500	0.415053	1.20546
12510.8	0.562697	1.12424
12521.6	0.740736	1.03189
12532.3	0.955833	0.927945
12543.1	1.21552	0.810504
12553.9	1.52669	0.676816
12564.6	1.89232	0.524079
12575.4	2.3065	0.35063
12586.2	2.74948	0.157382
12596.9	3.18784	-0.0511298
12607.7	3.58434	-0.267203
12618.5	3.9135	-0.482342
12629.2	4.17035	-0.690205
12640	4.36587	-0.888165
12650.8	4.51572	-1.07696
12661.5	4.63098	-1.25933
12672.3	4.71379	-1.43863
12683.1	4.75684	-1.61762
12693.8	4.74574	-1.79758
12704.6	4.6646	-1.97766
12715.4	4.50387	-2.15466
12726.1	4.26724	-2.3238
12736.9	3.9727	-2.4799
12747.7	3.64669	-2.61885
12758.4	3.31559	-2.73829
12769.2	2.99966	-2.83765
12780	2.71134	-2.91759
12790.7	2.45647	-2.97956
12801.5	2.23638	-3.02535
12812.3	2.04989	-3.05685
12823	1.89456	-3.07603
12833.8	1.76756	-3.08485
12844.6	1.666	-3.08529
12855.3	1.58717	-3.07933
12866.1	1.52859	-3.06893
12876.9	1.488	-3.05594
12887.6	1.46336	-3.04206
12898.4	1.45285	-3.02876
12909.2	1.45486	-3.01724
12919.9	1.46798	-3.00841
12930.7	1.49098	-3.00293
12941.5	1.52282	-3.00124
12952.2	1.56262	-3.00355
12963	1.60967	-3.00998
12973.8	1.66335	-3.02049
12984.5	1.72321	-3.03501
12995.3	1.78885	-3.05341
13006.1	1.85998	-3.07556
13016.8	1.93634	-3.10131
13027.6	2.01775	-3.13051
13038.4	2.10403	3.12016
13049.1	2.19501	3.08443
13059.9	2.29052	3.04561
13070.7	2.39036	3.00379
13081.4	2.49429	2.95906
13092.2	2.60203	2.91151
13103	2.71324	2.86121
13113.7	2.82752	2.80824
13124.5	2.94439	2.75271
13135.3	3.06331	2.6947
13146	3.18367	2.63431
13156.8	3.30482	2.57165
13167.6	3.42603	2.50686
13178.3	3.54659	2.44006
13189.1	3.66574	2.3714
13199.9	3.78277	2.30102
13210.6	3.89699	2.22907
13221.4	4.00779	2.15569
13232.2	4.11464	2.08103
13242.9	4.21713	2.00521
13253.7	4.31493	1.92834
13264.5	4.4078	1.85047
13275.2	4.49556	1.77164
13286	4.57797	1.69186
13296.8	4.65471	1.61109
13307.5	4.72538	1.52929
13318.3	4.78949	1.44644
13329.1	4.84648	1.36246
13339.8	4.89568	1.27731
13350.6	4.93629	1.1909
13361.4	4.96735	1.10317
13372.1	4.98769	1.01404
13382.9	4.99595	0.923473
13393.7	4.99065	0.831463
13404.4	4.97021	0.738049
13415.2	4.93308	0.643328
13426	4.87786	0.547467
13436.7	4.80344	0.450697
13447.5	4.7091	0.353319
13458.3	4.59467	0.255685
13469	4.46056	0.158186
13479.8	4.30779	0.0612269
13490.6	4.13786	-0.0347978
13501.3	3.95268	-0.129528
13512.1	3.75432	-0.222662
13522.9	3.54489	-0.313964
13533.6	3.32626	-0.403278
13544.4	3.09993	-0.490511
13555.2	2.86688	-0.575615
13565.9	2.62743	-0.658533
13576.7	2.38122	-0.7391
13587.5	2.12713	-0.816849
13598.2	1.86333	-0.890603
13609	1.58744	-0.957514
13619.8	1.29709	-1.01059
13630.5	0.991683	-1.03103
13641.3	0.679368	-0.958946
13652.1	0.415811	-0.566699
13662.8	0.43369	0.302207
13673.6	0.75868	0.661687
13684.4	1.16887	0.682836
13695.1	1.58378	0.595291
13705.9	1.9618	0.46582
13716.7	2.27482	0.321666
13727.4	2.51025	0.177457
13738.2	2.67082	0.0413436
13749	2.76907	-0.0828465
13759.7	2.82079	-0.194112
13770.5	2.84058	-0.293054
13781.3	2.84001	-0.381011
13792	2.82752	-0.459541
13802.8	2.80895	-0.530157
13813.5	2.78824	-0.594218
13824.3	2.76798	-0.652903
13835.1	2.74987	-0.70721
13845.8	2.73501	-0.757987
13856.6	2.7241	-0.805955
13867.4	2.71763	-0.85173
13878.1	2.71589	-0.895848
13888.9	2.71914	-0.938784
13899.7	2.72755	-0.980964
13910.4	2.74132	-1.02279
13921.2	2.76065	-1.06465
13932	2.78581	-1.10695
13942.7	2.81708	-1.15014
13953.5	2.85474	-1.19473
13964.3	2.89895	-1.24133
13975	2.94965	-1.29068
13985.8	3.00634	-1.34364
13996.6	3.06774	-1.40122
14007.3	3.1314	-1.46456
14018.1	3.19294	-1.53485
14028.9	3.24519	-1.61318
14039.6	3.27744	-1.70013
14050.4	3.27553	-1.7951
14061.2	3.22428	-1.8954
14071.9	3.11339	-1.99549
14082.7	2.94493	-2.08714
14093.5	2.73707	-2.1612
14104.2	2.51909	-2.21052
14115	2.32058	-2.23251
14125.8	2.16238	-2.23008
14136.5	2.05353	-2.21043
14147.3	1.99328	-2.18253
14158.1	1.97509	-2.15437
14168.8	1.9904	-2.13147
14179.6	2.03108	-2.11667
14190.4	2.09052	-2.11087
14201.1	2.16383	-2.11387
14211.9	2.24759	-2.12494
14222.7	2.33952	-2.14325
14233.4	2.43809	-2.16801
14244.2	2.54231	-2.19857
14255	2.65149	-2.23443
14265.7	2.76507	-2.27522
14276.5	2.88254	-2.3207
14287.3	3.00333	-2.37071
14298	3.12669	-2.42515
14308.8	3.25161	-2.484
14319.6	3.37678	-2.54723
14330.3	3.50049	-2.61483
14341.1	3.6206	-2.68673
14351.9	3.73454	-2.76285
14362.6	3.83933	-2.84299
14373.4	3.93173	-2.92684
14384.2	4.00842	-3.01399
14394.9	4.06628	-3.10386
14405.7	4.10268	3.0874
14416.5	4.11583	2.99423
14427.2	4.10497	2.90065
14438	4.07048	2.80753
14448.8	4.01385	2.71567
14459.5	3.93748	2.62579
14470.3	3.8444	2.5385
14481.1	3.73793	2.45425
14491.8	3.62138	2.37336
14502.6	3.49787	2.296
14513.4	3.37012	2.22226
14524.1	3.2404	2.15212
14534.9	3.1105	2.0855
14545.7	2.98178	2.0223
14556.4	2.85521	1.96237
14567.2	2.7314	1.9056
14578	2.61072	1.85185
14588.7	2.49329	1.80104
14599.5	2.37909	1.75311
14610.3	2.26796	1.70806
14621	2.15965	1.66596
14631.8	2.05387	1.62697
14642.6	1.95029	1.59137
14653.3	1.84861	1.55958
14664.1	1.74858	1.53224
14674.9	1.65008	1.51024
14685.6	1.55319	1.49485
14696.4	1.45839	1.48778
14707.2	1.3667	1.49134
14717.9	1.28005	1.50844
14728.7	1.20172	1.54248
14739.5	1.13683	1.59664
14750.2	1.09267	1.67227
14761	1.07839	1.76629
14771.8	1.1032	1.86896
14782.5	1.17363	1.96528
14793.3	1.29123	2.04064
14804.1	1.45247	2.0862
14814.8	1.65039	2.09999
14825.6	1.87618	2.08465
14836.4	2.12032	2.04478
14847.1	2.37328	1.98542
14857.9	2.62618	1.91126
14868.7	2.87157	1.82638
14879.4	3.10391	1.73409
14890.2	3.31981	1.63696
14901	3.51784	1.53682
14911.7	3.69808	1.43483
14922.5	3.86148	1.3316
14933.3	4.00923	1.22732
14944	4.14217	1.12181
14954.8	4.2603	1.0147
14965.6	4.36241	0.905538
14976.3	4.44586	0.793873
14987.1	4.50656	0.679415
14997.9	4.53921	0.562149
15008.6	4.53801	0.442465
15019.4	4.49763	0.321245
15030.2	4.41461	0.199895
15040.9	4.28856	0.0802713
15051.7	4.12287	-0.0354779
15062.5	3.92452	-0.145137
15073.2	3.70301	-0.246641
15084	3.46889	-0.338233
15094.8	3.23239	-0.418524
15105.5	3.00244	-0.486484
15116.3	2.78637	-0.541393
15127.1	2.59004	-0.582814
15137.8	2.41821	-0.610652
15148.6	2.27501	-0.625318
15159.4	2.16431	-0.628047
15170.1	2.08978	-0.621281
15180.9	2.05472	-0.608987
15191.7	2.06147	-0.596642
15202.4	2.11052	-0.590704
15213.2	2.19956	-0.597626
15224	2.3224	-0.622752
15234.7	2.46817	-0.669427
15245.5	2.62096	-0.738461
15256.3	2.76116	-0.827918
15267	2.86909	-0.933335
15277.8	2.93039	-1.04853
15288.6	2.94025	-1.16693
15299.3	2.90371	-1.28294
15310.1	2.83213	-1.39282
15320.9	2.73846	-1.49469
15331.6	2.63398	-1.58817
15342.4	2.52696	-1.67381
15353.2	2.42279	-1.7526
15363.9	2.32455	-1.82568
15374.7	2.23379	-1.89421
15385.5	2.15105	-1.9592
15396.2	2.07632	-2.02161
15407	2.00924	-2.08224
15417.8	1.9493	-2.14182
15428.5	1.89593	-2.201
15439.3	1.84853	-2.26037
15450.1	1.80651	-2.32048
15460.8	1.76926	-2.38186
15471.6	1.73621	-2.44503
15482.4	1.70675	-2.51051
15493.1	1.68025	-2.57885
15503.9	1.65601	-2.6506
15514.7	1.63321	-2.72641
15525.4	1.61084	-2.80698
15536.2	1.58751	-2.89311
15547	1.56123	-2.98557
15557.7	1.52919	-3.08498
15568.5	1.48777	3.09191
15579.3	1.43317	2.9801
15590	1.36292	2.8661
15600.8	1.278	2.75516
15611.6	1.1839	2.65321
15622.3	1.08916	2.56456
15633.1	1.002	2.49004
15643.9	0.927494	2.42673
15654.6	0.866872	2.36938
15665.4	0.818552	2.31227
15676.2	0.779526	2.25055
15686.9	0.746386	2.18075
15697.7	0.715817	2.10073
15708.5	0.68475	2.00955
15719.2	0.650433	1.90742
15730	0.610601	1.79597
15740.8	0.563884	1.67866
15751.5	0.51035	1.56115
15762.3	0.451884	1.45119
15773.1	0.392004	1.35797
15783.8	0.335026	1.29076
15794.6	0.28498	1.257
15805.4	0.244783	1.2596
15816.1	0.215803	1.29385
15826.9	0.19775	1.34613
15837.7	0.188925	1.39813
15848.4	0.18689	1.4346
15859.2	0.189278	1.448
15870	0.194276	1.43741
15880.7	0.200704	1.40528
15891.5	0.207882	1.35492
15902.3	0.215457	1.28937
15913	0.223265	1.21108
15923.8	0.231234	1.12197
15934.6	0.239345	1.02362
15945.3	0.247614	0.917403
15956.1	0.256089	0.804428
15966.9	0.264828	0.685574
15977.6	0.273866	0.56149
15988.4	0.283182	0.432679
15999.2	0.29269	0.299584
16009.9	0.302225	0.162661
16020.7	0.311557	0.0224253
16031.5	0.320391	-0.120527
16042.2	0.328391	-0.265499
16053	0.335204	-0.411693
16063.8	0.340483	-0.55822
16074.5	0.343928	-0.704117
16085.3	0.345304	-0.848373
16096.1	0.344469	-0.989959
16106.8	0.341385	-1.12786
16117.6	0.336117	-1.26109
16128.4	0.328826	-1.38872
16139.1	0.319748	-1.50988
16149.9	0.309191	-1.62368
16160.7	0.297526	-1.72927
16171.4	0.285197	-1.82589
16182.2	0.272698	-1.913
16193	0.260517	-1.99054
16203.7	0.249065	-2.05904
16214.5	0.238615	-2.11955
16225.3	0.229276	-2.17345
16236	0.22102	-2.22218
16246.8	0.213725	-2.26699
16257.6	0.207226	-2.30887
16268.3	0.201352	-2.34846
16279.1	0.195954	-2.38616
16289.9	0.190906	-2.42215
16300.6	0.186114	-2.45648
16311.4	0.181509	-2.48912
16322.2	0.17704	-2.51997
16332.9	0.172673	-2.5489
16343.7	0.168387	-2.57576
16354.5	0.16417	-2.60036
16365.2	0.160017	-2.6225
16376	0.155934	-2.64192
16386.8	0.151931	-2.65835
16397.5	0.14803	-2.67146
16408.3	0.144263	-2.68089
16419.1	0.140677	-2.68624
16429.8	0.137336	-2.68707
16440.6	0.134327	-2.68301
16451.4	0.131768	-2.67372
16462.1	0.129808	-2.65911
16472.9	0.128634	-2.63943
16483.7	0.128468	-2.6155
16494.4	0.12956	-2.58895
16505.2	0.132163	-2.56235
16516	0.136488	-2.53919
16526.7	0.142652	-2.52364
16537.5	0.150596	-2.51996
16548.3	0.160011	-2.53182
16559	0.170261	-2.56166
16569.8	0.180378	-2.61013
16580.6	0.189142	-2.67577
16591.3	0.195305	-2.75515
16602.1	0.197899	-2.8434
16612.9	0.196484	-2.93516
16623.6	0.191204	-3.02557
16634.4	0.182626	-3.11091
16645.2	0.171483	3.09436
16655.9	0.158473	3.02522
16666.7	0.144141	2.96564
16677.5	0.128866	2.91637
16688.2	0.112877	2.87885
16699	0.0963028	2.8561
16709.8	0.0792313	2.85491
16720.5	0.0618052	2.89131
16731.3	0.0444984	3.0086
16742.1	0.0292994	-2.94163
16752.8	0.0242045	-2.17513
16763.6	0.0365208	-1.55112
16774.4	0.0576643	-1.31471
16785.1	0.0827512	-1.22854
16795.9	0.110771	-1.20114
16806.7	0.141643	-1.20184
16817.4	0.175559	-1.21841
16828.2	0.212832	-1.24529
16839	0.253842	-1.27972
16849.7	0.299013	-1.32031
16860.5	0.348789	-1.36644
16871.3	0.403601	-1.41791
16882	0.463811	-1.47479
16892.8	0.529616	-1.53733
16903.6	0.60091	-1.60579
16914.3	0.677103	-1.68034
16925.1	0.756925	-1.7608
16935.9	0.838336	-1.84641
16946.6	0.918655	-1.93569
16957.4	0.994936	-2.02645
16968.2	1.06442	-2.11598
16978.9	1.12488	-2.2012
16989.7	1.17487	-2.27849
17000.5	1.21439	-2.34327
17011.2	1.24638	-2.38952
17022	1.28025	-2.41028
17032.8	1.33683	-2.40199
17043.5	1.44887	-2.3738
17054.3	1.64866	-2.35172
17065.1	1.94815	-2.36412
17075.8	2.33142	-2.42302
17086.6	2.764	-2.52347
17097.4	3.20641	-2.65319
17108.1	3.62468	-2.79962
17118.9	3.99669	-2.95262
17129.7	4.3137	-3.10511
17140.4	4.57782	3.03036
17151.2	4.79763	2.8895
17162	4.98399	2.75604
17172.7	5.14745	2.62958
17183.5	5.29682	2.50919
17194.3	5.4386	2.39368
17205	5.57674	2.28177
17215.8	5.71243	2.17222
17226.6	5.84403	2.064
17237.3	5.96722	1.9564
17248.1	6.07532	1.84925
17258.9	6.16036	1.74303
17269.6	6.21528	1.63916
17280.4	6.23775	1.53998
17291.2	6.23541	1.44852
17301.9	6.22997	1.36741
17312.7	6.2562	1.29719
17323.5	6.35259	1.23472
17334.2	6.54583	1.17322
17345	6.83836	1.10469
17355.8	7.2064	1.02313
17366.5	7.60819	0.926187
17377.3	7.99607	0.814934
17388.1	8.32724	0.69265
17398.8	8.57147	0.563569
17409.6	8.71488	0.431938
17420.4	8.75928	0.301395
17431.1	8.71821	0.174652
17441.9	8.61135	0.0534276
17452.7	8.45961	-0.0614342
17463.4	8.28178	-0.169761
17474.2	8.09308	-0.271839
17485	7.90488	-0.36823
17495.7	7.72517	-0.459646
17506.5	7.55922	-0.546857
17517.3	7.41029	-0.630645
17528	7.28021	-0.711774
17538.8	7.16978	-0.790987
17549.6	7.07911	-0.868999
17560.3	7.0078	-0.946505
17571.1	6.95503	-1.02419
17581.9	6.91958	-1.10272
17592.6	6.89979	-1.18277
17603.4	6.89347	-1.26503
17614.2	6.89768	-1.35014
17624.9	6.90863	-1.43876
17635.7	6.92138	-1.53149
17646.5	6.92969	-1.62883
17657.2	6.92598	-1.73115
17668	6.9015	-1.83855
17678.8	6.84691	-1.95086
17689.5	6.7533	-2.06746
17700.3	6.61361	-2.18733
17711.1	6.42414	-2.30905
17721.8	6.18568	-2.43089
17732.6	5.90374	-2.551
17743.4	5.58775	-2.66766
17754.1	5.24934	-2.77937
17764.9	4.90053	-2.88506
17775.7	4.55208	-2.98404
17786.4	4.21263	-3.076
17797.2	3.88834	3.12229
17808	3.58312	3.04429
17818.7	3.29898	2.97292
17829.5	3.03658	2.90788
17840.3	2.79564	2.84886
17851	2.57533	2.79565
17861.8	2.37456	2.74808
17872.6	2.19217	2.70606
17883.3	2.0271	2.66958
17894.1	1.87846	2.63867
17904.9	1.7456	2.61332
17915.6	1.62807	2.59341
17926.4	1.52555	2.57854
17937.2	1.43769	2.56794
17947.9	1.36392	2.56034
17958.7	1.30317	2.55408
17969.5	1.25381	2.54728
17980.2	1.21367	2.53824
17991	1.18028	2.52574
18001.8	1.15121	2.50921
18012.5	1.12439	2.48876
18023.3	1.09827	2.46495
18034.1	1.0719	2.43862
18044.8	1.04482	2.41065
18055.6	1.01696	2.38187
18066.4	0.98847	2.35297
18077.1	0.959622	2.32449
18087.9	0.930719	2.29681
18098.7	0.902043	2.27021
18109.4	0.873834	2.24488
18120.2	0.846278	2.22095
18131	0.819513	2.19851
18141.7	0.793636	2.17766
18152.5	0.768713	2.15849
18163.3	0.744787	2.14109
18174	0.721892	2.12561
18184.8	0.700061	2.11221
18195.6	0.679336	2.10111
18206.3	0.659785	2.09258
18217.1	0.641513	2.08695
18227.9	0.624691	2.08461
18238.6	0.609578	2.08602
18249.4	0.596567	2.09163
18260.2	0.586236	2.10187
18270.9	0.579413	2.11691
18281.7	0.577238	2.13647
18292.5	0.581201	2.15938
18303.2	0.593081	2.18305
18314	0.614678	2.20314
18324.8	0.647216	2.21359
18335.5	0.69038	2.20771
18346.3	0.741235	2.18015
18357.1	0.793803	2.12919
18367.8	0.840258	2.05803
18378.6	0.873818	1.97394
18389.4	0.891528	1.88553
18400.1	0.89474	1.79984
18410.9	0.88734	1.72098
18421.7	0.873598	1.65035
18432.4	0.85694	1.58764
18443.2	0.839673	1.53171
18454	0.82317	1.48118
18464.7	0.808163	1.43471
18475.5	0.79498	1.39109
18486.3	0.783708	1.34926
18497	0.774279	1.3083
18507.8	0.76652	1.26738
18518.6	0.760162	1.22577
18529.3	0.754836	1.18281
18540.1	0.750057	1.13797
18550.9	0.74523	1.0909
18561.6	0.73967	1.0415
18572.4	0.732685	0.990057
18583.2	0.723695	0.937218
18593.9	0.712383	0.88399
18604.7	0.698798	0.831549
18615.5	0.683359	0.781002
18626.2	0.666741	0.733156
18637	0.649697	0.688388
18647.8	0.632892	0.646651
18658.5	0.616808	0.607585
18669.3	0.601721	0.570659
18680.1	0.587728	0.535302
18690.8	0.574796	0.500992
18701.6	0.56282	0.467308
18712.4	0.551657	0.43394
18723.1	0.54116	0.40069
18733.9	0.531201	0.36745
18744.7	0.521686	0.334175
18755.4	0.512558	0.300832
18766.2	0.503794	0.267345
18777	0.495369	0.233526
18787.7	0.487201	0.199058
18798.5	0.479077	0.163595
18809.3	0.470644	0.127012
18820	0.46151	0.0896627
18830.8	0.451415	0.0524203
18841.6	0.440342	0.0164438
18852.3	0.428506	-0.017118
18863.1	0.416264	-0.0472993
18873.9	0.404049	-0.0733582
18884.6	0.392329	-0.0947814
18895.4	0.381603	-0.111323
18906.2	0.372393	-0.123105
18916.9	0.365224	-0.130768
18927.7	0.360587	-0.135619
18938.5	0.35886	-0.1397
18949.2	0.360218	-0.145698
18960	0.36453	-0.15662
18970.8	0.371287	-0.175299
18981.5	0.379588	-0.203846
18992.3	0.388215	-0.243226
19003.1	0.395794	-0.293095
19013.8	0.401029	-0.351905
19024.6	0.402935	-0.417244
19035.4	0.401001	-0.486296
19046.1	0.395226	-0.556298
19056.9	0.38603	-0.624876
19067.7	0.374086	-0.690222
19078.4	0.360157	-0.75111
19089.2	0.34497	-0.80682
19100	0.329142	-0.857011
19110.7	0.313164	-0.901606
19121.5	0.297394	-0.940692
19132.3	0.282082	-0.974441
19143	0.267391	-1.00306
19153.8	0.253413	-1.02671
19164.6	0.2402	-1.04553
19175.3	0.227781	-1.05952
19186.1	0.216184	-1.06863
19196.9	0.205448	-1.07277
19207.6	0.195624	-1.07191
19218.4	0.186768	-1.06617
19229.2	0.178927	-1.05586
19239.9	0.172127	-1.04151
19250.7	0.166368	-1.02381
19261.5	0.161625	-1.00359
19272.2	0.157849	-0.981702
19283	0.154979	-0.958988
19293.8	0.152944	-0.936249
19304.5	0.151664	-0.914207
19315.3	0.151054	-0.893486
19326	0.151021	-0.874568
19336.8	0.151466	-0.857742
19347.6	0.152298	-0.84307
19358.3	0.153442	-0.830395
19369.1	0.154858	-0.81943
19379.9	0.156547	-0.809897
19390.6	0.158542	-0.801665
19401.4	0.160892	-0.794841
19412.2	0.163645	-0.789758
19422.9	0.166828	-0.786922
19433.7	0.170438	-0.786926
19444.5	0.174444	-0.79038
19455.2	0.178782	-0.797869
19466	0.183356	-0.809944
19476.8	0.188036	-0.827126
19487.5	0.192652	-0.849926
19498.3	0.196985	-0.878868
19509.1	0.20075	-0.914516
19519.8	0.203581	-0.95749
19530.6	0.20501	-1.00849
19541.4	0.20444	-1.06831
19552.1	0.201123	-1.13783
19562.9	0.194146	-1.21804
19573.7	0.18244	-1.31007
19584.4	0.164829	-1.41528
19595.2	0.140147	-1.53587
19606	0.107442	-1.67719
19616.7	0.0662992	-1.86194
19627.5	0.0184212	-2.39692
19638.3	0.0425989	1.37415
19649	0.105031	1.10068
19659.8	0.171832	0.930553
19670.6	0.241083	0.786769
19681.3	0.312014	0.658332
19692.1	0.384835	0.541262
19702.9	0.4604	0.432403
19713.6	0.539696	0.328695
19724.4	0.623398	0.22755
19735.2	0.711701	0.127233
19745.9	0.804432	0.0268999
19756.7	0.901292	-0.0736564
19767.5	1.00207	-0.174359
19778.2	1.10673	-0.275109
19789	1.2154	-0.37591
19799.8	1.32826	-0.476872
19810.5	1.44549	-0.57816
19821.3	1.5673	-0.679948
19832.1	1.69392	-0.78242
19842.8	1.82571	-0.885833
19853.6	1.96305	-0.990581
19864.4	2.10605	-1.09721
19875.1	2.25424	-1.20634
19885.9	2.40622	-1.31848
19896.7	2.55962	-1.43391
19907.4	2.71129	-1.55255
19918.2	2.85765	-1.67403
19929	2.99515	-1.79769
19939.7	3.12065	-1.92269
19950.5	3.23176	-2.04814
19961.3	3.32702	-2.17314
19972	3.40591	-2.29687
19982.8	3.46881	-2.41857
19993.6	3.51695	-2.53763
