num_points: 929
frequency_Hz  magnitude  phase_rad
0.1  6.17942e-05  1.28804
10.7666  0.0043376  1.50997
21.5332  0.00854615  1.51352
32.2998  0.0127463  1.50948
43.0664  0.016955  1.50296
53.833  0.0211825  1.49529
64.5996  0.025438  1.48701
75.3662  0.0297297  1.47839
86.1328  0.0340664  1.4696
96.8994  0.0384569  1.46071
107.666  0.0429104  1.45181
118.433  0.0474371  1.44292
129.199  0.0520475  1.43408
139.966  0.056753  1.42532
150.732  0.0615658  1.41663
161.499  0.066499  1.40804
172.266  0.0715667  1.39953
183.032  0.076784  1.39112
193.799  0.0821671  1.3828
204.565  0.0877335  1.37456
215.332  0.093502  1.3664
226.099  0.0994932  1.35831
236.865  0.105729  1.35028
247.632  0.112234  1.3423
258.398  0.119033  1.33436
269.165  0.126155  1.32644
279.932  0.133633  1.31855
290.698  0.141499  1.31066
301.465  0.149791  1.30277
312.231  0.158552  1.29485
322.998  0.167828  1.28691
333.765  0.17767  1.27892
344.531  0.188136  1.27088
355.298  0.19929  1.26276
366.064  0.211205  1.25455
376.831  0.223963  1.24625
387.598  0.237657  1.23782
398.364  0.252393  1.22925
409.131  0.268292  1.22052
419.897  0.285493  1.2116
430.664  0.304158  1.20248
441.431  0.324471  1.19312
452.197  0.346653  1.18349
462.964  0.370958  1.17356
473.73  0.397689  1.16326
484.497  0.427207  1.15256
495.264  0.459943  1.1414
506.03  0.496421  1.12969
516.797  0.537277  1.11735
527.563  0.583297  1.10427
538.33  0.635462  1.09031
549.097  0.695005  1.0753
559.863  0.763505  1.05902
570.63  0.843008  1.04118
581.396  0.936215  1.02141
592.163  1.04676  0.999186
602.93  1.17962  0.973819
613.696  1.3418  0.944304
624.463  1.54345  0.90918
635.229  1.79964  0.866225
645.996  2.13356  0.811923
656.763  2.58183  0.740428
667.529  3.20311  0.64151
678.296  4.08593  0.496473
689.063  5.31832  0.271656
699.829  6.73696  -0.0786087
710.596  7.39684  -0.54297
721.362  6.65635  -0.973608
732.129  5.4618  -1.27031
742.896  4.47815  -1.459
753.662  3.76763  -1.58335
764.429  3.25784  -1.67038
775.195  2.8839  -1.73481
785.962  2.60246  -1.78482
796.729  2.38571  -1.82518
807.495  2.21565  -1.85881
818.262  2.08029  -1.88759
829.028  1.97147  -1.91278
839.795  1.88345  -1.93526
850.562  1.81212  -1.95565
861.328  1.75452  -1.97442
872.095  1.70842  -1.9919
882.861  1.67219  -2.00838
893.628  1.6446  -2.02405
904.395  1.62473  -2.0391
915.161  1.61193  -2.05367
925.928  1.60574  -2.06788
936.694  1.60587  -2.08183
947.461  1.61216  -2.09563
958.228  1.62463  -2.10936
968.994  1.64341  -2.12312
979.761  1.66876  -2.13699
990.527  1.70113  -2.15107
1001.29  1.7411  -2.16545
1012.06  1.78949  -2.18026
1022.83  1.84737  -2.19562
1033.59  1.91609  -2.21168
1044.36  1.99747  -2.22865
1055.13  2.09384  -2.24675
1065.89  2.20828  -2.2663
1076.66  2.3449  -2.28769
1087.43  2.50929  -2.31146
1098.19  2.70914  -2.33835
1108.96  2.95537  -2.36942
1119.73  3.26385  -2.40624
1130.49  3.65833  -2.4512
1141.26  4.17545  -2.50814
1152.03  4.87328  -2.58354
1162.79  5.84397  -2.68896
1173.56  7.21991  -2.84599
1184.33  9.08627  -3.09371
1195.09  10.9425  2.80312
1205.86  11.0603  2.31638
1216.63  9.1895  1.90173
1227.39  7.14303  1.63007
1238.16  5.61857  1.45913
1248.93  4.55057  1.34597
1259.69  3.78945  1.26616
1270.46  3.22919  1.20665
1281.23  2.80348  1.16022
1291.99  2.47093  1.12263
1302.76  2.20498  1.09127
1313.53  1.98804  1.06444
1324.29  1.80811  1.04103
1335.06  1.65673  1.02023
1345.83  1.52781  1.00148
1356.59  1.41685  0.984372
1367.36  1.32046  0.968594
1378.13  1.23605  0.953909
1388.89  1.16159  0.940133
1399.66  1.09551  0.927121
1410.42  1.03651  0.914757
1421.19  0.983568  0.902947
1431.96  0.935848  0.891615
1442.72  0.892652  0.880698
1453.49  0.853403  0.870142
1464.26  0.817619  0.859904
1475.02  0.784889  0.849946
1485.79  0.754869  0.840237
1496.56  0.727261  0.830749
1507.32  0.70181  0.821458
1518.09  0.678296  0.812344
1528.86  0.656528  0.803389
1539.62  0.636339  0.794578
1550.39  0.617583  0.785896
1561.16  0.600131  0.777332
1571.92  0.58387  0.768875
1582.69  0.5687  0.760515
1593.46  0.55453  0.752243
1604.22  0.541282  0.744052
1614.99  0.528884  0.735935
1625.76  0.517273  0.727885
1636.52  0.506392  0.719897
1647.29  0.496188  0.711965
1658.06  0.486616  0.704085
1668.82  0.477633  0.696252
1679.59  0.469201  0.688462
1690.36  0.461287  0.680712
1701.12  0.453857  0.672998
1711.89  0.446885  0.665317
1722.66  0.440343  0.657666
1733.42  0.434208  0.650042
1744.19  0.428459  0.642443
1754.96  0.423076  0.634866
1765.72  0.418039  0.62731
1776.49  0.413334  0.619771
1787.26  0.408945  0.612248
1798.02  0.404858  0.604739
1808.79  0.40106  0.597242
1819.56  0.39754  0.589756
1830.32  0.394287  0.582278
1841.09  0.391292  0.574808
1851.86  0.388546  0.567343
1862.62  0.386041  0.559882
1873.39  0.383769  0.552424
1884.16  0.381725  0.544968
1894.92  0.379902  0.537511
1905.69  0.378296  0.530053
1916.46  0.376901  0.522592
1927.22  0.375713  0.515127
1937.99  0.37473  0.507657
1948.75  0.373948  0.50018
1959.52  0.373364  0.492696
1970.29  0.372978  0.485202
1981.05  0.372786  0.477698
1991.82  0.372788  0.470183
2002.59  0.372983  0.462654
2013.35  0.373372  0.455112
2024.12  0.373954  0.447554
2034.89  0.374731  0.439978
2045.65  0.375703  0.432385
2056.42  0.376872  0.424772
2067.19  0.378241  0.417138
2077.95  0.379811  0.409481
2088.72  0.381585  0.4018
2099.49  0.383569  0.394094
2110.25  0.385764  0.38636
2121.02  0.388177  0.378597
2131.79  0.390812  0.370803
2142.55  0.393675  0.362976
2153.32  0.396772  0.355115
2164.09  0.400111  0.347217
2174.85  0.403699  0.33928
2185.62  0.407544  0.331302
2196.39  0.411656  0.32328
2207.15  0.416046  0.315212
2217.92  0.420723  0.307096
2228.69  0.425701  0.298927
2239.45  0.430992  0.290704
2250.22  0.43661  0.282423
2260.99  0.442571  0.274081
2271.75  0.448892  0.265673
2282.52  0.455591  0.257196
2293.29  0.462688  0.248646
2304.05  0.470205  0.240018
2314.82  0.478165  0.231306
2325.59  0.486594  0.222507
2336.35  0.495522  0.213613
2347.12  0.504977  0.204619
2357.89  0.514995  0.195518
2368.65  0.525612  0.186302
2379.42  0.536869  0.176963
2390.19  0.54881  0.167492
2400.95  0.561485  0.15788
2411.72  0.574949  0.148115
2422.49  0.589261  0.138187
2433.25  0.604488  0.128081
2444.02  0.620703  0.117783
2454.79  0.63799  0.107278
2465.55  0.656441  0.0965463
2476.32  0.676158  0.0855691
2487.08  0.697256  0.0743235
2497.85  0.719867  0.062784
2508.62  0.744137  0.050922
2519.38  0.770233  0.038705
2530.15  0.798344  0.0260959
2540.92  0.828687  0.0130524
2551.68  0.861511  -0.000474115
2562.45  0.8971  -0.0145398
2573.22  0.935785  -0.0292099
2583.98  0.977951  -0.0445602
2594.75  1.02405  -0.0606801
2605.52  1.0746  -0.0776746
2616.28  1.13023  -0.0956689
2627.05  1.19168  -0.114813
2637.82  1.25983  -0.135287
2648.58  1.33574  -0.15731
2659.35  1.4207  -0.181152
2670.12  1.51628  -0.207146
2680.88  1.62439  -0.235708
2691.65  1.74739  -0.267365
2702.42  1.8882  -0.302788
2713.18  2.05042  -0.342843
2723.95  2.23849  -0.388659
2734.72  2.45779  -0.441721
2745.48  2.71459  -0.503992
2756.25  3.0157  -0.578062
2767.02  3.36708  -0.667304
2777.78  3.77049  -0.775922
2788.55  4.21645  -0.908651
2799.32  4.6724  -1.06957
2810.08  5.07117  -1.25943
2820.85  5.31862  -1.47187
2831.62  5.34042  -1.69213
2842.38  5.13833  -1.90185
2853.15  4.78707  -2.08742
2863.92  4.37707  -2.24383
2874.68  3.97179  -2.37257
2885.45  3.60226  -2.47797
2896.22  3.27825  -2.56472
2906.98  2.999  -2.6369
2917.75  2.75972  -2.69777
2928.52  2.5546  -2.74979
2939.28  2.37818  -2.79485
2950.05  2.22569  -2.83437
2960.82  2.09317  -2.86944
2971.58  1.97736  -2.90087
2982.35  1.87562  -2.92933
2993.12  1.78578  -2.95532
3003.88  1.70608  -2.97923
3014.65  1.63507  -3.0014
3025.42  1.57157  -3.02208
3036.18  1.51458  -3.04148
3046.95  1.46329  -3.05979
3057.71  1.41699  -3.07714
3068.48  1.37512  -3.09366
3079.25  1.33717  -3.10945
3090.01  1.30272  -3.1246
3100.78  1.27142  -3.13918
3111.55  1.24295  3.12993
3122.31  1.21705  3.11629
3133.08  1.19349  3.10306
3143.85  1.17206  3.09019
3154.61  1.15259  3.07764
3165.38  1.13493  3.06538
3176.15  1.11893  3.05338
3186.91  1.10449  3.04161
3197.68  1.09151  3.03006
3208.45  1.07987  3.0187
3219.21  1.06952  3.00751
3229.98  1.06038  2.99648
3240.75  1.05238  2.9856
3251.51  1.04547  2.97484
3262.28  1.03961  2.96421
3273.05  1.03474  2.95367
3283.81  1.03085  2.94324
3294.58  1.02789  2.93289
3305.35  1.02584  2.92262
3316.11  1.02468  2.91242
3326.88  1.0244  2.90228
3337.65  1.02497  2.89219
3348.41  1.02639  2.88215
3359.18  1.02865  2.87215
3369.95  1.03174  2.86219
3380.71  1.03568  2.85226
3391.48  1.04046  2.84236
3402.25  1.04609  2.83247
3413.01  1.05258  2.8226
3423.78  1.05994  2.81273
3434.55  1.06818  2.80287
3445.31  1.07733  2.79301
3456.08  1.08741  2.78315
3466.85  1.09845  2.77328
3477.61  1.11047  2.76339
3488.38  1.12352  2.75348
3499.15  1.13762  2.74356
3509.91  1.15282  2.7336
3520.68  1.16917  2.72362
3531.45  1.18673  2.71359
3542.21  1.20554  2.70353
3552.98  1.22568  2.69342
3563.75  1.24721  2.68326
3574.51  1.27022  2.67304
3585.28  1.29479  2.66276
3596.04  1.32101  2.65241
3606.81  1.349  2.64198
3617.58  1.37886  2.63148
3628.34  1.41073  2.62089
3639.11  1.44475  2.6102
3649.88  1.48108  2.59941
3660.64  1.51988  2.58851
3671.41  1.56136  2.57748
3682.18  1.60573  2.56633
3692.94  1.65323  2.55503
3703.71  1.70413  2.54358
3714.48  1.75874  2.53196
3725.24  1.81739  2.52015
3736.01  1.88046  2.50815
3746.78  1.9484  2.49594
3757.54  2.02169  2.48348
3768.31  2.1009  2.47077
3779.08  2.18667  2.45777
3789.84  2.27973  2.44445
3800.61  2.38094  2.43079
3811.38  2.49129  2.41674
3822.14  2.61192  2.40226
3832.91  2.74418  2.3873
3843.68  2.88967  2.3718
3854.44  3.05026  2.35568
3865.21  3.22822  2.33886
3875.98  3.42625  2.32124
3886.74  3.64764  2.30271
3897.51  3.89644  2.28309
3908.28  4.17764  2.26222
3919.04  4.49748  2.23986
3929.81  4.86386  2.21572
3940.58  5.28689  2.18941
3951.34  5.77972  2.16044
3962.11  6.3597  2.12815
3972.88  7.05004  2.09164
3983.64  7.88237  2.04967
3994.41  8.90043  2.00045
4005.18  10.1654  1.9414
4015.94  11.7632  1.86859
4026.71  13.8114  1.77601
4037.48  16.4551  1.65431
4048.24  19.8103  1.48935
4059.01  23.7311  1.26295
4069.78  27.2741  0.963878
4080.54  28.6022  0.61619
4091.31  26.9344  0.285105
4102.08  23.6932  0.0199888
4112.84  20.4101  -0.175889
4123.61  17.6614  -0.319643
4134.38  15.4891  -0.427979
4145.14  13.7895  -0.512612
4155.91  12.4506  -0.581136
4166.67  11.383  -0.638448
4177.44  10.5209  -0.687772
4188.21  9.81666  -0.731287
4198.97  9.23569  -0.770512
4209.74  8.75264  -0.806535
4220.51  8.3487  -0.840159
4231.27  8.00968  -0.871991
4242.04  7.72479  -0.902503
4252.81  7.48569  -0.932075
4263.57  7.28588  -0.961017
4274.34  7.12029  -0.989592
4285.11  6.9849  -1.01803
4295.87  6.87652  -1.04653
4306.64  6.79264  -1.07529
4317.41  6.73128  -1.10449
4328.17  6.69088  -1.1343
4338.94  6.67022  -1.16491
4349.71  6.66839  -1.19649
4360.47  6.68469  -1.22925
4371.24  6.7186  -1.26338
4382.01  6.76976  -1.2991
4392.77  6.83786  -1.33665
4403.54  6.92265  -1.3763
4414.31  7.0238  -1.41832
4425.07  7.14087  -1.46304
4435.84  7.27317  -1.51078
4446.61  7.41961  -1.56191
4457.37  7.5785  -1.61681
4468.14  7.74738  -1.67588
4478.91  7.92268  -1.7395
4489.67  8.0995  -1.808
4500.44  8.27136  -1.88168
4511.21  8.43008  -1.96067
4521.97  8.56591  -2.04494
4532.74  8.66799  -2.13422
4543.51  8.7253  -2.22793
4554.27  8.72803  -2.32518
4565.04  8.66914  -2.42478
4575.81  8.54578  -2.52533
4586.57  8.36  -2.62532
4597.34  8.11854  -2.72331
4608.11  7.83173  -2.81801
4618.87  7.51187  -2.90845
4629.64  7.17146  -2.99393
4640.41  6.82193  -3.0741
4651.17  6.4728  3.13436
4661.94  6.13135  3.06497
4672.71  5.80278  3.00068
4683.47  5.49043  2.94118
4694.24  5.19617  2.88609
4705  4.92078  2.83505
4715.77  4.66429  2.78766
4726.54  4.42616  2.74358
4737.3  4.20556  2.70248
4748.07  4.00147  2.66404
4758.84  3.81277  2.628
4769.6  3.63833  2.59412
4780.37  3.47707  2.56216
4791.14  3.32792  2.53192
4801.9  3.18979  2.50321
4812.67  3.06168  2.47591
4823.44  2.94284  2.4499
4834.2  2.83252  2.42506
4844.97  2.73002  2.40126
4855.74  2.63468  2.3784
4866.5  2.54591  2.35641
4877.27  2.46317  2.33519
4888.04  2.38598  2.31469
4898.8  2.3139  2.29484
4909.57  2.24655  2.27559
4920.34  2.18355  2.25688
4931.1  2.12459  2.23868
4941.87  2.06937  2.22093
4952.64  2.01762  2.20361
4963.4  1.96911  2.18667
4974.17  1.9236  2.17009
4984.94  1.88091  2.15385
4995.7  1.84084  2.1379
5006.47  1.80323  2.12224
5017.24  1.76792  2.10683
5028  1.73479  2.09167
5038.77  1.70369  2.07672
5049.54  1.67452  2.06197
5060.3  1.64717  2.04741
5071.07  1.62153  2.03302
5081.84  1.59753  2.01879
5092.6  1.57508  2.0047
5103.37  1.55411  1.99074
5114.14  1.53454  1.9769
5124.9  1.51632  1.96318
5135.67  1.49938  1.94955
5146.44  1.48369  1.936
5157.2  1.46918  1.92254
5167.97  1.45581  1.90915
5178.74  1.44356  1.89582
5189.5  1.43237  1.88254
5200.27  1.42223  1.86931
5211.04  1.4131  1.85612
5221.8  1.40496  1.84296
5232.57  1.39778  1.82981
5243.33  1.39154  1.81669
5254.1  1.38624  1.80357
5264.87  1.38186  1.79045
5275.63  1.37837  1.77733
5286.4  1.37579  1.76419
5297.17  1.3741  1.75104
5307.93  1.3733  1.73786
5318.7  1.37338  1.72464
5329.47  1.37435  1.71138
5340.23  1.37622  1.69807
5351  1.37898  1.68471
5361.77  1.38265  1.67128
5372.53  1.38725  1.65778
5383.3  1.39278  1.64421
5394.07  1.39926  1.63054
5404.83  1.40672  1.61677
5415.6  1.41517  1.6029
5426.37  1.42465  1.58892
5437.13  1.43518  1.57481
5447.9  1.4468  1.56056
5458.67  1.45955  1.54616
5469.43  1.47346  1.53161
5480.2  1.48858  1.51688
5490.97  1.50498  1.50196
5501.73  1.52269  1.48685
5512.5  1.54179  1.47152
5523.27  1.56234  1.45596
5534.03  1.58441  1.44015
5544.8  1.6081  1.42407
5555.57  1.63348  1.4077
5566.33  1.66067  1.39102
5577.1  1.68976  1.374
5587.87  1.72088  1.35662
5598.63  1.75415  1.33884
5609.4  1.78972  1.32064
5620.17  1.82776  1.30198
5630.93  1.86842  1.28283
5641.7  1.91191  1.26313
5652.47  1.95843  1.24284
5663.23  2.00821  1.22192
5674  2.06151  1.20029
5684.77  2.1186  1.17791
5695.53  2.17979  1.15469
5706.3  2.24542  1.13056
5717.07  2.31586  1.10542
5727.83  2.39151  1.07918
5738.6  2.47281  1.05172
5749.37  2.56023  1.02292
5760.13  2.65431  0.992627
5770.9  2.75558  0.960685
5781.67  2.86463  0.926909
5792.43  2.98207  0.891092
5803.2  3.10849  0.853004
5813.96  3.2445  0.812384
5824.73  3.39062  0.768942
5835.5  3.54726  0.722355
5846.26  3.71465  0.672272
5857.03  3.89269  0.618315
5867.8  4.08083  0.560085
5878.56  4.27789  0.49718
5889.33  4.48181  0.429217
5900.1  4.68942  0.355863
5910.86  4.89623  0.276886
5921.63  5.09627  0.192206
5932.4  5.28224  0.101966
5943.16  5.44579  0.00658408
5953.93  5.57837  -0.0932104
5964.7  5.67222  -0.196386
5975.46  5.72157  -0.301677
5986.23  5.72358  -0.407721
5997  5.67857  -0.513234
6007.76  5.58949  -0.617219
6018.53  5.46003  -0.719167
6029.3  5.29121  -0.819195
6040.06  5.07391  -0.917649
6050.83  4.77694  -1.01118
6061.6  4.38711  -1.0758
6072.36  4.12566  -1.08712
6083.13  4.07897  -1.11073
6093.9  4.03435  -1.16135
6104.66  3.95004  -1.21799
6115.43  3.84452  -1.27284
6126.2  3.73175  -1.32429
6136.96  3.61897  -1.37228
6147.73  3.5098  -1.41713
6158.5  3.40599  -1.45921
6169.26  3.30836  -1.49886
6180.03  3.21721  -1.53638
6190.8  3.13259  -1.57205
6201.56  3.05436  -1.60611
6212.33  2.98232  -1.63879
6223.1  2.91621  -1.67028
6233.86  2.8557  -1.70077
6244.63  2.80049  -1.73041
6255.4  2.75034  -1.7593
6266.16  2.7051  -1.78758
6276.93  2.66465  -1.81537
6287.7  2.62893  -1.84281
6298.46  2.59793  -1.87004
6309.23  2.57168  -1.89723
6320  2.55029  -1.92458
6330.76  2.53396  -1.95232
6341.53  2.52304  -1.98076
6352.29  2.51803  -2.01029
6363.06  2.51965  -2.04149
6373.83  2.52893  -2.07522
6384.59  2.54726  -2.1128
6395.36  2.57637  -2.15646
6406.13  2.61784  -2.21009
6416.89  2.67067  -2.28089
6427.66  2.72094  -2.38254
6438.43  2.7024  -2.53765
6449.19  2.41555  -2.75013
6459.96  1.76275  -2.86804
6470.73  1.31591  -2.67005
6481.49  1.30697  -2.41847
6492.26  1.43079  -2.305
6503.03  1.54979  -2.2692
6513.79  1.64515  -2.26532
6524.56  1.72099  -2.27518
6535.33  1.78309  -2.29155
6546.09  1.83588  -2.31132
6556.86  1.88245  -2.33304
6567.63  1.92494  -2.35601
6578.39  1.96488  -2.37987
6589.16  2.00334  -2.40444
6599.93  2.04115  -2.42964
6610.69  2.07893  -2.45545
6621.46  2.11716  -2.48186
6632.23  2.15623  -2.50892
6642.99  2.19648  -2.53665
6653.76  2.23817  -2.5651
6664.53  2.28154  -2.59435
6675.29  2.3268  -2.62444
6686.06  2.37411  -2.65546
6696.83  2.42365  -2.68749
6707.59  2.47553  -2.72061
6718.36  2.52986  -2.7549
6729.13  2.58672  -2.79048
6739.89  2.64616  -2.82743
6750.66  2.70818  -2.86587
6761.43  2.77273  -2.90591
6772.19  2.8397  -2.94766
6782.96  2.90892  -2.99125
6793.73  2.98011  -3.03678
6804.49  3.0529  -3.08437
6815.26  3.12678  -3.13413
6826.03  3.2011  3.09703
6836.79  3.27508  3.04268
6847.56  3.34772  2.98595
6858.33  3.41792  2.92681
6869.09  3.48436  2.86531
6879.86  3.54565  2.80151
6890.63  3.60027  2.73556
6901.39  3.64671  2.66765
6912.16  3.68354  2.59803
6922.92  3.70946  2.52705
6933.69  3.72348  2.45506
6944.46  3.72492  2.38251
6955.22  3.71355  2.30984
6965.99  3.68956  2.23749
6976.76  3.65362  2.16593
6987.52  3.60676  2.09554
6998.29  3.55036  2.02667
7009.06  3.48595  1.95958
7019.82  3.41503  1.89444
7030.59  3.33894  1.83136
7041.36  3.25888  1.77047
7052.12  3.1761  1.71189
7062.89  3.09183  1.65568
7073.66  3.00721  1.60184
7084.42  2.9232  1.55034
7095.19  2.84056  1.50108
7105.96  2.75988  1.45397
7116.72  2.68157  1.40889
7127.49  2.60596  1.36573
7138.26  2.53322  1.32436
7149.02  2.4635  1.28467
7159.79  2.39684  1.24655
7170.56  2.33326  1.20987
7181.32  2.27271  1.17455
7192.09  2.21515  1.14048
7202.86  2.16048  1.10756
7213.62  2.10863  1.07572
7224.39  2.05949  1.04486
7235.16  2.01294  1.01492
7245.92  1.96888  0.98582
7256.69  1.92721  0.957499
7267.46  1.8878  0.929895
7278.22  1.85055  0.902952
7288.99  1.81536  0.876619
7299.76  1.78214  0.850847
7310.52  1.75078  0.82559
7321.29  1.7212  0.800807
7332.06  1.69332  0.77646
7342.82  1.66705  0.752512
7353.59  1.64231  0.728929
7364.36  1.61904  0.705679
7375.12  1.59717  0.682734
7385.89  1.57665  0.660064
7396.66  1.5574  0.637644
7407.42  1.53938  0.615449
7418.19  1.52254  0.593456
7428.96  1.50682  0.571643
7439.72  1.49219  0.549989
7450.49  1.47861  0.528473
7461.25  1.46604  0.507077
7472.02  1.45444  0.485782
7482.79  1.44379  0.464571
7493.55  1.43404  0.443427
7504.32  1.42518  0.422333
7515.09  1.41719  0.401275
7525.85  1.41003  0.380235
7536.62  1.40368  0.359199
7547.39  1.39814  0.338153
7558.15  1.39337  0.317082
7568.92  1.38937  0.295972
7579.69  1.38612  0.274808
7590.45  1.38361  0.253577
7601.22  1.38183  0.232264
7611.99  1.38076  0.210856
7622.75  1.38041  0.189339
7633.52  1.38075  0.167698
7644.29  1.38179  0.14592
7655.05  1.38353  0.123991
7665.82  1.38595  0.101896
7676.59  1.38905  0.0796199
7687.35  1.39284  0.0571485
7698.12  1.3973  0.0344665
7708.89  1.40245  0.0115584
7719.65  1.40827  -0.0115918
7730.42  1.41477  -0.0350001
7741.19  1.42196  -0.0586835
7751.95  1.42982  -0.0826589
7762.72  1.43836  -0.106944
7773.49  1.44759  -0.131557
7784.25  1.45751  -0.156517
7795.02  1.4681  -0.181843
7805.79  1.47939  -0.207554
7816.55  1.49136  -0.233673
7827.32  1.50401  -0.260219
7838.09  1.51734  -0.287215
7848.85  1.53135  -0.314684
7859.62  1.54603  -0.342648
7870.39  1.56138  -0.371132
7881.15  1.57738  -0.40016
7891.92  1.59401  -0.429758
7902.69  1.61127  -0.459952
7913.45  1.62913  -0.490767
7924.22  1.64755  -0.522231
7934.99  1.66652  -0.554371
7945.75  1.68598  -0.587214
7956.52  1.70589  -0.620788
7967.29  1.7262  -0.655119
7978.05  1.74684  -0.690235
7988.82  1.76774  -0.726162
7999.58  1.78881  -0.762926
8010.35  1.80995  -0.800548
8021.12  1.83105  -0.839053
8031.88  1.85198  -0.878459
8042.65  1.8726  -0.918784
8053.42  1.89276  -0.960041
8064.18  1.91227  -1.00224
8074.95  1.93095  -1.04538
8085.72  1.9486  -1.08947
8096.48  1.96498  -1.1345
8107.25  1.97985  -1.18045
8118.02  1.99298  -1.22731
8128.78  2.00407  -1.27503
8139.55  2.01288  -1.32359
8150.32  2.0191  -1.37293
8161.08  2.02246  -1.423
8171.85  2.02266  -1.47372
8182.62  2.01942  -1.52501
8193.38  2.01246  -1.57678
8204.15  2.00151  -1.62891
8214.92  1.9863  -1.68128
8225.68  1.96659  -1.73376
8236.45  1.94214  -1.78618
8247.22  1.91271  -1.83838
8257.98  1.87809  -1.89013
8268.75  1.83806  -1.94119
8279.52  1.79242  -1.99128
8290.28  1.74095  -2.04003
8301.05  1.68343  -2.08698
8311.82  1.61966  -2.13153
8322.58  1.54942  -2.17287
8333.35  1.47256  -2.20988
8344.12  1.389  -2.24095
8354.88  1.29889  -2.26374
8365.65  1.20282  -2.27471
8376.42  1.10228  -2.26845
8387.18  1.0005  -2.23674
8397.95  0.904144  -2.16771
8408.72  0.825949  -2.0473
8419.48  0.78736  -1.86932
8430.25  0.81554  -1.65651
8441.02  0.92989  -1.46313
8451.78  1.13184  -1.33316
8462.55  1.41162  -1.27486
8473.32  1.75763  -1.2772
8484.08  2.15763  -1.32703
8494.85  2.59548  -1.41394
8505.62  3.04781  -1.52979
8516.38  3.4838  -1.66715
8527.15  3.86989  -1.81847
8537.92  4.17851  -1.97612
8548.68  4.39592  -2.13321
8559.45  4.52425  -2.2845
8570.21  4.57715  -2.42686
8580.98  4.57293  -2.55902
8591.75  4.52918  -2.68107
8602.51  4.46017  -2.79388
8613.28  4.37621  -2.89866
8624.05  4.28425  -2.99667
8634.81  4.18863  -3.08914
8645.58  4.09186  3.10604
8656.35  3.99518  3.02157
8667.11  3.89902  2.93983
8677.88  3.80327  2.86015
8688.65  3.70745  2.78197
8699.41  3.61086  2.70481
8710.18  3.51264  2.62829
8720.95  3.41187  2.55209
8731.71  3.30757  2.47597
8742.48  3.19873  2.39974
8753.25  3.0844  2.32329
8764.01  2.96367  2.24656
8774.78  2.83572  2.16958
8785.55  2.69987  2.09243
8796.31  2.55557  2.01527
8807.08  2.40248  1.93838
8817.85  2.24047  1.86211
8828.61  2.0696  1.78699
8839.38  1.89018  1.71369
8850.15  1.7027  1.6432
8860.91  1.50786  1.57695
8871.68  1.30654  1.51719
8882.45  1.09986  1.46782
8893.21  0.889316  1.43633
8903.98  0.677496  1.43955
8914.75  0.470625  1.52345
8925.51  0.291821  1.84308
8936.28  0.237994  2.66769
8947.05  0.378092  -3.02573
8957.81  0.59349  -2.84632
8968.58  0.833404  -2.80473
8979.35  1.08765  -2.81482
8990.11  1.35451  -2.84895
9000.88  1.63474  -2.89626
9011.65  1.93029  -2.95187
9022.41  2.24393  -3.01342
9033.18  2.57909  -3.07983
9043.95  2.93991  3.13242
9054.71  3.33119  3.05685
9065.48  3.75833  2.97615
9076.25  4.22717  2.88952
9087.01  4.7435  2.79583
9097.78  5.31208  2.69366
9108.54  5.9348  2.58129
9119.31  6.60746  2.45685
9130.08  7.31487  2.3185
9140.84  8.02482  2.16494
9151.61  8.68368  1.99615
9162.38  9.21977  1.81429
9173.14  9.56066  1.62419
9183.91  9.66135  1.43291
9194.68  9.52564  1.24793
9205.44  9.20252  1.07512
9216.21  8.75985  0.917512
9226.98  8.25781  0.775728
9237.74  7.74096  0.649178
9248.51  7.23934  0.536473
9259.28  6.76971  0.435774
9270.04  6.33907  0.345206
9280.81  5.94862  0.263088
9291.58  5.59654  0.187997
9302.34  5.27967  0.118754
9313.11  4.99444  0.0543999
9323.88  4.73729  -0.00585016
9334.64  4.50494  -0.0626351
9345.41  4.29442  -0.116478
9356.18  4.10312  -0.167811
9366.94  3.92876  -0.216989
9377.71  3.76937  -0.264311
9388.48  3.62321  -0.310024
9399.24  3.48882  -0.35434
9410.01  3.3649  -0.397437
9420.78  3.25033  -0.439466
9431.54  3.14414  -0.480559
9442.31  3.04547  -0.520828
9453.08  2.95359  -0.56037
9463.84  2.86784  -0.599272
9474.61  2.78763  -0.637606
9485.38  2.71247  -0.675438
9496.14  2.6419  -0.712825
9506.91  2.57551  -0.749818
9517.68  2.51295  -0.786461
9528.44  2.4539  -0.822793
9539.21  2.39808  -0.858849
9549.98  2.34522  -0.89466
9560.74  2.29509  -0.930254
9571.51  2.24748  -0.965654
9582.28  2.20221  -1.00088
9593.04  2.1591  -1.03596
9603.81  2.118  -1.0709
9614.58  2.07877  -1.10571
9625.34  2.04128  -1.14042
9636.11  2.00542  -1.17503
9646.88  1.97108  -1.20956
9657.64  1.93817  -1.244
9668.41  1.90659  -1.27838
9679.17  1.87628  -1.31269
9689.94  1.84716  -1.34694
9700.71  1.81916  -1.38113
9711.47  1.79223  -1.41528
9722.24  1.76632  -1.44938
9733.01  1.74138  -1.48344
9743.77  1.71737  -1.51747
9754.54  1.69426  -1.55146
9765.31  1.672  -1.58542
9776.07  1.65058  -1.61936
9786.84  1.62997  -1.65328
9797.61  1.61016  -1.68718
9808.37  1.59111  -1.72107
9819.14  1.57284  -1.75497
9829.91  1.55532  -1.78888
9840.67  1.53855  -1.82281
9851.44  1.52253  -1.85678
9862.21  1.50726  -1.8908
9872.97  1.49275  -1.92489
9883.74  1.47901  -1.95909
9894.51  1.46606  -1.99341
9905.27  1.4539  -2.0279
9916.04  1.44256  -2.0626
9926.81  1.43206  -2.09756
9937.57  1.42244  -2.13284
9948.34  1.41372  -2.16854
9959.11  1.40594  -2.20473
9969.87  1.39913  -2.24155
9980.64  1.39334  -2.27915
9991.41  1.38857  -2.31773
