0	nan	nan
10.7666	0.00418239	1.57604
21.5332	0.00848978	1.55958
32.2998	0.0128736	1.54202
43.0664	0.0173459	1.52444
53.833	0.0219272	1.50692
64.5996	0.0266431	1.48945
75.3662	0.031523	1.47201
86.1328	0.0366013	1.45458
96.8994	0.0419175	1.43711
107.666	0.0475181	1.41957
118.433	0.0534575	1.40189
129.199	0.0598006	1.384
139.966	0.0666249	1.36582
150.732	0.0740243	1.34721
161.499	0.0821134	1.32805
172.266	0.0910342	1.30815
183.032	0.100964	1.28728
193.799	0.112129	1.26516
204.565	0.124819	1.24141
215.332	0.139415	1.21555
226.099	0.156424	1.18693
236.865	0.176535	1.15464
247.632	0.200707	1.11744
258.398	0.230298	1.07348
269.165	0.267278	1.02004
279.932	0.31454	0.95286
290.698	0.376332	0.865073
301.465	0.458499	0.745325
312.231	0.567012	0.574976
322.998	0.698593	0.327377
333.765	0.813565	-0.0153091
344.531	0.832712	-0.410894
355.298	0.746129	-0.760177
366.064	0.628432	-1.01455
376.831	0.526075	-1.1893
387.598	0.446885	-1.31142
398.364	0.386764	-1.4002
409.131	0.340598	-1.46747
419.897	0.304453	-1.52035
430.664	0.275574	-1.56323
441.431	0.252066	-1.59894
452.197	0.23261	-1.62935
462.964	0.216272	-1.65574
473.73	0.202377	-1.67903
484.497	0.190428	-1.69985
495.264	0.180054	-1.71871
506.03	0.170969	-1.73596
516.797	0.162954	-1.75189
527.563	0.155835	-1.76671
538.33	0.149475	-1.78062
549.097	0.143763	-1.79373
559.863	0.138607	-1.80617
570.63	0.133935	-1.81803
581.396	0.129685	-1.82939
592.163	0.125805	-1.8403
602.93	0.122252	-1.85084
613.696	0.11899	-1.86103
624.463	0.115987	-1.87092
635.229	0.113216	-1.88055
645.996	0.110654	-1.88994
656.763	0.108282	-1.89912
667.529	0.106081	-1.9081
678.296	0.104036	-1.91692
689.063	0.102134	-1.92558
699.829	0.100363	-1.93409
710.596	0.098712	-1.94249
721.362	0.0971725	-1.95076
732.129	0.0957358	-1.95893
742.896	0.0943945	-1.96701
753.662	0.0931419	-1.975
764.429	0.091972	-1.98291
775.195	0.0908795	-1.99074
785.962	0.0898595	-1.99851
796.729	0.0889077	-2.00622
807.495	0.08802	-2.01387
818.262	0.0871928	-2.02147
829.028	0.0864229	-2.02902
839.795	0.0857074	-2.03653
850.562	0.0850434	-2.04399
861.328	0.0844285	-2.05142
872.095	0.0838605	-2.05882
882.861	0.0833373	-2.06619
893.628	0.082857	-2.07352
904.395	0.0824179	-2.08083
915.161	0.0820185	-2.08812
925.928	0.0816572	-2.09538
936.694	0.0813328	-2.10262
947.461	0.0810441	-2.10985
958.228	0.08079	-2.11706
968.994	0.0805695	-2.12425
979.761	0.0803817	-2.13143
990.527	0.0802257	-2.13859
1001.29	0.0801009	-2.14574
1012.06	0.0800066	-2.15289
1022.83	0.0799422	-2.16002
1033.59	0.0799071	-2.16715
1044.36	0.0799009	-2.17426
1055.13	0.0799232	-2.18138
1065.89	0.0799736	-2.18848
1076.66	0.0800518	-2.19559
1087.43	0.0801575	-2.20269
1098.19	0.0802907	-2.20978
1108.96	0.080451	-2.21687
1119.73	0.0806384	-2.22397
1130.49	0.0808529	-2.23106
1141.26	0.0810944	-2.23815
1152.03	0.0813628	-2.24524
1162.79	0.0816583	-2.25233
1173.56	0.0819811	-2.25943
1184.33	0.0823311	-2.26652
1195.09	0.0827085	-2.27362
1205.86	0.0831137	-2.28073
1216.63	0.0835468	-2.28783
1227.39	0.0840082	-2.29494
1238.16	0.0844981	-2.30206
1248.93	0.085017	-2.30918
1259.69	0.0855652	-2.3163
1270.46	0.0861433	-2.32344
1281.23	0.0867516	-2.33058
1291.99	0.0873908	-2.33772
1302.76	0.0880614	-2.34488
1313.53	0.088764	-2.35204
1324.29	0.0894993	-2.35921
1335.06	0.0902681	-2.36639
1345.83	0.091071	-2.37358
1356.59	0.091909	-2.38078
1367.36	0.0927828	-2.38799
1378.13	0.0936933	-2.39521
1388.89	0.0946417	-2.40244
1399.66	0.0956288	-2.40969
1410.42	0.0966558	-2.41694
1421.19	0.0977239	-2.42421
1431.96	0.0988342	-2.43149
1442.72	0.0999881	-2.43879
1453.49	0.101187	-2.4461
1464.26	0.102432	-2.45342
1475.02	0.103725	-2.46076
1485.79	0.105068	-2.46812
1496.56	0.106461	-2.47549
1507.32	0.107908	-2.48288
1518.09	0.10941	-2.49028
1528.86	0.110968	-2.4977
1539.62	0.112586	-2.50515
1550.39	0.114264	-2.51261
1561.16	0.116006	-2.52009
1571.92	0.117815	-2.52759
1582.69	0.119692	-2.53512
1593.46	0.12164	-2.54266
1604.22	0.123663	-2.55023
1614.99	0.125763	-2.55782
1625.76	0.127944	-2.56544
1636.52	0.130209	-2.57308
1647.29	0.132562	-2.58075
1658.06	0.135007	-2.58844
1668.82	0.137548	-2.59616
1679.59	0.140189	-2.60391
1690.36	0.142935	-2.61169
1701.12	0.145791	-2.6195
1711.89	0.148762	-2.62735
1722.66	0.151854	-2.63522
1733.42	0.155072	-2.64314
1744.19	0.158424	-2.65108
1754.96	0.161915	-2.65907
1765.72	0.165554	-2.66709
1776.49	0.169347	-2.67515
1787.26	0.173302	-2.68326
1798.02	0.17743	-2.6914
1808.79	0.181738	-2.6996
1819.56	0.186238	-2.70784
1830.32	0.190939	-2.71613
1841.09	0.195854	-2.72447
1851.86	0.200994	-2.73286
1862.62	0.206374	-2.74131
1873.39	0.212007	-2.74982
1884.16	0.217909	-2.75839
1894.92	0.224097	-2.76703
1905.69	0.230588	-2.77573
1916.46	0.237403	-2.7845
1927.22	0.244562	-2.79335
1937.99	0.252089	-2.80227
1948.75	0.260008	-2.81128
1959.52	0.268347	-2.82038
1970.29	0.277134	-2.82956
1981.05	0.286403	-2.83885
1991.82	0.296188	-2.84823
2002.59	0.306529	-2.85773
2013.35	0.317466	-2.86734
2024.12	0.329048	-2.87708
2034.89	0.341324	-2.88695
2045.65	0.354353	-2.89696
2056.42	0.368195	-2.90712
2067.19	0.382921	-2.91744
2077.95	0.398608	-2.92793
2088.72	0.41534	-2.93861
2099.49	0.433215	-2.94949
2110.25	0.45234	-2.96058
2121.02	0.472834	-2.97191
2131.79	0.494835	-2.9835
2142.55	0.518495	-2.99537
2153.32	0.543989	-3.00754
2164.09	0.571516	-3.02004
2174.85	0.601303	-3.03291
2185.62	0.633609	-3.04619
2196.39	0.668737	-3.05992
2207.15	0.707033	-3.07414
2217.92	0.748903	-3.08893
2228.69	0.794823	-3.10435
2239.45	0.845349	-3.12048
2250.22	0.901145	-3.13741
2260.99	0.962999	3.12791
2271.75	1.03186	3.10899
2282.52	1.10887	3.08884
2293.29	1.19543	3.06726
2304.05	1.29325	3.04399
2314.82	1.40446	3.01871
2325.59	1.53174	2.99102
2336.35	1.67845	2.9604
2347.12	1.84887	2.9262
2357.89	2.04855	2.88752
2368.65	2.2846	2.8432
2379.42	2.56628	2.79163
2390.19	2.90547	2.73062
2400.95	3.31695	2.65711
2411.72	3.81779	2.56686
2422.49	4.42355	2.45408
2433.25	5.13672	2.31145
2444.02	5.9198	2.13133
2454.79	6.65467	1.91027
2465.55	7.13783	1.65691
2476.32	7.20004	1.39591
2487.08	6.86695	1.1565
2497.85	6.31956	0.955597
2508.62	5.72853	0.794668
2519.38	5.18385	0.667328
2530.15	4.71465	0.565789
2540.92	4.32142	0.483454
2551.68	3.99478	0.415349
2562.45	3.7236	0.357872
2573.22	3.49776	0.308432
2583.98	3.30889	0.265158
2594.75	3.15031	0.226675
2605.52	3.01674	0.191962
2616.28	2.90404	0.160246
2627.05	2.80894	0.130931
2637.82	2.72885	0.103553
2648.58	2.66174	0.0777431
2659.35	2.60595	0.0532039
2670.12	2.56019	0.0296914
2680.88	2.52342	0.00700265
2691.65	2.49478	-0.0150339
2702.42	2.47363	-0.0365661
2713.18	2.45945	-0.0577235
2723.95	2.45183	-0.0786217
2734.72	2.45048	-0.0993661
2745.48	2.4552	-0.120055
2756.25	2.46587	-0.140781
2767.02	2.48244	-0.161636
2777.78	2.50493	-0.182708
2788.55	2.53345	-0.20409
2799.32	2.56816	-0.225876
2810.08	2.60929	-0.248164
2820.85	2.65716	-0.271062
2831.62	2.71215	-0.294684
2842.38	2.77474	-0.319159
2853.15	2.84549	-0.344627
2863.92	2.92506	-0.37125
2874.68	3.01423	-0.399209
2885.45	3.1139	-0.428713
2896.22	3.22509	-0.460004
2906.98	3.34897	-0.493362
2917.75	3.48685	-0.529114
2928.52	3.64017	-0.567645
2939.28	3.81046	-0.609405
2950.05	3.99934	-0.654925
2960.82	4.20833	-0.704825
2971.58	4.43872	-0.759826
2982.35	4.69121	-0.820753
2993.12	4.9654	-0.888532
3003.88	5.25906	-0.964156
3014.65	5.56706	-1.04861
3025.42	5.88013	-1.14277
3036.18	6.18369	-1.24716
3046.95	6.45747	-1.3617
3057.71	6.67689	-1.4854
3068.48	6.81709	-1.61614
3079.25	6.85916	-1.75075
3090.01	6.79617	-1.88536
3100.78	6.6357	-2.01612
3111.55	6.3972	-2.13982
3122.31	6.10587	-2.25433
3133.08	5.7864	-2.35865
3143.85	5.45901	-2.45268
3154.61	5.1381	-2.53694
3165.38	4.83271	-2.61229
3176.15	4.54771	-2.67971
3186.91	4.2851	-2.74021
3197.68	4.04504	-2.7947
3208.45	3.82665	-2.844
3219.21	3.62848	-2.88884
3229.98	3.44883	-2.92983
3240.75	3.28599	-2.9675
3251.51	3.1383	-3.00229
3262.28	3.0042	-3.03458
3273.05	2.88228	-3.06469
3283.81	2.77129	-3.0929
3294.58	2.6701	-3.11944
3305.35	2.57771	3.13868
3316.11	2.49325	3.11492
3326.88	2.41594	3.09232
3337.65	2.3451	3.07074
3348.41	2.28013	3.05009
3359.18	2.2205	3.03026
3369.95	2.16574	3.01116
3380.71	2.11544	2.99274
3391.48	2.06923	2.97491
3402.25	2.02679	2.95762
3413.01	1.98784	2.94083
3423.78	1.95211	2.92448
3434.55	1.91938	2.90854
3445.31	1.88944	2.89297
3456.08	1.86213	2.87773
3466.85	1.83727	2.86279
3477.61	1.81473	2.84814
3488.38	1.79438	2.83373
3499.15	1.77611	2.81956
3509.91	1.75982	2.8056
3520.68	1.74542	2.79184
3531.45	1.73284	2.77824
3542.21	1.72201	2.76481
3552.98	1.71287	2.75151
3563.75	1.70536	2.73835
3574.51	1.69946	2.7253
3585.28	1.69513	2.71236
3596.04	1.69233	2.6995
3606.81	1.69105	2.68673
3617.58	1.69128	2.67403
3628.34	1.693	2.66138
3639.11	1.69622	2.64879
3649.88	1.70093	2.63623
3660.64	1.70716	2.62371
3671.41	1.71491	2.6112
3682.18	1.72422	2.59871
3692.94	1.7351	2.58622
3703.71	1.74761	2.57373
3714.48	1.76177	2.56122
3725.24	1.77766	2.54868
3736.01	1.79531	2.53611
3746.78	1.81481	2.5235
3757.54	1.83623	2.51084
3768.31	1.85967	2.4981
3779.08	1.88521	2.4853
3789.84	1.91297	2.47241
3800.61	1.94307	2.45941
3811.38	1.97567	2.44631
3822.14	2.01091	2.43308
3832.91	2.04896	2.41971
3843.68	2.09004	2.40618
3854.44	2.13435	2.39248
3865.21	2.18214	2.37859
3875.98	2.2337	2.36447
3886.74	2.28934	2.35012
3897.51	2.34941	2.33551
3908.28	2.41431	2.3206
3919.04	2.4845	2.30536
3929.81	2.56049	2.28976
3940.58	2.64288	2.27375
3951.34	2.73235	2.2573
3962.11	2.82966	2.24033
3972.88	2.93573	2.22279
3983.64	3.0516	2.20461
3994.41	3.17848	2.1857
4005.18	3.31781	2.16596
4015.94	3.47125	2.14528
4026.71	3.6408	2.12351
4037.48	3.82883	2.10048
4048.24	4.03818	2.076
4059.01	4.27225	2.04982
4069.78	4.5352	2.02163
4080.54	4.83209	1.99105
4091.31	5.1691	1.95761
4102.08	5.55387	1.92071
4112.84	5.99578	1.87958
4123.61	6.50637	1.83321
4134.38	7.09965	1.78032
4145.14	7.79218	1.71918
4155.91	8.60241	1.64754
4166.67	9.54814	1.56245
4177.44	10.6399	1.46018
4188.21	11.8659	1.33629
4198.97	13.1651	1.18639
4209.74	14.3919	1.00797
4220.51	15.306	0.803735
4231.27	15.6533	0.584402
4242.04	15.3307	0.366995
4252.81	14.4689	0.167649
4263.57	13.3233	-0.00473663
4274.34	12.1175	-0.148913
4285.11	10.9816	-0.268033
4295.87	9.96914	-0.366615
4306.64	9.0898	-0.448966
4317.41	8.3342	-0.518653
4328.17	7.68647	-0.578459
4338.94	7.13017	-0.63051
4349.71	6.65043	-0.676422
4360.47	6.23464	-0.717422
4371.24	5.87235	-0.754453
4382.01	5.555	-0.788245
4392.77	5.27563	-0.81937
4403.54	5.02854	-0.84828
4414.31	4.80907	-0.875337
4425.07	4.61338	-0.900832
4435.84	4.4383	-0.925004
4446.61	4.2812	-0.94805
4457.37	4.13986	-0.970132
4468.14	4.01242	-0.991387
4478.91	3.89733	-1.01193
4489.67	3.79325	-1.03186
4500.44	3.69904	-1.05126
4511.21	3.61373	-1.07021
4521.97	3.53649	-1.08876
4532.74	3.46658	-1.10698
4543.51	3.40338	-1.12491
4554.27	3.34636	-1.1426
4565.04	3.29503	-1.16009
4575.81	3.24899	-1.1774
4586.57	3.20787	-1.19459
4597.34	3.17137	-1.21166
4608.11	3.13922	-1.22866
4618.87	3.11117	-1.24561
4629.64	3.08702	-1.26253
4640.41	3.0666	-1.27944
4651.17	3.04976	-1.29637
4661.94	3.03635	-1.31334
4672.71	3.02629	-1.33037
4683.47	3.01947	-1.34748
4694.24	3.01584	-1.36469
4705	3.01532	-1.38202
4715.77	3.01789	-1.39948
4726.54	3.02352	-1.41711
4737.3	3.03221	-1.43492
4748.07	3.04395	-1.45294
4758.84	3.05876	-1.47118
4769.6	3.07669	-1.48967
4780.37	3.09776	-1.50843
4791.14	3.12205	-1.52748
4801.9	3.14962	-1.54686
4812.67	3.18056	-1.5666
4823.44	3.21496	-1.58672
4834.2	3.25296	-1.60725
4844.97	3.29466	-1.62823
4855.74	3.34023	-1.6497
4866.5	3.38982	-1.67169
4877.27	3.44361	-1.69425
4888.04	3.50179	-1.71743
4898.8	3.56458	-1.74127
4909.57	3.63221	-1.76584
4920.34	3.70492	-1.79118
4931.1	3.78297	-1.81737
4941.87	3.86666	-1.84448
4952.64	3.95627	-1.87258
4963.4	4.05211	-1.90175
4974.17	4.1545	-1.9321
4984.94	4.26374	-1.96372
4995.7	4.38015	-1.99671
5006.47	4.50403	-2.03121
5017.24	4.63562	-2.06733
5028	4.77515	-2.10521
5038.77	4.92274	-2.14501
5049.54	5.07841	-2.18687
5060.3	5.24204	-2.23097
5071.07	5.41329	-2.27746
5081.84	5.59158	-2.32653
5092.6	5.776	-2.37834
5103.37	5.96521	-2.43304
5114.14	6.15743	-2.49077
5124.9	6.35032	-2.55164
5135.67	6.54094	-2.61569
5146.44	6.72577	-2.68294
5157.2	6.90074	-2.75329
5167.97	7.06135	-2.82657
5178.74	7.20292	-2.90252
5189.5	7.32088	-2.98073
5200.27	7.41114	-3.06073
5211.04	7.47048	3.14126
5221.8	7.49687	3.05948
5232.57	7.48972	2.97781
5243.33	7.4499	2.89689
5254.1	7.37964	2.81733
5264.87	7.28231	2.73967
5275.63	7.16199	2.66433
5286.4	7.02318	2.59165
5297.17	6.87037	2.52185
5307.93	6.70784	2.45505
5318.7	6.53942	2.39128
5329.47	6.36842	2.33051
5340.23	6.19757	2.27266
5351	6.02905	2.2176
5361.77	5.86455	2.16519
5372.53	5.70531	2.11525
5383.3	5.55222	2.06762
5394.07	5.40584	2.02212
5404.83	5.26653	1.97858
5415.6	5.13445	1.93685
5426.37	5.0096	1.89676
5437.13	4.89191	1.85816
5447.9	4.78122	1.82094
5458.67	4.67733	1.78494
5469.43	4.57999	1.75007
5480.2	4.48894	1.7162
5490.97	4.40391	1.68324
5501.73	4.32464	1.6511
5512.5	4.25086	1.61969
5523.27	4.18231	1.58893
5534.03	4.11873	1.55875
5544.8	4.0599	1.52908
5555.57	4.00559	1.49985
5566.33	3.95558	1.47101
5577.1	3.90968	1.4425
5587.87	3.8677	1.41427
5598.63	3.82948	1.38627
5609.4	3.79484	1.35846
5620.17	3.76364	1.33079
5630.93	3.73575	1.30322
5641.7	3.71103	1.27571
5652.47	3.68936	1.24821
5663.23	3.67063	1.22071
5674	3.65475	1.19315
5684.77	3.6416	1.16551
5695.53	3.63112	1.13774
5706.3	3.6232	1.10983
5717.07	3.61776	1.08173
5727.83	3.61475	1.05341
5738.6	3.61407	1.02484
5749.37	3.61566	0.995999
5760.13	3.61945	0.966843
5770.9	3.62536	0.937347
5781.67	3.63334	0.90748
5792.43	3.64331	0.877213
5803.2	3.65519	0.846516
5813.96	3.66892	0.81536
5824.73	3.6844	0.783715
5835.5	3.70155	0.751554
5846.26	3.72028	0.718849
5857.03	3.7405	0.685573
5867.8	3.76208	0.6517
5878.56	3.78491	0.617204
5889.33	3.80887	0.582062
5900.1	3.83381	0.546251
5910.86	3.85958	0.509751
5921.63	3.88602	0.472543
5932.4	3.91295	0.43461
5943.16	3.94018	0.395937
5953.93	3.9675	0.356511
5964.7	3.99471	0.316323
5975.46	4.02157	0.275365
5986.23	4.04786	0.233629
5997	4.07332	0.191109
6007.76	4.09772	0.147797
6018.53	4.12078	0.103683
6029.3	4.14224	0.0587483
6040.06	4.16181	0.0129626
6050.83	4.17915	-0.0337268
6061.6	4.19382	-0.0814073
6072.36	4.20518	-0.13022
6083.13	4.21216	-0.180383
6093.9	4.21273	-0.23221
6104.66	4.20288	-0.286051
6115.43	4.1747	-0.341907
6126.2	4.11521	-0.397965
6136.96	4.01647	-0.447456
6147.73	3.91041	-0.480677
6158.5	3.85796	-0.501962
6169.26	3.86011	-0.526945
6180.03	3.87883	-0.560516
6190.8	3.8931	-0.599829
6201.56	3.89813	-0.64193
6212.33	3.89463	-0.685136
6223.1	3.88431	-0.728594
6233.86	3.86871	-0.771872
6244.63	3.84909	-0.814745
6255.4	3.82639	-0.857089
6266.16	3.80138	-0.898837
6276.93	3.77465	-0.93995
6287.7	3.74671	-0.980408
6298.46	3.71796	-1.0202
6309.23	3.68876	-1.05934
6320	3.65942	-1.09781
6330.76	3.63021	-1.13564
6341.53	3.60136	-1.17284
6352.29	3.57307	-1.20943
6363.06	3.54552	-1.24543
6373.83	3.51889	-1.28086
6384.59	3.49329	-1.31574
6395.36	3.46887	-1.35011
6406.13	3.44573	-1.38398
6416.89	3.42397	-1.4174
6427.66	3.40368	-1.45038
6438.43	3.38493	-1.48296
6449.19	3.36779	-1.51517
6459.96	3.35233	-1.54704
6470.73	3.33861	-1.5786
6481.49	3.32667	-1.60988
6492.26	3.31657	-1.64093
6503.03	3.30835	-1.67176
6513.79	3.30206	-1.70242
6524.56	3.29775	-1.73293
6535.33	3.29545	-1.76334
6546.09	3.2952	-1.79368
6556.86	3.29706	-1.82398
6567.63	3.30107	-1.85429
6578.39	3.30727	-1.88463
6589.16	3.31571	-1.91506
6599.93	3.32644	-1.9456
6610.69	3.3395	-1.97631
6621.46	3.35496	-2.00722
6632.23	3.37286	-2.03838
6642.99	3.39326	-2.06984
6653.76	3.41622	-2.10165
6664.53	3.44179	-2.13385
6675.29	3.47002	-2.1665
6686.06	3.50098	-2.19967
6696.83	3.5347	-2.2334
6707.59	3.57124	-2.26776
6718.36	3.61063	-2.30281
6729.13	3.6529	-2.33864
6739.89	3.69806	-2.3753
6750.66	3.74611	-2.41288
6761.43	3.797	-2.45146
6772.19	3.85069	-2.49112
6782.96	3.90706	-2.53194
6793.73	3.96597	-2.57403
6804.49	4.02722	-2.61746
6815.26	4.09053	-2.66232
6826.03	4.15553	-2.70872
6836.79	4.22178	-2.75674
6847.56	4.28873	-2.80645
6858.33	4.35567	-2.85793
6869.09	4.42182	-2.91124
6879.86	4.4862	-2.96643
6890.63	4.54773	-3.0235
6901.39	4.60518	-3.08247
6912.16	4.65721	3.1399
6922.92	4.70237	3.07732
6933.69	4.73917	3.01309
6944.46	4.7661	2.94741
6955.22	4.7817	2.88052
6965.99	4.78463	2.81275
6976.76	4.77388	2.74457
6987.52	4.74921	2.67664
6998.29	4.71257	2.6098
7009.06	4.66998	2.54456
7019.82	4.62804	2.4797
7030.59	4.58215	2.41316
7041.36	4.52203	2.34538
7052.12	4.446	2.27817
7062.89	4.35782	2.21262
7073.66	4.26129	2.14912
7084.42	4.15922	2.08776
7095.19	4.05369	2.02857
7105.96	3.9463	1.97153
7116.72	3.83837	1.91662
7127.49	3.73095	1.86378
7138.26	3.6249	1.81296
7149.02	3.52092	1.76408
7159.79	3.41954	1.71707
7170.56	3.32117	1.67184
7181.32	3.22611	1.6283
7192.09	3.13456	1.58636
7202.86	3.04663	1.54592
7213.62	2.96239	1.5069
7224.39	2.88185	1.46921
7235.16	2.80497	1.43276
7245.92	2.73171	1.39747
7256.69	2.66196	1.36326
7267.46	2.59564	1.33006
7278.22	2.53262	1.2978
7288.99	2.4728	1.26642
7299.76	2.41604	1.23584
7310.52	2.36223	1.20602
7321.29	2.31124	1.17689
7332.06	2.26294	1.14841
7342.82	2.21723	1.12053
7353.59	2.17398	1.09321
7364.36	2.13308	1.06639
7375.12	2.09444	1.04004
7385.89	2.05795	1.01413
7396.66	2.02351	0.988618
7407.42	1.99104	0.963467
7418.19	1.96045	0.938649
7428.96	1.93167	0.914134
7439.72	1.90461	0.889893
7450.49	1.87921	0.865899
7461.25	1.85541	0.842125
7472.02	1.83314	0.818548
7482.79	1.81235	0.795143
7493.55	1.79299	0.771887
7504.32	1.775	0.748758
7515.09	1.75835	0.725735
7525.85	1.74299	0.702795
7536.62	1.72889	0.67992
7547.39	1.71602	0.657088
7558.15	1.70433	0.634279
7568.92	1.69381	0.611474
7579.69	1.68442	0.588653
7590.45	1.67615	0.565798
7601.22	1.66898	0.542887
7611.99	1.66289	0.519903
7622.75	1.65786	0.496824
7633.52	1.65388	0.473632
7644.29	1.65095	0.450305
7655.05	1.64904	0.426823
7665.82	1.64816	0.403166
7676.59	1.6483	0.379311
7687.35	1.64946	0.355236
7698.12	1.65164	0.330918
7708.89	1.65484	0.306334
7719.65	1.65905	0.281459
7730.42	1.66429	0.256268
7741.19	1.67055	0.230733
7751.95	1.67785	0.204828
7762.72	1.68618	0.178524
7773.49	1.69556	0.151791
7784.25	1.70598	0.124597
7795.02	1.71746	0.0969097
7805.79	1.73	0.0686951
7816.55	1.7436	0.0399174
7827.32	1.75827	0.0105393
7838.09	1.774	-0.019478
7848.85	1.79079	-0.0501751
7859.62	1.80864	-0.0815938
7870.39	1.82752	-0.113778
7881.15	1.84743	-0.146772
7891.92	1.86832	-0.180622
7902.69	1.89016	-0.215375
7913.45	1.91291	-0.25108
7924.22	1.9365	-0.287784
7934.99	1.96085	-0.325535
7945.75	1.98587	-0.36438
7956.52	2.01145	-0.404364
7967.29	2.03744	-0.44553
7978.05	2.06369	-0.487917
7988.82	2.09	-0.531558
7999.58	2.11618	-0.576482
8010.35	2.14198	-0.622706
8021.12	2.16712	-0.670242
8031.88	2.19131	-0.719085
8042.65	2.21425	-0.769222
8053.42	2.23558	-0.82062
8064.18	2.25497	-0.873232
8074.95	2.27206	-0.926993
8085.72	2.2865	-0.981819
8096.48	2.29798	-1.03761
8107.25	2.30618	-1.09423
8118.02	2.31086	-1.15156
8128.78	2.31182	-1.20944
8139.55	2.30892	-1.2677
8150.32	2.30208	-1.32618
8161.08	2.29133	-1.38469
8171.85	2.27674	-1.44306
8182.62	2.25847	-1.50111
8193.38	2.23674	-1.55869
8204.15	2.21184	-1.61563
8214.92	2.18408	-1.67181
8225.68	2.15382	-1.72709
8236.45	2.12142	-1.78139
8247.22	2.08728	-1.83461
8257.98	2.05175	-1.88669
8268.75	2.01519	-1.93759
8279.52	1.97795	-1.98727
8290.28	1.94032	-2.03572
8301.05	1.9026	-2.08294
8311.82	1.86502	-2.12895
8322.58	1.82781	-2.17375
8333.35	1.79115	-2.21738
8344.12	1.75519	-2.25987
8354.88	1.72008	-2.30127
8365.65	1.6859	-2.34162
8376.42	1.65274	-2.38097
8387.18	1.62067	-2.41935
8397.95	1.58974	-2.45683
8408.72	1.55997	-2.49346
8419.48	1.53139	-2.52928
8430.25	1.50401	-2.56434
8441.02	1.47783	-2.59869
8451.78	1.45285	-2.63238
8462.55	1.42905	-2.66545
8473.32	1.40643	-2.69796
8484.08	1.38497	-2.72993
8494.85	1.36465	-2.76142
8505.62	1.34545	-2.79247
8516.38	1.32735	-2.82311
8527.15	1.31032	-2.85339
8537.92	1.29436	-2.88333
8548.68	1.27944	-2.91299
8559.45	1.26554	-2.94238
8570.21	1.25263	-2.97156
8580.98	1.24072	-3.00054
8591.75	1.22978	-3.02937
8602.51	1.21979	-3.05808
8613.28	1.21076	-3.0867
8624.05	1.20267	-3.11527
8634.81	1.19551	3.13937
8645.58	1.18928	3.11081
8656.35	1.18398	3.0822
8667.11	1.17961	3.0535
8677.88	1.17618	3.02468
8688.65	1.17369	2.99568
8699.41	1.17216	2.96648
8710.18	1.1716	2.937
8720.95	1.17203	2.90721
8731.71	1.17346	2.87704
8742.48	1.17592	2.84641
8753.25	1.17944	2.81525
8764.01	1.18404	2.78345
8774.78	1.18973	2.7509
8785.55	1.19653	2.71744
8796.31	1.20441	2.68289
8807.08	1.21331	2.64702
8817.85	1.22308	2.60954
8828.61	1.23338	2.57009
8839.38	1.2436	2.52827
8850.15	1.25264	2.48371
8860.91	1.25859	2.43634
8871.68	1.25869	2.38702
8882.45	1.25005	2.33862
8893.21	1.23264	2.2968
8903.98	1.21317	2.26747
8914.75	1.20337	2.25064
8925.51	1.21059	2.23865
8936.28	1.23344	2.22316
8947.05	1.26665	2.2005
8957.81	1.30581	2.1706
8968.58	1.34855	2.13464
8979.35	1.39395	2.09374
8990.11	1.44188	2.04866
9000.88	1.49254	1.99982
9011.65	1.54634	1.94735
9022.41	1.60371	1.89119
9033.18	1.6651	1.83112
9043.95	1.73093	1.76676
9054.71	1.80151	1.69764
9065.48	1.87701	1.62316
9076.25	1.95733	1.5426
9087.01	2.04196	1.45515
9097.78	2.12973	1.3599
9108.54	2.21852	1.25593
9119.31	2.30495	1.14235
9130.08	2.38399	1.01852
9140.84	2.44896	0.884248
9151.61	2.49187	0.740047
9162.38	2.50468	0.587404
9173.14	2.48112	0.428849
9183.91	2.41883	0.267757
9194.68	2.32046	0.107846
9205.44	2.19312	-0.0474567
9216.21	2.04643	-0.195534
9226.98	1.89016	-0.334803
9237.74	1.73253	-0.464651
9248.51	1.57945	-0.585201
9259.28	1.43465	-0.697035
9270.04	1.30004	-0.800968
9280.81	1.17633	-0.89788
9291.58	1.06341	-0.988623
9302.34	0.960762	-1.07397
9313.11	0.867611	-1.15458
9323.88	0.783124	-1.23101
9334.64	0.706466	-1.30373
9345.41	0.636851	-1.37309
9356.18	0.573558	-1.43936
9366.94	0.515939	-1.50273
9377.71	0.463423	-1.56333
9388.48	0.415504	-1.62119
9399.24	0.371737	-1.67629
9410.01	0.331734	-1.72852
9420.78	0.295154	-1.77768
9431.54	0.261698	-1.82348
9442.31	0.231103	-1.86548
9453.08	0.203142	-1.90307
9463.84	0.177614	-1.93543
9474.61	0.15435	-1.96139
9485.38	0.133206	-1.97933
9496.14	0.114073	-1.98697
9506.91	0.0968738	-1.98105
9517.68	0.0815817	-1.95695
9528.44	0.0682332	-1.90817
9539.21	0.056955	-1.82627
9549.98	0.0479869	-1.70237
9560.74	0.0416579	-1.53277
9571.51	0.038233	-1.32933
9582.28	0.0376306	-1.12283
9593.04	0.0392988	-0.946004
9603.81	0.04246	-0.813941
9614.58	0.0464315	-0.724717
9625.34	0.0507436	-0.669749
9636.11	0.0551108	-0.640368
9646.88	0.05937	-0.629792
9657.64	0.0634336	-0.633145
9668.41	0.0672582	-0.647009
9679.17	0.0708273	-0.668994
9689.94	0.07414	-0.697416
9700.71	0.0772054	-0.731075
9711.47	0.0800384	-0.769109
9722.24	0.0826572	-0.810893
9733.01	0.0850826	-0.855972
9743.77	0.0873363	-0.904014
9754.54	0.0894412	-0.954777
9765.31	0.0914205	-1.00808
9776.07	0.0932978	-1.06381
9786.84	0.095097	-1.12187
9797.61	0.0968424	-1.18218
9808.37	0.0985586	-1.24472
9819.14	0.10027	-1.30944
9829.91	0.102003	-1.37632
9840.67	0.103783	-1.44532
9851.44	0.105637	-1.51641
9862.21	0.107591	-1.58957
9872.97	0.109672	-1.66474
9883.74	0.111908	-1.74186
9894.51	0.114328	-1.82088
9905.27	0.116957	-1.90169
9916.04	0.119825	-1.98422
9926.81	0.122957	-2.06836
9937.57	0.126379	-2.15399
9948.34	0.130114	-2.24098
9959.11	0.134184	-2.32922
9969.87	0.138608	-2.41858
9980.64	0.1434	-2.50893
9991.41	0.148573	-2.60014
10002.2	0.15413	-2.69212
10012.9	0.160073	-2.78474
10023.7	0.166395	-2.87791
10034.5	0.173082	-2.97154
10045.2	0.180111	-3.06553
10056	0.187452	3.12339
10066.8	0.195066	3.02894
10077.5	0.202906	2.9344
10088.3	0.210915	2.83987
10099.1	0.21903	2.74549
10109.8	0.227185	2.65136
10120.6	0.235306	2.55765
10131.4	0.243321	2.46452
10142.1	0.251158	2.37212
10152.9	0.258751	2.28064
10163.7	0.26604	2.19026
10174.4	0.272975	2.10117
10185.2	0.279516	2.01353
10196	0.285635	1.92752
10206.7	0.291319	1.84326
10217.5	0.296564	1.76089
10228.3	0.301379	1.6805
10239	0.305782	1.60218
10249.8	0.3098	1.52596
10260.6	0.313465	1.45187
10271.3	0.316814	1.37991
10282.1	0.319885	1.31006
10292.9	0.322721	1.24229
10303.6	0.325361	1.17652
10314.4	0.327846	1.11271
10325.2	0.330213	1.05076
10335.9	0.332498	0.990581
10346.7	0.334737	0.932084
10357.5	0.336958	0.875165
10368.2	0.339192	0.819717
10379	0.341465	0.765631
10389.8	0.3438	0.712797
10400.5	0.346218	0.661102
10411.3	0.348739	0.61043
10422.1	0.351379	0.560666
10432.8	0.354153	0.511691
10443.6	0.357073	0.463383
10454.4	0.360148	0.415619
10465.1	0.363385	0.368272
10475.9	0.366787	0.321211
10486.7	0.370351	0.274297
10497.4	0.374072	0.227388
10508.2	0.377933	0.180336
10519	0.381911	0.132985
10529.7	0.385968	0.085175
10540.5	0.39005	0.0367449
10551.3	0.39408	-0.0124623
10562	0.39795	-0.0625863
10572.8	0.401517	-0.113728
10583.6	0.40459	-0.165911
10594.3	0.406925	-0.219017
10605.1	0.408231	-0.272683
10615.9	0.408199	-0.326144
10626.6	0.406588	-0.378016
10637.4	0.403409	-0.426106
10648.2	0.399262	-0.467466
10658.9	0.395758	-0.499316
10669.7	0.395684	-0.521509
10680.5	0.402211	-0.539861
10691.2	0.416869	-0.566425
10702	0.437732	-0.613579
10712.8	0.459789	-0.686992
10723.5	0.477134	-0.784499
10734.3	0.484954	-0.899432
10745.1	0.480469	-1.0237
10755.8	0.463148	-1.14917
10766.6	0.434499	-1.26821
10777.4	0.397483	-1.3739
10788.1	0.355684	-1.4602
10798.9	0.312554	-1.52171
10809.7	0.270985	-1.55322
10820.4	0.233233	-1.54935
10831.2	0.201088	-1.50477
10842	0.176057	-1.41635
10852.7	0.159365	-1.28782
10863.5	0.151615	-1.13451
10874.3	0.152335	-0.980415
10885	0.160026	-0.846577
10895.8	0.172793	-0.74248
10906.6	0.188978	-0.66763
10917.3	0.2074	-0.617102
10928.1	0.227314	-0.58535
10938.9	0.248292	-0.567686
10949.6	0.270111	-0.56054
10960.4	0.292685	-0.561308
10971.2	0.316009	-0.568116
10981.9	0.340136	-0.579625
10992.7	0.365157	-0.594877
11003.5	0.391192	-0.613187
11014.2	0.418385	-0.634073
11025	0.4469	-0.657195
11035.8	0.476925	-0.682328
11046.5	0.508665	-0.709332
11057.3	0.54235	-0.738135
11068.1	0.578237	-0.768726
11078.8	0.616608	-0.801142
11089.6	0.657777	-0.835468
11100.4	0.702091	-0.871834
11111.1	0.749931	-0.910416
11121.9	0.801715	-0.951435
11132.7	0.857893	-0.995164
11143.4	0.918942	-1.04193
11154.2	0.985352	-1.09212
11165	1.0576	-1.14617
11175.7	1.13611	-1.2046
11186.5	1.22117	-1.26799
11197.3	1.31288	-1.33694
11208	1.41093	-1.41211
11218.8	1.51448	-1.49411
11229.6	1.62189	-1.58349
11240.3	1.73053	-1.68058
11251.1	1.83659	-1.78535
11261.9	1.9352	-1.89731
11272.6	2.02079	-2.01535
11283.4	2.08798	-2.1377
11294.2	2.1326	-2.26208
11304.9	2.15265	-2.38591
11315.7	2.14871	-2.5067
11326.5	2.12368	-2.62235
11337.2	2.08193	-2.73137
11348	2.02831	-2.83291
11358.8	1.9674	-2.9267
11369.5	1.90297	-3.01288
11380.3	1.83794	-3.09189
11391.1	1.77434	3.11886
11401.8	1.71349	3.05235
11412.6	1.65621	2.99111
11423.4	1.60291	2.93454
11434.1	1.55373	2.88206
11444.9	1.50866	2.83316
11455.7	1.46759	2.78741
11466.4	1.43033	2.7444
11477.2	1.39668	2.7038
11488	1.36643	2.66531
11498.7	1.33937	2.62867
11509.5	1.31529	2.59365
11520.3	1.29402	2.56006
11531	1.27538	2.52771
11541.8	1.25923	2.49646
11552.6	1.24544	2.46617
11563.3	1.2339	2.43671
11574.1	1.22451	2.40798
11584.9	1.21719	2.37988
11595.6	1.21188	2.35231
11606.4	1.20855	2.32519
11617.2	1.20714	2.29844
11627.9	1.20765	2.27199
11638.7	1.21008	2.24576
11649.5	1.21443	2.21968
11660.2	1.22074	2.19369
11671	1.22905	2.16771
11681.8	1.23943	2.14168
11692.5	1.25195	2.11551
11703.3	1.26671	2.08914
11714.1	1.28383	2.06247
11724.8	1.30346	2.03542
11735.6	1.32578	2.00788
11746.4	1.35099	1.97975
11757.1	1.37932	1.95088
11767.9	1.41106	1.92112
11778.7	1.44654	1.8903
11789.4	1.48614	1.85819
11800.2	1.53029	1.82455
11811	1.57949	1.78905
11821.7	1.63432	1.7513
11832.5	1.69538	1.71081
11843.3	1.76333	1.66695
11854	1.8388	1.61896
11864.8	1.92227	1.56582
11875.6	2.01385	1.50628
11886.3	2.11283	1.43873
11897.1	2.21688	1.36126
11907.9	2.32076	1.27172
11918.6	2.41447	1.16811
11929.4	2.4814	1.04948
11940.2	2.49877	0.917639
11950.9	2.4438	0.7792
11961.7	2.30691	0.646752
11972.5	2.1034	0.537033
11983.2	1.87049	0.466338
11994	1.65134	0.44559
12004.8	1.48064	0.476387
12015.5	1.3788	0.547957
12026.3	1.3515	0.638258
12037.1	1.39218	0.722875
12047.8	1.48789	0.785462
12058.6	1.62539	0.820269
12069.4	1.79411	0.828166
12080.1	1.98595	0.812358
12090.9	2.1936	0.776274
12101.7	2.40855	0.723191
12112.4	2.61975	0.656823
12123.2	2.81476	0.582269
12134	2.98507	0.506545
12144.7	3.13528	0.437421
12155.5	3.28918	0.379898
12166.3	3.48354	0.33237
12177	3.75186	0.286513
12187.8	4.1111	0.231787
12198.6	4.55961	0.16028
12209.3	5.08174	0.0683697
12220.1	5.65222	-0.0440674
12230.9	6.23888	-0.174912
12241.6	6.80606	-0.320655
12252.4	7.32017	-0.476989
12263.2	7.75655	-0.639413
12273.9	8.10435	-0.803908
12284.7	8.36661	-0.967482
12295.5	8.55605	-1.12842
12306.2	8.6891	-1.28622
12317	8.78077	-1.44129
12327.8	8.84155	-1.5946
12338.5	8.87607	-1.74735
12349.3	8.88315	-1.90066
12360.1	8.85669	-2.05536
12370.8	8.78748	-2.21176
12381.6	8.6657	-2.36956
12392.4	8.48396	-2.52781
12403.1	8.24017	-2.68499
12413.9	7.93903	-2.83928
12424.7	7.59177	-2.98885
12435.4	7.21395	-3.13213
12446.2	6.82247	3.01516
12457	6.43282	2.88721
12467.7	6.05741	2.76728
12478.5	5.70501	2.65508
12489.3	5.38097	2.55005
12500	5.08796	2.45149
12510.8	4.82665	2.35865
12521.6	4.59648	2.27074
12532.3	4.39613	2.18703
12543.1	4.22392	2.10681
12553.9	4.07809	2.02941
12564.6	3.95695	1.95422
12575.4	3.85894	1.88066
12586.2	3.78273	1.80817
12596.9	3.72721	1.73622
12607.7	3.69149	1.66427
12618.5	3.6749	1.5918
12629.2	3.67694	1.51827
12640	3.69724	1.44309
12650.8	3.73549	1.36566
12661.5	3.79135	1.28534
12672.3	3.86429	1.20143
12683.1	3.95339	1.1132
12693.8	4.05707	1.0199
12704.6	4.17274	0.9208
12715.4	4.29639	0.815232
12726.1	4.4222	0.70272
12736.9	4.54237	0.583097
12747.7	4.64729	0.456659
12758.4	4.72644	0.324307
12769.2	4.77001	0.187605
12780	4.77099	0.0487157
12790.7	4.72692	-0.0898389
12801.5	4.64067	-0.225519
12812.3	4.51958	-0.356118
12823	4.37367	-0.480008
12833.8	4.21348	-0.596228
12844.6	4.04845	-0.704429
12855.3	3.8861	-0.804741
12866.1	3.73178	-0.897618
12876.9	3.58899	-0.983699
12887.6	3.45975	-1.06371
12898.4	3.34504	-1.1384
12909.2	3.24516	-1.20849
12919.9	3.16002	-1.27466
12930.7	3.08931	-1.33755
12941.5	3.03266	-1.39775
12952.2	2.98973	-1.45582
12963	2.96029	-1.51228
12973.8	2.94423	-1.56765
12984.5	2.9416	-1.62244
12995.3	2.95266	-1.67719
13006.1	2.97786	-1.73245
13016.8	3.01789	-1.78885
13027.6	3.07364	-1.84709
13038.4	3.14622	-1.908
13049.1	3.23685	-1.97256
13059.9	3.34668	-2.04195
13070.7	3.47651	-2.11759
13081.4	3.62604	-2.20119
13092.2	3.79275	-2.29468
13103	3.97005	-2.40007
13113.7	4.14497	-2.51899
13124.5	4.29663	-2.65183
13135.3	4.3987	-2.79662
13146	4.4291	-2.94827
13156.8	4.38407	-3.09976
13167.6	4.28326	3.0377
13178.3	4.15576	2.89858
13189.1	4.01786	2.76231
13199.9	3.86439	2.62476
13210.6	3.68028	2.4856
13221.4	3.4588	2.34872
13232.2	3.20857	2.21945
13242.9	2.94722	2.10169
13253.7	2.69164	1.99696
13264.5	2.45303	1.90492
13275.2	2.23673	1.82423
13286	2.04395	1.75325
13296.8	1.87361	1.69036
13307.5	1.72363	1.63417
13318.3	1.59159	1.58351
13329.1	1.47514	1.53741
13339.8	1.37216	1.49512
13350.6	1.28077	1.45599
13361.4	1.19937	1.41954
13372.1	1.12659	1.38535
13382.9	1.06129	1.35309
13393.7	1.00248	1.32248
13404.4	0.949347	1.29329
13415.2	0.90118	1.26534
13426	0.857384	1.23845
13436.7	0.817451	1.21249
13447.5	0.780941	1.18734
13458.3	0.74748	1.1629
13469	0.716741	1.13909
13479.8	0.688444	1.11582
13490.6	0.662341	1.09302
13501.3	0.638218	1.07064
13512.1	0.615887	1.04861
13522.9	0.595183	1.02689
13533.6	0.575959	1.00543
13544.4	0.558086	0.984199
13555.2	0.541448	0.963145
13565.9	0.525944	0.942238
13576.7	0.511481	0.921444
13587.5	0.497977	0.90073
13598.2	0.485359	0.880067
13609	0.47356	0.859426
13619.8	0.462518	0.83878
13630.5	0.45218	0.818101
13641.3	0.442495	0.797363
13652.1	0.433417	0.776543
13662.8	0.424903	0.755616
13673.6	0.416912	0.734561
13684.4	0.409408	0.713357
13695.1	0.402355	0.691985
13705.9	0.395717	0.670432
13716.7	0.38946	0.648689
13727.4	0.383551	0.626754
13738.2	0.377956	0.604637
13749	0.372639	0.582366
13759.7	0.367565	0.559992
13770.5	0.3627	0.537605
13781.3	0.358012	0.515344
13792	0.35348	0.493425
13802.8	0.349102	0.47216
13813.5	0.344925	0.451977
13824.3	0.34107	0.433403
13835.1	0.33779	0.416961
13845.8	0.335505	0.402892
13856.6	0.334775	0.390679
13867.4	0.33612	0.378606
13878.1	0.339707	0.36392
13888.9	0.345125	0.34396
13899.7	0.35154	0.317475
13910.4	0.358115	0.284916
13921.2	0.364327	0.247664
13932	0.370005	0.207147
13942.7	0.375204	0.164393
13953.5	0.38007	0.119986
13964.3	0.384762	0.0741737
13975	0.389416	0.0269944
13985.8	0.394135	-0.0216339
13996.6	0.398992	-0.0718539
14007.3	0.404037	-0.123836
14018.1	0.409293	-0.177759
14028.9	0.414771	-0.2338
14039.6	0.420464	-0.292126
14050.4	0.426352	-0.352889
14061.2	0.432407	-0.41622
14071.9	0.43859	-0.482231
14082.7	0.444859	-0.551002
14093.5	0.451165	-0.622585
14104.2	0.457466	-0.696999
14115	0.463724	-0.774232
14125.8	0.469915	-0.854243
14136.5	0.476035	-0.936965
14147.3	0.482107	-1.02232
14158.1	0.488189	-1.11024
14168.8	0.494375	-1.20066
14179.6	0.500799	-1.29358
14190.4	0.507639	-1.38906
14201.1	0.515109	-1.48725
14211.9	0.52345	-1.58844
14222.7	0.532922	-1.69311
14233.4	0.543771	-1.80191
14244.2	0.556191	-1.91575
14255	0.570249	-2.03581
14265.7	0.585768	-2.16352
14276.5	0.602141	-2.3005
14287.3	0.618075	-2.44836
14298	0.631322	-2.60817
14308.8	0.638606	-2.77959
14319.6	0.636122	-2.95981
14330.3	0.620931	3.14057
14341.1	0.59282	2.96442
14351.9	0.555215	2.80509
14362.6	0.514143	2.67073
14373.4	0.476032	2.56505
14384.2	0.44595	2.48612
14394.9	0.426841	2.42637
14405.7	0.419387	2.37423
14416.5	0.422122	2.31757
14427.2	0.431854	2.24769
14438	0.444482	2.16172
14448.8	0.456118	2.06228
14459.5	0.464153	1.95528
14470.3	0.467768	1.84726
14481.1	0.467701	1.74338
14491.8	0.465544	1.64658
14502.6	0.46306	1.55757
14513.4	0.461743	1.4753
14524.1	0.462621	1.39743
14534.9	0.466136	1.32082
14545.7	0.472027	1.24201
14556.4	0.479214	1.15806
14567.2	0.485839	1.06745
14578	0.489674	0.970957
14588.7	0.48892	0.871767
14599.5	0.482984	0.774424
14610.3	0.472641	0.683202
14621	0.459496	0.600845
14631.8	0.445251	0.528289
14642.6	0.431233	0.465098
14653.3	0.418269	0.410108
14664.1	0.406773	0.361929
14674.9	0.396887	0.319231
14685.6	0.388591	0.280867
14696.4	0.381791	0.245897
14707.2	0.376361	0.213579
14717.9	0.37217	0.183329
14728.7	0.369097	0.154692
14739.5	0.367035	0.127314
14750.2	0.365891	0.100916
14761	0.365586	0.075275
14771.8	0.366056	0.0502146
14782.5	0.367248	0.0255899
14793.3	0.36912	0.00128113
14804.1	0.371638	-0.0228122
14814.8	0.374775	-0.046776
14825.6	0.378513	-0.0706851
14836.4	0.382838	-0.0946061
14847.1	0.387742	-0.118599
14857.9	0.393222	-0.142718
14868.7	0.399279	-0.167017
14879.4	0.405916	-0.191543
14890.2	0.413142	-0.216344
14901	0.420967	-0.241466
14911.7	0.429407	-0.266957
14922.5	0.438479	-0.292861
14933.3	0.448202	-0.319224
14944	0.458598	-0.346096
14954.8	0.469695	-0.373523
14965.6	0.481517	-0.401556
14976.3	0.494097	-0.430247
14987.1	0.507464	-0.459649
14997.9	0.521654	-0.489818
15008.6	0.536701	-0.520812
15019.4	0.552643	-0.552691
15030.2	0.569515	-0.585518
15040.9	0.587357	-0.619359
15051.7	0.606205	-0.654282
15062.5	0.626096	-0.690357
15073.2	0.647063	-0.727657
15084	0.669137	-0.766255
15094.8	0.692342	-0.806228
15105.5	0.716699	-0.847652
15116.3	0.742215	-0.890602
15127.1	0.76889	-0.935155
15137.8	0.796709	-0.981383
15148.6	0.825638	-1.02936
15159.4	0.855624	-1.07914
15170.1	0.886589	-1.13078
15180.9	0.918425	-1.18433
15191.7	0.950991	-1.23982
15202.4	0.984106	-1.29725
15213.2	1.01755	-1.3566
15224	1.05106	-1.41778
15234.7	1.08435	-1.48066
15245.5	1.11716	-1.54502
15256.3	1.14933	-1.61055
15267	1.18089	-1.67698
15277.8	1.21205	-1.7441
15288.6	1.24316	-1.81196
15299.3	1.27447	-1.88077
15310.1	1.30604	-1.95085
15320.9	1.33774	-2.02243
15331.6	1.36934	-2.09567
15342.4	1.40068	-2.17068
15353.2	1.43159	-2.24756
15363.9	1.46196	-2.32646
15374.7	1.49166	-2.4076
15385.5	1.52046	-2.49128
15396.2	1.54803	-2.57786
15407	1.57379	-2.66776
15417.8	1.59687	-2.76145
15428.5	1.61607	-2.85937
15439.3	1.62974	-2.96186
15450.1	1.63584	-3.06909
15460.8	1.63205	3.10226
15471.6	1.61599	2.98637
15482.4	1.58571	2.86749
15493.1	1.54012	2.74722
15503.9	1.47946	2.62758
15514.7	1.40546	2.5108
15525.4	1.32112	2.3991
15536.2	1.2302	2.29435
15547	1.13656	2.19797
15557.7	1.04362	2.11082
15568.5	0.954031	2.03327
15579.3	0.869606	1.96532
15590	0.791394	1.90664
15600.8	0.719833	1.85677
15611.6	0.65492	1.81512
15622.3	0.596357	1.78111
15633.1	0.543662	1.75417
15643.9	0.496251	1.73384
15654.6	0.453502	1.71988
15665.4	0.414811	1.71239
15676.2	0.379681	1.71199
15686.9	0.347842	1.71998
15697.7	0.319385	1.73814
15708.5	0.294798	1.76776
15719.2	0.274724	1.80815
15730	0.25945	1.85571
15740.8	0.24855	1.90508
15751.5	0.24103	1.9517
15762.3	0.235787	1.99328
15773.1	0.231947	2.0295
15783.8	0.22894	2.06103
15794.6	0.226429	2.0888
15805.4	0.224222	2.11366
15816.1	0.2222	2.13631
15826.9	0.220278	2.15731
15837.7	0.218389	2.17717
15848.4	0.216475	2.19633
15859.2	0.214478	2.21529
15870	0.212348	2.23457
15880.7	0.210041	2.25477
15891.5	0.207524	2.2766
15902.3	0.204777	2.30091
15913	0.201809	2.32875
15923.8	0.198664	2.36136
15934.6	0.195443	2.40024
15945.3	0.192333	2.44715
15956.1	0.189646	2.50399
15966.9	0.187867	2.57259
15977.6	0.187711	2.65424
15988.4	0.190163	2.74878
15999.2	0.19648	2.85371
16009.9	0.208102	2.96352
16020.7	0.226498	3.07029
16031.5	0.252984	-3.1176
16042.2	0.288631	-3.04054
16053	0.334262	-2.98561
16063.8	0.390502	-2.95403
16074.5	0.45779	-2.94525
16085.3	0.53632	-2.95779
16096.1	0.625906	-2.98979
16106.8	0.725805	-3.03928
16117.6	0.834553	-3.10416
16128.4	0.9499	3.10098
16139.1	1.06891	3.01216
16149.9	1.18822	2.91508
16160.7	1.30445	2.81226
16171.4	1.41465	2.7061
16182.2	1.51665	2.59879
16193	1.60936	2.49212
16203.7	1.69268	2.38739
16214.5	1.76729	2.28537
16225.3	1.83425	2.18641
16236	1.89477	2.09052
16246.8	1.94996	1.9975
16257.6	2.00073	1.90703
16268.3	2.04776	1.81872
16279.1	2.09146	1.73221
16289.9	2.13203	1.64716
16300.6	2.16945	1.56329
16311.4	2.20358	1.48038
16322.2	2.23416	1.39831
16332.9	2.26089	1.31701
16343.7	2.28346	1.23648
16354.5	2.30162	1.15678
16365.2	2.31522	1.07805
16376	2.32423	1.00041
16386.8	2.32877	0.924036
16397.5	2.3291	0.84905
16408.3	2.32557	0.775551
16419.1	2.31852	0.703596
16429.8	2.30823	0.633234
16440.6	2.29496	0.564539
16451.4	2.27901	0.497619
16462.1	2.26081	0.432593
16472.9	2.24088	0.369556
16483.7	2.2198	0.308556
16494.4	2.19815	0.249594
16505.2	2.17644	0.192629
16516	2.15515	0.137593
16526.7	2.13468	0.0843946
16537.5	2.11537	0.0329288
16548.3	2.0975	-0.0169146
16559	2.08131	-0.065246
16569.8	2.06702	-0.112169
16580.6	2.05484	-0.157776
16591.3	2.045	-0.202153
16602.1	2.03781	-0.2454
16612.9	2.03362	-0.287662
16623.6	2.03276	-0.329144
16634.4	2.03545	-0.37009
16645.2	2.04183	-0.410737
16655.9	2.05201	-0.45129
16666.7	2.06613	-0.491933
16677.5	2.08439	-0.532847
16688.2	2.10707	-0.574225
16699	2.13449	-0.616289
16709.8	2.16705	-0.659292
16720.5	2.20519	-0.703533
16731.3	2.24943	-0.749357
16742.1	2.3003	-0.797173
16752.8	2.3584	-0.847465
16763.6	2.4243	-0.900809
16774.4	2.49856	-0.957892
16785.1	2.58156	-1.01953
16795.9	2.67338	-1.08671
16806.7	2.77351	-1.16055
16817.4	2.88039	-1.24235
16828.2	2.99084	-1.33351
16839	3.09917	-1.43541
16849.7	3.19639	-1.54914
16860.5	3.26981	-1.67508
16871.3	3.30404	-1.81237
16882	3.2841	-1.95839
16892.8	3.20064	-2.10868
16903.6	3.05456	-2.25751
16914.3	2.85781	-2.39908
16925.1	2.62934	-2.52873
16935.9	2.38891	-2.64356
16946.6	2.15255	-2.74239
16957.4	1.93088	-2.82533
16968.2	1.72965	-2.89334
16978.9	1.55103	-2.94788
16989.7	1.39471	-2.99084
17000.5	1.25871	-3.02432
17011.2	1.13989	-3.05031
17022	1.03465	-3.07006
17032.8	0.939775	-3.08353
17043.5	0.853183	-3.08936
17054.3	0.774094	-3.08528
17065.1	0.702735	-3.06874
17075.8	0.639902	-3.03743
17086.6	0.586671	-2.98964
17097.4	0.544266	-2.92488
17108.1	0.513963	-2.84462
17118.9	0.496924	-2.75311
17129.7	0.49393	-2.65734
17140.4	0.505154	-2.56588
17151.2	0.530103	-2.48674
17162	0.567785	-2.42574
17172.7	0.616959	-2.386
17183.5	0.676284	-2.36856
17194.3	0.744286	-2.37329
17205	0.819129	-2.39956
17215.8	0.898253	-2.44655
17226.6	0.977958	-2.5132
17237.3	1.05316	-2.59793
17248.1	1.11758	-2.69824
17258.9	1.16474	-2.81038
17269.6	1.18961	-2.92948
17280.4	1.19017	-3.05012
17291.2	1.16806	3.11595
17301.9	1.12772	3.00625
17312.7	1.07479	2.90638
17323.5	1.01463	2.81735
17334.2	0.951486	2.73915
17345	0.888317	2.67124
17355.8	0.826956	2.6128
17366.5	0.768405	2.56298
17377.3	0.713114	2.52107
17388.1	0.66119	2.4865
17398.8	0.612551	2.45893
17409.6	0.567021	2.43824
17420.4	0.524399	2.42456
17431.1	0.484499	2.4183
17441.9	0.44718	2.42018
17452.7	0.412383	2.43125
17463.4	0.380151	2.45298
17474.2	0.350671	2.48717
17485	0.324316	2.53594
17495.7	0.301688	2.60134
17506.5	0.283648	2.68465
17517.3	0.271288	2.78528
17528	0.265796	2.89934
17538.8	0.268202	3.01919
17549.6	0.279074	3.13475
17560.3	0.29834	-3.0467
17571.1	0.32533	-2.96505
17581.9	0.358957	-2.90569
17592.6	0.397952	-2.86751
17603.4	0.441139	-2.8474
17614.2	0.487756	-2.84163
17624.9	0.537673	-2.84707
17635.7	0.591268	-2.86201
17646.5	0.64896	-2.88605
17657.2	0.710742	-2.91949
17668	0.775963	-2.96251
17678.8	0.843358	-3.01492
17689.5	0.911189	-3.07601
17700.3	0.977413	3.13852
17711.1	1.03989	3.06372
17721.8	1.09661	2.98438
17732.6	1.14594	2.90223
17743.4	1.18678	2.81895
17754.1	1.21869	2.73608
17764.9	1.24185	2.65493
17775.7	1.25698	2.5765
17786.4	1.26511	2.50152
17797.2	1.26745	2.4304
17808	1.26524	2.36333
17818.7	1.25962	2.30032
17829.5	1.2516	2.24123
17840.3	1.24202	2.18586
17851	1.23157	2.13394
17861.8	1.22077	2.08519
17872.6	1.21006	2.03932
17883.3	1.19972	1.99603
17894.1	1.19001	1.95508
17904.9	1.18107	1.9162
17915.6	1.17303	1.87918
17926.4	1.16597	1.84381
17937.2	1.15994	1.80989
17947.9	1.15498	1.77727
17958.7	1.15111	1.74579
17969.5	1.14833	1.71531
17980.2	1.14666	1.68571
17991	1.14609	1.65689
18001.8	1.14661	1.62875
18012.5	1.14823	1.6012
18023.3	1.15094	1.57416
18034.1	1.15473	1.54757
18044.8	1.1596	1.52138
18055.6	1.16556	1.49553
18066.4	1.1726	1.46998
18077.1	1.18073	1.4447
18087.9	1.18996	1.41969
18098.7	1.20031	1.39493
18109.4	1.21181	1.37044
18120.2	1.2245	1.34625
18131	1.23844	1.32242
18141.7	1.25374	1.29903
18152.5	1.27058	1.27621
18163.3	1.28926	1.25412
18174	1.31026	1.23291
18184.8	1.33435	1.21271
18195.6	1.36269	1.19346
18206.3	1.39676	1.17471
18217.1	1.43815	1.15547
18227.9	1.4879	1.13416
18238.6	1.5458	1.10911
18249.4	1.61032	1.07928
18260.2	1.67937	1.04461
18270.9	1.75135	1.00581
18281.7	1.82571	0.963749
18292.5	1.90273	0.919062
18303.2	1.98322	0.872013
18314	2.06808	0.82254
18324.8	2.15819	0.770347
18335.5	2.25419	0.714982
18346.3	2.35649	0.655882
18357.1	2.4651	0.592406
18367.8	2.5795	0.523859
18378.6	2.69842	0.449522
18389.4	2.81957	0.368698
18400.1	2.93933	0.280793
18410.9	3.05248	0.185436
18421.7	3.15215	0.082638
18432.4	3.23024	-0.0270142
18443.2	3.27853	-0.142204
18454	3.29046	-0.260863
18464.7	3.2631	-0.380387
18475.5	3.19818	-0.498128
18486.3	3.10131	-0.611948
18497	2.97966	-0.720512
18507.8	2.83983	-0.823113
18518.6	2.68716	-0.919277
18529.3	2.52604	-1.00849
18540.1	2.36031	-1.09015
18550.9	2.19331	-1.16357
18561.6	2.02795	-1.22788
18572.4	1.86685	-1.282
18583.2	1.71262	-1.32458
18593.9	1.56801	-1.35416
18604.7	1.43565	-1.36945
18615.5	1.31782	-1.36944
18626.2	1.21638	-1.35338
18637	1.13325	-1.32093
18647.8	1.07086	-1.27267
18658.5	1.03225	-1.21129
18669.3	1.02044	-1.14257
18680.1	1.03722	-1.07527
18690.8	1.08202	-1.01902
18701.6	1.15141	-0.981459
18712.4	1.23958	-0.966409
18723.1	1.33929	-0.97392
18733.9	1.44292	-1.00142
18744.7	1.54345	-1.04501
18755.4	1.63523	-1.10039
18766.2	1.71443	-1.16355
18777	1.77925	-1.23102
18787.7	1.82964	-1.30011
18798.5	1.86686	-1.36887
18809.3	1.89292	-1.43602
18820	1.91014	-1.50082
18830.8	1.92082	-1.56297
18841.6	1.92704	-1.62242
18852.3	1.93059	-1.67933
18863.1	1.93294	-1.73398
18873.9	1.9353	-1.78673
18884.6	1.93867	-1.83798
18895.4	1.94383	-1.88816
18906.2	1.95146	-1.93774
18916.9	1.9621	-1.98721
18927.7	1.97624	-2.0371
18938.5	1.99426	-2.088
18949.2	2.01648	-2.14056
18960	2.04309	-2.19553
18970.8	2.07411	-2.25378
18981.5	2.10925	-2.31632
18992.3	2.1477	-2.38428
19003.1	2.18788	-2.45899
19013.8	2.22699	-2.5418
19024.6	2.26055	-2.63402
19035.4	2.28207	-2.73658
19046.1	2.2832	-2.84962
19056.9	2.25498	-2.97197
19067.7	2.19017	-3.10089
19078.4	2.08597	3.05102
19089.2	1.94558	2.92251
19100	1.77764	2.80211
19110.7	1.59405	2.69477
19121.5	1.40716	2.60461
19132.3	1.22745	2.53473
19143	1.0623	2.48722
19153.8	0.915951	2.46349
19164.6	0.790209	2.46446
19175.3	0.685361	2.49062
19186.1	0.600886	2.54157
19196.9	0.535854	2.61533
19207.6	0.489015	2.70743
19218.4	0.458711	2.81077
19229.2	0.442804	2.9167
19239.9	0.438779	3.01715
19250.7	0.444038	3.1064
19261.5	0.456207	-3.1015
19272.2	0.473332	-3.04057
19283	0.493928	-2.99297
19293.8	0.516924	-2.9571
19304.5	0.541576	-2.93126
19315.3	0.567376	-2.91392
19326	0.593976	-2.90377
19336.8	0.621122	-2.89978
19347.6	0.648606	-2.90114
19358.3	0.676216	-2.90722
19369.1	0.703702	-2.91752
19379.9	0.730724	-2.93163
19390.6	0.756826	-2.94908
19401.4	0.781421	-2.9693
19412.2	0.803828	-2.99146
19422.9	0.823411	-3.01431
19433.7	0.83985	-3.03617
19444.5	0.853505	-3.0551
19455.2	0.865675	-3.06938
19466	0.878503	-3.0782
19476.8	0.894419	-3.08211
19487.5	0.915404	-3.0829
19498.3	0.942532	-3.08285
19509.1	0.97599	-3.08401
19519.8	1.01541	-3.08775
19530.6	1.06022	-3.09476
19541.4	1.10992	-3.10524
19552.1	1.16416	-3.11908
19562.9	1.22279	-3.1361
19573.7	1.28581	3.12713
19584.4	1.35341	3.1044
19595.2	1.42586	3.07903
19606	1.50353	3.05108
19616.7	1.58689	3.02056
19627.5	1.67647	2.98742
19638.3	1.77285	2.95154
19649	1.87664	2.91275
19659.8	1.98848	2.87085
19670.6	2.10898	2.82555
19681.3	2.23871	2.77655
19692.1	2.37808	2.72347
19702.9	2.52725	2.66591
19713.6	2.68603	2.60345
19724.4	2.85366	2.53566
19735.2	3.02862	2.46213
19745.9	3.20837	2.38253
19756.7	3.38915	2.29667
19767.5	3.56582	2.20458
19778.2	3.73198	2.10656
19789	3.88035	2.0033
19799.8	4.00357	1.89589
19810.5	4.09526	1.78579
19821.3	4.1512	1.67471
19832.1	4.17003	1.56446
19842.8	4.15352	1.45674
19853.6	4.10601	1.35296
19864.4	4.03351	1.25419
19875.1	3.94261	1.16105
19885.9	3.83962	1.07382
19896.7	3.73003	0.992471
19907.4	3.61823	0.916775
19918.2	3.50752	0.846368
19929	3.40021	0.78082
19939.7	3.29786	0.719685
19950.5	3.20142	0.662536
19961.3	3.11147	0.608977
19972	3.0283	0.558658
19982.8	2.95212	0.511263
19993.6	2.88307	0.466497
