num_points: 929
frequency_Hz  magnitude  phase_rad
0.1  3.86401e-05  1.49922
10.7666  0.00426135  1.57207
21.5332  0.00860839  1.55252
32.2998  0.0130143  1.53427
43.0664  0.0174968  1.51658
53.833  0.0220785  1.49918
64.5996  0.0267855  1.48197
75.3662  0.0316474  1.46488
86.1328  0.0366982  1.44787
96.8994  0.041977  1.4309
107.666  0.0475291  1.41391
118.433  0.0534078  1.39684
129.199  0.0596761  1.37964
139.966  0.0664091  1.36221
150.732  0.0736975  1.34444
161.499  0.0816518  1.3262
172.266  0.0904086  1.30733
183.032  0.100138  1.28762
193.799  0.111056  1.26681
204.565  0.123439  1.24457
215.332  0.137649  1.22046
226.099  0.154169  1.1939
236.865  0.173652  1.1641
247.632  0.197005  1.12995
258.398  0.225517  1.08985
269.165  0.261063  1.04141
279.932  0.306428  0.980928
290.698  0.365806  0.902401
301.465  0.445361  0.795783
312.231  0.55292  0.643915
322.998  0.691908  0.419326
333.765  0.835199  0.0924787
344.531  0.893787  -0.317474
355.298  0.817339  -0.704379
366.064  0.685512  -0.989967
376.831  0.567162  -1.18259
387.598  0.476363  -1.31395
398.364  0.408484  -1.40746
409.131  0.357116  -1.47712
419.897  0.317385  -1.53115
430.664  0.285957  -1.57452
441.431  0.260582  -1.61034
452.197  0.23972  -1.64064
462.964  0.222298  -1.6668
473.73  0.20755  -1.68977
484.497  0.194918  -1.71025
495.264  0.183987  -1.72873
506.03  0.174442  -1.74559
516.797  0.166043  -1.76113
527.563  0.158598  -1.77557
538.33  0.15196  -1.78909
549.097  0.146007  -1.80182
559.863  0.140643  -1.81389
570.63  0.135788  -1.82538
581.396  0.131376  -1.83638
592.163  0.127353  -1.84694
602.93  0.123672  -1.85713
613.696  0.120294  -1.86698
624.463  0.117186  -1.87654
635.229  0.114321  -1.88584
645.996  0.111672  -1.89491
656.763  0.109221  -1.90376
667.529  0.106947  -1.91243
678.296  0.104834  -1.92094
689.063  0.10287  -1.92929
699.829  0.10104  -1.9375
710.596  0.0993353  -1.94559
721.362  0.0977448  -1.95357
732.129  0.09626  -1.96145
742.896  0.0948734  -1.96923
753.662  0.0935778  -1.97692
764.429  0.0923672  -1.98454
775.195  0.0912358  -1.99209
785.962  0.0901788  -1.99957
796.729  0.0891914  -2.00699
807.495  0.0882695  -2.01436
818.262  0.0874095  -2.02167
829.028  0.0866079  -2.02894
839.795  0.0858616  -2.03616
850.562  0.0851679  -2.04335
861.328  0.084524  -2.0505
872.095  0.0839277  -2.05761
882.861  0.0833769  -2.06469
893.628  0.0828696  -2.07175
904.395  0.0824039  -2.07877
915.161  0.0819784  -2.08578
925.928  0.0815914  -2.09276
936.694  0.0812416  -2.09971
947.461  0.0809277  -2.10665
958.228  0.0806486  -2.11357
968.994  0.0804034  -2.12048
979.761  0.0801909  -2.12737
990.527  0.0800104  -2.13424
1001.29  0.0798611  -2.14111
1012.06  0.0797422  -2.14796
1022.83  0.0796532  -2.1548
1033.59  0.0795935  -2.16163
1044.36  0.0795626  -2.16845
1055.13  0.07956  -2.17527
1065.89  0.0795853  -2.18207
1076.66  0.0796382  -2.18887
1087.43  0.0797184  -2.19567
1098.19  0.0798257  -2.20246
1108.96  0.0799599  -2.20925
1119.73  0.0801208  -2.21603
1130.49  0.0803083  -2.22281
1141.26  0.0805224  -2.22959
1152.03  0.0807631  -2.23636
1162.79  0.0810303  -2.24313
1173.56  0.0813242  -2.24991
1184.33  0.0816448  -2.25668
1195.09  0.0819923  -2.26345
1205.86  0.0823668  -2.27022
1216.63  0.0827686  -2.277
1227.39  0.083198  -2.28377
1238.16  0.0836551  -2.29055
1248.93  0.0841403  -2.29733
1259.69  0.084654  -2.30411
1270.46  0.0851967  -2.31089
1281.23  0.0857687  -2.31768
1291.99  0.0863705  -2.32447
1302.76  0.0870027  -2.33127
1313.53  0.0876658  -2.33806
1324.29  0.0883605  -2.34487
1335.06  0.0890873  -2.35168
1345.83  0.0898471  -2.35849
1356.59  0.0906405  -2.36531
1367.36  0.0914683  -2.37214
1378.13  0.0923314  -2.37897
1388.89  0.0932308  -2.38581
1399.66  0.0941672  -2.39265
1410.42  0.0951418  -2.3995
1421.19  0.0961557  -2.40637
1431.96  0.0972099  -2.41323
1442.72  0.0983056  -2.42011
1453.49  0.0994442  -2.427
1464.26  0.100627  -2.43389
1475.02  0.101855  -2.44079
1485.79  0.10313  -2.44771
1496.56  0.104454  -2.45463
1507.32  0.105829  -2.46156
1518.09  0.107255  -2.46851
1528.86  0.108735  -2.47546
1539.62  0.110271  -2.48243
1550.39  0.111865  -2.48941
1561.16  0.113519  -2.4964
1571.92  0.115235  -2.50341
1582.69  0.117016  -2.51042
1593.46  0.118864  -2.51746
1604.22  0.120782  -2.5245
1614.99  0.122774  -2.53156
1625.76  0.124841  -2.53864
1636.52  0.126987  -2.54573
1647.29  0.129215  -2.55283
1658.06  0.13153  -2.55996
1668.82  0.133935  -2.5671
1679.59  0.136433  -2.57426
1690.36  0.13903  -2.58143
1701.12  0.141729  -2.58863
1711.89  0.144535  -2.59584
1722.66  0.147455  -2.60308
1733.42  0.150492  -2.61034
1744.19  0.153653  -2.61762
1754.96  0.156944  -2.62492
1765.72  0.160371  -2.63225
1776.49  0.163942  -2.63959
1787.26  0.167663  -2.64697
1798.02  0.171544  -2.65437
1808.79  0.175592  -2.6618
1819.56  0.179816  -2.66926
1830.32  0.184226  -2.67675
1841.09  0.188833  -2.68426
1851.86  0.193648  -2.69181
1862.62  0.198682  -2.6994
1873.39  0.20395  -2.70702
1884.16  0.209463  -2.71467
1894.92  0.215239  -2.72236
1905.69  0.221292  -2.7301
1916.46  0.22764  -2.73787
1927.22  0.234303  -2.74569
1937.99  0.2413  -2.75355
1948.75  0.248653  -2.76147
1959.52  0.256387  -2.76943
1970.29  0.264528  -2.77745
1981.05  0.273105  -2.78552
1991.82  0.282147  -2.79365
2002.59  0.291691  -2.80185
2013.35  0.301771  -2.81011
2024.12  0.31243  -2.81844
2034.89  0.323712  -2.82684
2045.65  0.335666  -2.83533
2056.42  0.348347  -2.8439
2067.19  0.361815  -2.85256
2077.95  0.376136  -2.86131
2088.72  0.391385  -2.87017
2099.49  0.407644  -2.87914
2110.25  0.425005  -2.88823
2121.02  0.443572  -2.89745
2131.79  0.46346  -2.90681
2142.55  0.484801  -2.91632
2153.32  0.507741  -2.92599
2164.09  0.532449  -2.93584
2174.85  0.559116  -2.94589
2185.62  0.58796  -2.95615
2196.39  0.619234  -2.96665
2207.15  0.653227  -2.97741
2217.92  0.690275  -2.98846
2228.69  0.730772  -2.99984
2239.45  0.775177  -3.01158
2250.22  0.824036  -3.02374
2260.99  0.877994  -3.03635
2271.75  0.937825  -3.04951
2282.52  1.00446  -3.06327
2293.29  1.07905  -3.07774
2304.05  1.16297  -3.09304
2314.82  1.25798  -3.10932
2325.59  1.36625  -3.12675
2336.35  1.49057  3.1376
2347.12  1.63452  3.11707
2357.89  1.80281  3.09443
2368.65  2.00173  3.06914
2379.42  2.23985  3.04045
2390.19  2.52911  3.00733
2400.95  2.88651  2.96823
2411.72  3.33697  2.92088
2422.49  3.9178  2.86172
2433.25  4.68597  2.78497
2444.02  5.72749  2.68083
2454.79  7.1592  2.53234
2465.55  9.06234  2.31137
2476.32  11.1381  1.98451
2487.08  12.1567  1.56429
2497.85  11.2364  1.16119
2508.62  9.46119  0.864003
2519.38  7.85867  0.664997
2530.15  6.64065  0.529812
2540.92  5.74093  0.43347
2551.68  5.06863  0.361277
2562.45  4.55568  0.304731
2573.22  4.15597  0.258757
2583.98  3.83866  0.22019
2594.75  3.58283  0.186979
2605.52  3.37395  0.157741
2616.28  3.20173  0.131513
2627.05  3.05872  0.107606
2637.82  2.93942  0.0855098
2648.58  2.83968  0.0648434
2659.35  2.75636  0.0453118
2670.12  2.68703  0.0266837
2680.88  2.6298  0.00877356
2691.65  2.58318  -0.00856985
2702.42  2.54602  -0.0254726
2713.18  2.51738  -0.0420415
2723.95  2.49655  -0.0583692
2734.72  2.48299  -0.0745377
2745.48  2.47626  -0.0906211
2756.25  2.47608  -0.106688
2767.02  2.48223  -0.122803
2777.78  2.49462  -0.13903
2788.55  2.51321  -0.155431
2799.32  2.53808  -0.17207
2810.08  2.56936  -0.189012
2820.85  2.60728  -0.206327
2831.62  2.65214  -0.22409
2842.38  2.70435  -0.242383
2853.15  2.76442  -0.261297
2863.92  2.83295  -0.280935
2874.68  2.91071  -0.301411
2885.45  2.99859  -0.322861
2896.22  3.09767  -0.34544
2906.98  3.20923  -0.369329
2917.75  3.3348  -0.394744
2928.52  3.47618  -0.421942
2939.28  3.63552  -0.451233
2950.05  3.81539  -0.482992
2960.82  4.0188  -0.517676
2971.58  4.2493  -0.55585
2982.35  4.51099  -0.598213
2993.12  4.80856  -0.645632
3003.88  5.14712  -0.69919
3014.65  5.53182  -0.76023
3025.42  5.967  -0.830404
3036.18  6.45445  -0.911692
3046.95  6.99028  -1.00635
3057.71  7.55981  -1.11673
3068.48  8.13078  -1.24472
3079.25  8.64772  -1.39092
3090.01  9.03463  -1.55338
3100.78  9.21482  -1.72674
3111.55  9.1449  -1.90265
3122.31  8.83935  -2.072
3133.08  8.36219  -2.2276
3143.85  7.794  -2.36565
3154.61  7.20274  -2.48549
3165.38  6.63258  -2.58844
3176.15  6.10644  -2.67668
3186.91  5.63284  -2.75256
3197.68  5.21217  -2.81822
3208.45  4.84083  -2.87549
3219.21  4.5137  -2.92589
3229.98  4.22535  -2.97062
3240.75  3.97068  -3.01068
3251.51  3.74512  -3.04683
3262.28  3.54469  -3.07973
3273.05  3.36599  -3.10986
3283.81  3.20612  -3.13766
3294.58  3.06265  3.11973
3305.35  2.9335  3.09565
3316.11  2.8169  3.07306
3326.88  2.71137  3.05176
3337.65  2.61562  3.03159
3348.41  2.52856  3.01242
3359.18  2.44927  2.99413
3369.95  2.37692  2.97661
3380.71  2.31084  2.95978
3391.48  2.2504  2.94356
3402.25  2.19509  2.9279
3413.01  2.14444  2.91273
3423.78  2.09806  2.89801
3434.55  2.05559  2.88369
3445.31  2.01673  2.86973
3456.08  1.98119  2.85609
3466.85  1.94874  2.84276
3477.61  1.91917  2.8297
3488.38  1.89228  2.81688
3499.15  1.86792  2.80429
3509.91  1.84593  2.7919
3520.68  1.82619  2.77969
3531.45  1.80857  2.76766
3542.21  1.79299  2.75578
3552.98  1.77935  2.74404
3563.75  1.76757  2.73243
3574.51  1.75758  2.72093
3585.28  1.74934  2.70954
3596.04  1.74279  2.69824
3606.81  1.73789  2.68703
3617.58  1.73462  2.67589
3628.34  1.73294  2.66482
3639.11  1.73284  2.65381
3649.88  1.73431  2.64285
3660.64  1.73734  2.63194
3671.41  1.74194  2.62106
3682.18  1.74812  2.61021
3692.94  1.75589  2.59939
3703.71  1.76529  2.58858
3714.48  1.77633  2.57778
3725.24  1.78906  2.56699
3736.01  1.80352  2.55619
3746.78  1.81977  2.54539
3757.54  1.83787  2.53457
3768.31  1.85789  2.52372
3779.08  1.87992  2.51285
3789.84  1.90404  2.50194
3800.61  1.93037  2.49099
3811.38  1.95902  2.47999
3822.14  1.99012  2.46893
3832.91  2.02383  2.4578
3843.68  2.06031  2.44659
3854.44  2.09975  2.4353
3865.21  2.14237  2.4239
3875.98  2.18839  2.4124
3886.74  2.2381  2.40078
3897.51  2.29178  2.38902
3908.28  2.34979  2.3771
3919.04  2.41251  2.36502
3929.81  2.48038  2.35276
3940.58  2.5539  2.34028
3951.34  2.63366  2.32757
3962.11  2.7203  2.3146
3972.88  2.81458  2.30134
3983.64  2.9174  2.28774
3994.41  3.02978  2.27378
4005.18  3.15293  2.2594
4015.94  3.28825  2.24454
4026.71  3.43743  2.22914
4037.48  3.60248  2.21311
4048.24  3.7858  2.19636
4059.01  3.99033  2.17878
4069.78  4.21963  2.16021
4080.54  4.47814  2.14047
4091.31  4.77136  2.11936
4102.08  5.10628  2.09657
4112.84  5.49182  2.07174
4123.61  5.93955  2.0444
4134.38  6.46471  2.0139
4145.14  7.08768  1.97938
4155.91  7.83619  1.93961
4166.67  8.74852  1.89287
4177.44  9.87817  1.83663
4188.21  11.3002  1.76705
4198.97  13.1173  1.67824
4209.74  15.4569  1.56092
4220.51  18.422  1.40091
4231.27  21.8859  1.17937
4242.04  24.9976  0.883084
4252.81  26.0418  0.533909
4263.57  24.2579  0.198842
4274.34  21.0228  -0.0688028
4285.11  17.8145  -0.264649
4295.87  15.1614  -0.406523
4306.64  13.0797  -0.511867
4317.41  11.4559  -0.592818
4328.17  10.176  -0.657174
4338.94  9.15171  -0.709925
4349.71  8.31905  -0.754329
4360.47  7.63209  -0.792569
4371.24  7.05778  -0.826152
4382.01  6.57198  -0.856145
4392.77  6.15681  -0.88332
4403.54  5.79878  -0.908251
4414.31  5.48759  -0.931371
4425.07  5.21525  -0.953012
4435.84  4.97547  -0.973434
4446.61  4.76325  -0.992845
4457.37  4.57458  -1.01141
4468.14  4.4062  -1.02926
4478.91  4.25542  -1.04651
4489.67  4.12003  -1.06325
4500.44  3.99819  -1.07956
4511.21  3.88836  -1.09551
4521.97  3.78924  -1.11114
4532.74  3.69971  -1.12651
4543.51  3.61883  -1.14166
4554.27  3.54579  -1.15663
4565.04  3.47991  -1.17144
4575.81  3.42057  -1.18613
4586.57  3.36727  -1.20073
4597.34  3.31955  -1.21526
4608.11  3.27703  -1.22973
4618.87  3.23937  -1.24418
4629.64  3.20627  -1.25862
4640.41  3.17748  -1.27306
4651.17  3.15279  -1.28753
4661.94  3.13201  -1.30204
4672.71  3.11498  -1.3166
4683.47  3.10156  -1.33124
4694.24  3.09164  -1.34597
4705  3.08514  -1.3608
4715.77  3.08198  -1.37575
4726.54  3.08211  -1.39083
4737.3  3.08549  -1.40606
4748.07  3.09212  -1.42146
4758.84  3.10198  -1.43704
4769.6  3.11509  -1.45283
4780.37  3.13148  -1.46883
4791.14  3.1512  -1.48507
4801.9  3.1743  -1.50157
4812.67  3.20087  -1.51835
4823.44  3.231  -1.53543
4834.2  3.2648  -1.55284
4844.97  3.3024  -1.57061
4855.74  3.34396  -1.58876
4866.5  3.38963  -1.60733
4877.27  3.43962  -1.62635
4888.04  3.49413  -1.64585
4898.8  3.55341  -1.66588
4909.57  3.61772  -1.68647
4920.34  3.68735  -1.70769
4931.1  3.76263  -1.72957
4941.87  3.84391  -1.75219
4952.64  3.93158  -1.7756
4963.4  4.02608  -1.79987
4974.17  4.12785  -1.82508
4984.94  4.23742  -1.85133
4995.7  4.35532  -1.8787
5006.47  4.48214  -1.90731
5017.24  4.61848  -1.93728
5028  4.765  -1.96874
5038.77  4.92237  -2.00184
5049.54  5.09126  -2.03675
5060.3  5.27231  -2.07365
5071.07  5.46614  -2.11274
5081.84  5.67324  -2.15424
5092.6  5.89396  -2.19841
5103.37  6.12838  -2.2455
5114.14  6.37622  -2.29578
5124.9  6.63667  -2.34955
5135.67  6.90823  -2.40709
5146.44  7.18848  -2.46867
5157.2  7.47387  -2.53454
5167.97  7.75952  -2.60486
5178.74  8.03907  -2.67973
5189.5  8.30468  -2.75908
5200.27  8.54732  -2.8427
5211.04  8.75723  -2.93016
5221.8  8.92485  -3.02082
5232.57  9.04184  -3.11382
5243.33  9.10224  3.07505
5254.1  9.10334  2.98052
5264.87  9.04611  2.88692
5275.63  8.935  2.79529
5286.4  8.77722  2.70654
5297.17  8.58166  2.62133
5307.93  8.35782  2.54016
5318.7  8.11488  2.46329
5329.47  7.861  2.39079
5340.23  7.60305  2.32261
5351  7.34646  2.2586
5361.77  7.09534  2.19852
5372.53  6.85261  2.14209
5383.3  6.62022  2.08905
5394.07  6.39939  2.03909
5404.83  6.19073  1.99193
5415.6  5.99443  1.94731
5426.37  5.81039  1.90498
5437.13  5.6383  1.8647
5447.9  5.47771  1.82626
5458.67  5.32811  1.78947
5469.43  5.18892  1.75417
5480.2  5.05957  1.72018
5490.97  4.93949  1.68738
5501.73  4.82811  1.65562
5512.5  4.72491  1.62481
5523.27  4.62938  1.59482
5534.03  4.54104  1.56557
5544.8  4.45947  1.53696
5555.57  4.38425  1.50893
5566.33  4.31501  1.48139
5577.1  4.25141  1.45428
5587.87  4.19312  1.42754
5598.63  4.13987  1.40111
5609.4  4.09137  1.37494
5620.17  4.04741  1.34898
5630.93  4.00774  1.32318
5641.7  3.97217  1.29749
5652.47  3.94052  1.27189
5663.23  3.91262  1.24631
5674  3.88832  1.22074
5684.77  3.86748  1.19512
5695.53  3.84997  1.16944
5706.3  3.83567  1.14364
5717.07  3.82449  1.11769
5727.83  3.81631  1.09157
5738.6  3.81106  1.06524
5749.37  3.80865  1.03866
5760.13  3.809  1.01181
5770.9  3.81204  0.984648
5781.67  3.8177  0.957147
5792.43  3.82591  0.929274
5803.2  3.8366  0.900995
5813.96  3.84971  0.872279
5824.73  3.86516  0.843093
5835.5  3.88289  0.813405
5846.26  3.90283  0.783181
5857.03  3.92488  0.752391
5867.8  3.94897  0.721
5878.56  3.975  0.688977
5889.33  4.00287  0.656291
5900.1  4.03245  0.62291
5910.86  4.06362  0.588804
5921.63  4.09624  0.553944
5932.4  4.13014  0.518302
5943.16  4.16515  0.481851
5953.93  4.20108  0.444566
5964.7  4.23772  0.406426
5975.46  4.27484  0.367409
5986.23  4.3122  0.327497
5997  4.34954  0.286674
6007.76  4.38659  0.244926
6018.53  4.42307  0.202236
6029.3  4.45872  0.15859
6040.06  4.49326  0.113966
6050.83  4.52644  0.0683296
6061.6  4.55803  0.0216283
6072.36  4.58784  -0.0262314
6083.13  4.61571  -0.0754135
6093.9  4.64144  -0.126213
6104.66  4.6646  -0.179178
6115.43  4.68387  -0.235362
6126.2  4.69437  -0.296864
6136.96  4.6772  -0.367707
6147.73  4.55966  -0.45122
6158.5  4.20992  -0.510204
6169.26  4.00661  -0.477157
6180.03  4.11778  -0.472056
6190.8  4.2217  -0.506026
6201.56  4.27689  -0.551113
6212.33  4.30047  -0.598645
6223.1  4.30478  -0.646317
6233.86  4.29665  -0.693456
6244.63  4.27996  -0.739848
6255.4  4.2571  -0.785417
6266.16  4.22968  -0.830136
6276.93  4.19884  -0.873997
6287.7  4.16545  -0.916998
6298.46  4.1302  -0.959143
6309.23  4.09366  -1.00044
6320  4.05632  -1.0409
6330.76  4.0186  -1.08053
6341.53  3.98085  -1.11936
6352.29  3.94339  -1.15741
6363.06  3.9065  -1.1947
6373.83  3.87041  -1.23125
6384.59  3.83534  -1.26709
6395.36  3.80147  -1.30226
6406.13  3.76897  -1.33677
6416.89  3.73796  -1.37068
6427.66  3.70859  -1.404
6438.43  3.68094  -1.43677
6449.19  3.65512  -1.46903
6459.96  3.63121  -1.50082
6470.73  3.60928  -1.53216
6481.49  3.5894  -1.56309
6492.26  3.57163  -1.59365
6503.03  3.55601  -1.62387
6513.79  3.54261  -1.65379
6524.56  3.53147  -1.68345
6535.33  3.52264  -1.71288
6546.09  3.51616  -1.74211
6556.86  3.51208  -1.77119
6567.63  3.51046  -1.80016
6578.39  3.51133  -1.82904
6589.16  3.51476  -1.85788
6599.93  3.52081  -1.88673
6610.69  3.52952  -1.91561
6621.46  3.54098  -1.94457
6632.23  3.55524  -1.97366
6642.99  3.57239  -2.00292
6653.76  3.5925  -2.03239
6664.53  3.61566  -2.06213
6675.29  3.64196  -2.09219
6686.06  3.6715  -2.12262
6696.83  3.70437  -2.15347
6707.59  3.74068  -2.18482
6718.36  3.78054  -2.21672
6729.13  3.82405  -2.24924
6739.89  3.87133  -2.28246
6750.66  3.92247  -2.31645
6761.43  3.97758  -2.35129
6772.19  4.03673  -2.38709
6782.96  4.1  -2.42392
6793.73  4.16743  -2.4619
6804.49  4.23903  -2.50113
6815.26  4.31475  -2.54172
6826.03  4.39449  -2.58379
6836.79  4.47807  -2.62748
6847.56  4.56521  -2.6729
6858.33  4.6555  -2.72019
6869.09  4.74839  -2.76948
6879.86  4.84313  -2.82089
6890.63  4.93878  -2.87455
6901.39  5.03414  -2.93057
6912.16  5.12774  -2.98901
6922.92  5.21784  -3.04995
6933.69  5.30241  -3.11338
6944.46  5.37913  3.10389
6955.22  5.44543  3.0356
6965.99  5.49854  2.96509
6976.76  5.53546  2.8926
6987.52  5.55289  2.8185
6998.29  5.54689  2.74336
7009.06  5.51235  2.66842
7019.82  5.44644  2.59711
7030.59  5.38738  2.53561
7041.36  5.40033  2.46908
7052.12  5.36898  2.38896
7062.89  5.28064  2.31033
7073.66  5.1667  2.23566
7084.42  5.03921  2.16444
7095.19  4.90327  2.09629
7105.96  4.76205  2.03107
7116.72  4.61802  1.96868
7127.49  4.47319  1.90906
7138.26  4.32927  1.85213
7149.02  4.18761  1.79779
7159.79  4.04927  1.74594
7170.56  3.91507  1.69644
7181.32  3.78559  1.64919
7192.09  3.66121  1.60403
7202.86  3.54217  1.56084
7213.62  3.42859  1.51949
7224.39  3.32046  1.47986
7235.16  3.21774  1.44181
7245.92  3.1203  1.40523
7256.69  3.028  1.37002
7267.46  2.94063  1.33607
7278.22  2.85801  1.30328
7288.99  2.77993  1.27157
7299.76  2.70618  1.24086
7310.52  2.63654  1.21107
7321.29  2.5708  1.18212
7332.06  2.50877  1.15395
7342.82  2.45025  1.12651
7353.59  2.39505  1.09973
7364.36  2.343  1.07356
7375.12  2.29394  1.04795
7385.89  2.24771  1.02286
7396.66  2.20417  0.998247
7407.42  2.16316  0.974071
7418.19  2.12458  0.950295
7428.96  2.08829  0.926885
7439.72  2.0542  0.903809
7450.49  2.02218  0.881036
7461.25  1.99216  0.858537
7472.02  1.96403  0.836287
7482.79  1.93773  0.814259
7493.55  1.91317  0.792428
7504.32  1.89028  0.770772
7515.09  1.869  0.749267
7525.85  1.84927  0.727893
7536.62  1.83104  0.706629
7547.39  1.81426  0.685453
7558.15  1.79888  0.664348
7568.92  1.78487  0.643292
7579.69  1.77218  0.622269
7590.45  1.76079  0.601257
7601.22  1.75067  0.58024
7611.99  1.74179  0.559199
7622.75  1.73413  0.538115
7633.52  1.72767  0.51697
7644.29  1.72239  0.495745
7655.05  1.71829  0.474421
7665.82  1.71536  0.452978
7676.59  1.71358  0.431399
7687.35  1.71296  0.409661
7698.12  1.71349  0.387745
7708.89  1.71518  0.365628
7719.65  1.71802  0.34329
7730.42  1.72204  0.320706
7741.19  1.72723  0.297853
7751.95  1.7336  0.274706
7762.72  1.74118  0.251238
7773.49  1.74998  0.227423
7784.25  1.76001  0.203231
7795.02  1.7713  0.178631
7805.79  1.78387  0.153591
7816.55  1.79774  0.128078
7827.32  1.81293  0.102055
7838.09  1.82948  0.0754849
7848.85  1.8474  0.0483264
7859.62  1.86673  0.0205371
7870.39  1.88748  -0.00792809
7881.15  1.90968  -0.0371172
7891.92  1.93334  -0.0670809
7902.69  1.95849  -0.0978726
7913.45  1.98514  -0.129549
7924.22  2.01327  -0.162168
7934.99  2.04289  -0.195793
7945.75  2.07398  -0.230488
7956.52  2.10649  -0.26632
7967.29  2.14036  -0.303357
7978.05  2.17553  -0.341669
7988.82  2.21188  -0.381328
7999.58  2.24927  -0.422402
8010.35  2.28752  -0.46496
8021.12  2.32641  -0.509066
8031.88  2.36567  -0.554777
8042.65  2.40497  -0.602144
8053.42  2.44394  -0.651206
8064.18  2.48214  -0.701987
8074.95  2.51907  -0.754495
8085.72  2.55419  -0.808713
8096.48  2.5869  -0.864604
8107.25  2.61659  -0.922098
8118.02  2.64262  -0.981099
8128.78  2.66437  -1.04147
8139.55  2.68126  -1.10306
8150.32  2.69276  -1.16567
8161.08  2.69846  -1.22908
8171.85  2.69806  -1.29304
8182.62  2.6914  -1.35729
8193.38  2.67847  -1.42157
8204.15  2.65943  -1.48561
8214.92  2.63457  -1.54915
8225.68  2.60433  -1.61195
8236.45  2.56924  -1.67379
8247.22  2.52991  -1.73447
8257.98  2.48699  -1.79385
8268.75  2.44116  -1.85178
8279.52  2.39308  -1.90817
8290.28  2.34339  -1.96297
8301.05  2.29267  -2.01612
8311.82  2.24145  -2.06762
8322.58  2.1902  -2.11748
8333.35  2.13932  -2.16573
8344.12  2.08914  -2.2124
8354.88  2.03996  -2.25754
8365.65  1.99198  -2.30122
8376.42  1.9454  -2.3435
8387.18  1.90033  -2.38445
8397.95  1.85688  -2.42414
8408.72  1.81511  -2.46264
8419.48  1.77506  -2.50003
8430.25  1.73675  -2.53637
8441.02  1.70018  -2.57174
8451.78  1.66535  -2.60619
8462.55  1.63222  -2.6398
8473.32  1.60077  -2.67263
8484.08  1.57096  -2.70472
8494.85  1.54276  -2.73614
8505.62  1.51612  -2.76695
8516.38  1.49101  -2.79719
8527.15  1.46737  -2.8269
8537.92  1.44517  -2.85615
8548.68  1.42437  -2.88496
8559.45  1.40493  -2.91339
8570.21  1.38681  -2.94147
8580.98  1.36998  -2.96923
8591.75  1.35441  -2.99673
8602.51  1.34007  -3.02399
8613.28  1.32693  -3.05105
8624.05  1.31496  -3.07794
8634.81  1.30417  -3.1047
8645.58  1.29452  -3.13136
8656.35  1.286  3.12523
8667.11  1.27862  3.09867
8677.88  1.27237  3.0721
8688.65  1.26725  3.0455
8699.41  1.26326  3.01883
8710.18  1.26043  2.99204
8720.95  1.25877  2.9651
8731.71  1.25831  2.93796
8742.48  1.25908  2.91057
8753.25  1.26113  2.88288
8764.01  1.26452  2.85481
8774.78  1.2693  2.82629
8785.55  1.27557  2.79723
8796.31  1.28343  2.7675
8807.08  1.29299  2.73696
8817.85  1.30441  2.70539
8828.61  1.31785  2.67251
8839.38  1.33351  2.63791
8850.15  1.35155  2.60098
8860.91  1.37204  2.56076
8871.68  1.39465  2.51571
8882.45  1.4178  2.46327
8893.21  1.43613  2.3995
8903.98  1.4338  2.3205
8914.75  1.37707  2.23531
8925.51  1.25911  2.19763
8936.28  1.18782  2.24487
8947.05  1.2137  2.29532
8957.81  1.27807  2.30628
8968.58  1.3467  2.2908
8979.35  1.41267  2.26194
8990.11  1.47667  2.22597
9000.88  1.54061  2.18557
9011.65  1.6063  2.14183
9022.41  1.67531  2.09513
9033.18  1.74906  2.04546
9043.95  1.82887  1.9926
9054.71  1.91611  1.93616
9065.48  2.01218  1.87562
9076.25  2.11854  1.81028
9087.01  2.23672  1.73927
9097.78  2.36821  1.6615
9108.54  2.51424  1.57563
9119.31  2.67539  1.48002
9130.08  2.8508  1.37272
9140.84  3.0369  1.25155
9151.61  3.22555  1.11432
9162.38  3.40179  0.9593
9173.14  3.54274  0.78615
9183.91  3.62008  0.596976
9194.68  3.60872  0.397092
9205.44  3.49898  0.194481
9216.21  3.30323  -0.00227422
9226.98  3.05021  -0.186452
9237.74  2.77206  -0.354484
9248.51  2.49418  -0.505702
9259.28  2.2321  -0.641295
9270.04  1.99314  -0.763287
9280.81  1.77929  -0.873871
9291.58  1.58965  -0.97507
9302.34  1.42205  -1.06861
9313.11  1.27389  -1.15591
9323.88  1.14264  -1.23811
9334.64  1.02598  -1.31611
9345.41  0.921886  -1.3906
9356.18  0.828641  -1.46213
9366.94  0.744791  -1.53112
9377.71  0.669114  -1.59787
9388.48  0.600589  -1.66261
9399.24  0.538359  -1.72547
9410.01  0.481702  -1.78654
9420.78  0.430011  -1.84583
9431.54  0.382769  -1.90331
9442.31  0.339535  -1.95885
9453.08  0.299931  -2.01229
9463.84  0.26363  -2.06334
9474.61  0.230349  -2.1116
9485.38  0.199839  -2.15649
9496.14  0.171885  -2.19719
9506.91  0.146296  -2.23245
9517.68  0.122913  -2.26037
9528.44  0.101606  -2.27794
9539.21  0.0822833  -2.28005
9549.98  0.0649187  -2.25762
9560.74  0.0496088  -2.19341
9571.51  0.0367261  -2.05346
9582.28  0.0272764  -1.7792
9593.04  0.023157  -1.34552
9603.81  0.0251961  -0.917172
9614.58  0.0310754  -0.64998
9625.34  0.0383216  -0.513349
9636.11  0.0457699  -0.449662
9646.88  0.0529706  -0.426073
9657.64  0.0597564  -0.425909
9668.41  0.066074  -0.440385
9679.17  0.0719189  -0.464581
9689.94  0.0773091  -0.495583
9700.71  0.0822733  -0.531579
9711.47  0.0868447  -0.5714
9722.24  0.0910586  -0.614272
9733.01  0.0949505  -0.659671
9743.77  0.0985557  -0.707236
9754.54  0.101908  -0.756722
9765.31  0.105042  -0.80796
9776.07  0.107989  -0.860837
9786.84  0.11078  -0.915281
9797.61  0.113448  -0.971246
9808.37  0.116021  -1.02871
9819.14  0.11853  -1.08767
9829.91  0.121003  -1.14812
9840.67  0.123471  -1.21007
9851.44  0.125963  -1.27353
9862.21  0.128507  -1.33853
9872.97  0.131133  -1.40506
9883.74  0.133873  -1.47315
9894.51  0.136755  -1.5428
9905.27  0.139812  -1.61401
9916.04  0.143074  -1.68677
9926.81  0.146572  -1.76109
9937.57  0.15034  -1.83694
9948.34  0.154409  -1.91431
9959.11  0.158811  -1.99316
9969.87  0.163576  -2.07349
9980.64  0.168734  -2.15524
9991.41  0.174314  -2.23841
