num_points: 929
frequency_Hz  magnitude  phase_rad
0.1  3.69414e-05  1.5964
10.7666  0.00448471  1.57091
21.5332  0.00906801  1.54545
32.2998  0.0137317  1.52241
43.0664  0.0185056  1.50012
53.833  0.0234259  1.47812
64.5996  0.0285345  1.45618
75.3662  0.0338797  1.4342
86.1328  0.0395187  1.41206
96.8994  0.0455194  1.38963
107.666  0.051964  1.36678
118.433  0.058953  1.34333
129.199  0.0666109  1.31906
139.966  0.0750945  1.29369
150.732  0.0846039  1.26685
161.499  0.0953986  1.23806
172.266  0.107821  1.20668
183.032  0.122331  1.17185
193.799  0.139559  1.13234
204.565  0.160386  1.08642
215.332  0.186061  1.03154
226.099  0.21838  0.963808
236.865  0.2599  0.877121
247.632  0.314023  0.761698
258.398  0.384126  0.60205
269.165  0.468832  0.376461
279.932  0.54856  0.0679827
290.698  0.578689  -0.299222
301.465  0.538851  -0.646468
312.231  0.465432  -0.915607
322.998  0.394258  -1.10693
333.765  0.336434  -1.24246
344.531  0.291515  -1.3413
355.298  0.256636  -1.41608
366.064  0.229176  -1.47464
376.831  0.207174  -1.5219
387.598  0.18924  -1.56105
398.364  0.174386  -1.59422
409.131  0.161909  -1.62284
419.897  0.151297  -1.64795
430.664  0.14217  -1.67029
441.431  0.134246  -1.69041
452.197  0.127306  -1.70871
462.964  0.121183  -1.72553
473.73  0.115744  -1.74111
484.497  0.110883  -1.75564
495.264  0.106516  -1.76929
506.03  0.102574  -1.78218
516.797  0.0989994  -1.79442
527.563  0.0957464  -1.80609
538.33  0.0927752  -1.81727
549.097  0.0900529  -1.82801
559.863  0.0875514  -1.83837
570.63  0.0852469  -1.8484
581.396  0.0831189  -1.85812
592.163  0.0811497  -1.86758
602.93  0.0793239  -1.8768
613.696  0.0776283  -1.88581
624.463  0.0760511  -1.89462
635.229  0.0745821  -1.90326
645.996  0.0732123  -1.91174
656.763  0.0719335  -1.92008
667.529  0.0707387  -1.92829
678.296  0.0696216  -1.93639
689.063  0.0685764  -1.94437
699.829  0.0675981  -1.95226
710.596  0.0666821  -1.96005
721.362  0.0658244  -1.96777
732.129  0.0650211  -1.97541
742.896  0.0642689  -1.98298
753.662  0.0635649  -1.99048
764.429  0.0629062  -1.99793
775.195  0.0622903  -2.00533
785.962  0.0617149  -2.01267
796.729  0.061178  -2.01997
807.495  0.0606776  -2.02723
818.262  0.0602121  -2.03445
829.028  0.0597797  -2.04163
839.795  0.0593791  -2.04878
850.562  0.0590089  -2.05589
861.328  0.0586679  -2.06298
872.095  0.058355  -2.07005
882.861  0.0580691  -2.07709
893.628  0.0578094  -2.08411
904.395  0.0575749  -2.0911
915.161  0.0573649  -2.09808
925.928  0.0571786  -2.10504
936.694  0.0570155  -2.11199
947.461  0.0568748  -2.11892
958.228  0.0567561  -2.12583
968.994  0.0566588  -2.13274
979.761  0.0565826  -2.13963
990.527  0.056527  -2.14651
1001.29  0.0564917  -2.15338
1012.06  0.0564764  -2.16025
1022.83  0.0564807  -2.16711
1033.59  0.0565045  -2.17396
1044.36  0.0565475  -2.1808
1055.13  0.0566097  -2.18764
1065.89  0.0566907  -2.19447
1076.66  0.0567906  -2.20131
1087.43  0.0569093  -2.20813
1098.19  0.0570467  -2.21496
1108.96  0.0572027  -2.22178
1119.73  0.0573775  -2.2286
1130.49  0.057571  -2.23542
1141.26  0.0577834  -2.24224
1152.03  0.0580146  -2.24906
1162.79  0.0582649  -2.25587
1173.56  0.0585343  -2.26269
1184.33  0.058823  -2.26951
1195.09  0.0591313  -2.27633
1205.86  0.0594594  -2.28316
1216.63  0.0598074  -2.28998
1227.39  0.0601757  -2.29681
1238.16  0.0605647  -2.30364
1248.93  0.0609745  -2.31048
1259.69  0.0614057  -2.31732
1270.46  0.0618585  -2.32416
1281.23  0.0623335  -2.33101
1291.99  0.062831  -2.33786
1302.76  0.0633516  -2.34471
1313.53  0.0638957  -2.35157
1324.29  0.064464  -2.35844
1335.06  0.065057  -2.36531
1345.83  0.0656753  -2.37219
1356.59  0.0663196  -2.37908
1367.36  0.0669907  -2.38597
1378.13  0.0676892  -2.39287
1388.89  0.0684159  -2.39978
1399.66  0.0691718  -2.4067
1410.42  0.0699575  -2.41362
1421.19  0.0707742  -2.42055
1431.96  0.0716228  -2.42749
1442.72  0.0725043  -2.43444
1453.49  0.0734199  -2.4414
1464.26  0.0743706  -2.44837
1475.02  0.0753578  -2.45535
1485.79  0.0763826  -2.46234
1496.56  0.0774466  -2.46934
1507.32  0.0785511  -2.47635
1518.09  0.0796976  -2.48337
1528.86  0.0808879  -2.4904
1539.62  0.0821235  -2.49745
1550.39  0.0834062  -2.50451
1561.16  0.0847381  -2.51158
1571.92  0.0861211  -2.51866
1582.69  0.0875573  -2.52576
1593.46  0.089049  -2.53288
1604.22  0.0905987  -2.54001
1614.99  0.0922087  -2.54715
1625.76  0.0938819  -2.55431
1636.52  0.0956211  -2.56148
1647.29  0.0974293  -2.56867
1658.06  0.0993098  -2.57588
1668.82  0.101266  -2.58311
1679.59  0.103301  -2.59036
1690.36  0.10542  -2.59762
1701.12  0.107626  -2.6049
1711.89  0.109923  -2.61221
1722.66  0.112318  -2.61953
1733.42  0.114813  -2.62688
1744.19  0.117415  -2.63425
1754.96  0.12013  -2.64165
1765.72  0.122963  -2.64906
1776.49  0.125922  -2.65651
1787.26  0.129013  -2.66398
1798.02  0.132244  -2.67147
1808.79  0.135622  -2.679
1819.56  0.139158  -2.68656
1830.32  0.142859  -2.69414
1841.09  0.146737  -2.70176
1851.86  0.150802  -2.70941
1862.62  0.155067  -2.7171
1873.39  0.159543  -2.72483
1884.16  0.164246  -2.73259
1894.92  0.169189  -2.74039
1905.69  0.17439  -2.74824
1916.46  0.179867  -2.75613
1927.22  0.185639  -2.76407
1937.99  0.191727  -2.77206
1948.75  0.198156  -2.7801
1959.52  0.20495  -2.7882
1970.29  0.212138  -2.79635
1981.05  0.219751  -2.80457
1991.82  0.227823  -2.81285
2002.59  0.236393  -2.82121
2013.35  0.245502  -2.82964
2024.12  0.255198  -2.83815
2034.89  0.265533  -2.84675
2045.65  0.276565  -2.85544
2056.42  0.288359  -2.86424
2067.19  0.30099  -2.87314
2077.95  0.314541  -2.88216
2088.72  0.329105  -2.8913
2099.49  0.344791  -2.90059
2110.25  0.36172  -2.91003
2121.02  0.380033  -2.91963
2131.79  0.399892  -2.92943
2142.55  0.421484  -2.93942
2153.32  0.445025  -2.94965
2164.09  0.470773  -2.96013
2174.85  0.499026  -2.97089
2185.62  0.53014  -2.98198
2196.39  0.564541  -2.99344
2207.15  0.602741  -3.00532
2217.92  0.645361  -3.01768
2228.69  0.693164  -3.03061
2239.45  0.747094  -3.0442
2250.22  0.808335  -3.05858
2260.99  0.878393  -3.0739
2271.75  0.959206  -3.09037
2282.52  1.05332  -3.10825
2293.29  1.16412  -3.12789
2304.05  1.29624  3.13341
2314.82  1.45616  3.1086
2325.59  1.65319  3.07986
2336.35  1.90116  3.04573
2347.12  2.22145  3.00387
2357.89  2.64849  2.95043
2368.65  3.24046  2.87865
2379.42  4.09946  2.77569
2390.19  5.4015  2.61533
2400.95  7.35362  2.34303
2411.72  9.46775  1.88045
2422.49  9.40246  1.30426
2433.25  7.44224  0.878979
2444.02  5.72311  0.63241
2454.79  4.56761  0.485026
2465.55  3.79326  0.388686
2476.32  3.25268  0.320435
2487.08  2.85916  0.268898
2497.85  2.5624  0.227987
2508.62  2.33209  0.194202
2519.38  2.14918  0.165402
2530.15  2.00121  0.14021
2540.92  1.87971  0.117703
2551.68  1.77875  0.0972387
2562.45  1.69407  0.0783571
2573.22  1.62252  0.0607195
2583.98  1.56175  0.0440711
2594.75  1.50997  0.0282157
2605.52  1.46578  0.0129998
2616.28  1.42808  -0.00169899
2627.05  1.39601  -0.01598
2637.82  1.36888  -0.0299248
2648.58  1.34612  -0.0436019
2659.35  1.32728  -0.0570694
2670.12  1.312  -0.0703772
2680.88  1.29997  -0.0835695
2691.65  1.29097  -0.0966852
2702.42  1.28479  -0.10976
2713.18  1.28129  -0.122826
2723.95  1.28035  -0.135915
2734.72  1.28189  -0.149056
2745.48  1.28584  -0.162277
2756.25  1.29218  -0.175607
2767.02  1.3009  -0.189073
2777.78  1.31201  -0.202705
2788.55  1.32556  -0.216533
2799.32  1.3416  -0.230588
2810.08  1.36021  -0.244904
2820.85  1.38151  -0.259516
2831.62  1.40563  -0.274463
2842.38  1.43272  -0.289789
2853.15  1.46299  -0.30554
2863.92  1.49666  -0.321768
2874.68  1.534  -0.338533
2885.45  1.57533  -0.355902
2896.22  1.62099  -0.37395
2906.98  1.67143  -0.392763
2917.75  1.72712  -0.412442
2928.52  1.78865  -0.433102
2939.28  1.85667  -0.454879
2950.05  1.93197  -0.47793
2960.82  2.01546  -0.502442
2971.58  2.1082  -0.528638
2982.35  2.21145  -0.556782
2993.12  2.32666  -0.587195
3003.88  2.45554  -0.620262
3014.65  2.60009  -0.656453
3025.42  2.7626  -0.696344
3036.18  2.94566  -0.740641
3046.95  3.15213  -0.790211
3057.71  3.38497  -0.846118
3068.48  3.64689  -0.909657
3079.25  3.93972  -0.982377
3090.01  4.26313  -1.06606
3100.78  4.6126  -1.16265
3111.55  4.97649  -1.27394
3122.31  5.33264  -1.40113
3133.08  5.6467  -1.54403
3143.85  5.8758  -1.70016
3154.61  5.98056  -1.86434
3165.38  5.94172  -2.02938
3176.15  5.76982  -2.18786
3186.91  5.49939  -2.33405
3197.68  5.17313  -2.46488
3208.45  4.82798  -2.5797
3219.21  4.48936  -2.67949
3229.98  4.17169  -2.76597
3240.75  3.88147  -2.84107
3251.51  3.62032  -2.90662
3262.28  3.38723  -2.96422
3273.05  3.17993  -3.01523
3283.81  2.99576  -3.06077
3294.58  2.83202  -3.10172
3305.35  2.68619  -3.13885
3316.11  2.55602  3.11045
3326.88  2.43955  3.07931
3337.65  2.33506  3.0505
3348.41  2.24109  3.02371
3359.18  2.15638  2.99864
3369.95  2.07985  2.97508
3380.71  2.01058  2.95283
3391.48  1.94776  2.93173
3402.25  1.89072  2.91164
3413.01  1.83887  2.89243
3423.78  1.79168  2.87402
3434.55  1.74873  2.85631
3445.31  1.70963  2.83923
3456.08  1.67403  2.82271
3466.85  1.64165  2.80669
3477.61  1.61223  2.79112
3488.38  1.58554  2.77596
3499.15  1.56138  2.76117
3509.91  1.53958  2.74671
3520.68  1.52  2.73256
3531.45  1.50249  2.71867
3542.21  1.48693  2.70504
3552.98  1.47323  2.69163
3563.75  1.46129  2.67842
3574.51  1.45104  2.6654
3585.28  1.44241  2.65254
3596.04  1.43534  2.63984
3606.81  1.42978  2.62727
3617.58  1.4257  2.61483
3628.34  1.42305  2.60249
3639.11  1.42182  2.59026
3649.88  1.42199  2.57812
3660.64  1.42355  2.56605
3671.41  1.42649  2.55405
3682.18  1.43082  2.54212
3692.94  1.43653  2.53023
3703.71  1.44366  2.51838
3714.48  1.45222  2.50657
3725.24  1.46223  2.49478
3736.01  1.47374  2.48301
3746.78  1.48679  2.47126
3757.54  1.50143  2.4595
3768.31  1.51771  2.44774
3779.08  1.53572  2.43597
3789.84  1.55551  2.42417
3800.61  1.5772  2.41235
3811.38  1.60087  2.40049
3822.14  1.62664  2.38858
3832.91  1.65464  2.37662
3843.68  1.68501  2.36459
3854.44  1.71792  2.3525
3865.21  1.75356  2.34031
3875.98  1.79214  2.32803
3886.74  1.83388  2.31564
3897.51  1.87906  2.30313
3908.28  1.92798  2.29047
3919.04  1.98099  2.27767
3929.81  2.03848  2.26469
3940.58  2.10091  2.25151
3951.34  2.16879  2.23811
3962.11  2.24272  2.22447
3972.88  2.32341  2.21055
3983.64  2.41167  2.19632
3994.41  2.50845  2.18173
4005.18  2.61488  2.16674
4015.94  2.73229  2.15128
4026.71  2.86228  2.13529
4037.48  3.00678  2.11869
4048.24  3.16813  2.10137
4059.01  3.3492  2.08322
4069.78  3.55356  2.06407
4080.54  3.78568  2.04374
4091.31  4.05123  2.02198
4102.08  4.35753  1.99848
4112.84  4.71415  1.97281
4123.61  5.13381  1.94442
4134.38  5.63377  1.91254
4145.14  6.23792  1.87609
4155.91  6.98011  1.83351
4166.67  7.90934  1.78245
4177.44  9.09801  1.7193
4188.21  10.6541  1.6382
4198.97  12.7346  1.5294
4209.74  15.5341  1.37628
4220.51  19.1265  1.15228
4231.27  22.8005  0.828185
4242.04  24.2481  0.419571
4252.81  22.087  0.0278002
4263.57  18.3996  -0.266126
4274.34  15.0862  -0.466894
4285.11  12.5498  -0.605437
4295.87  10.6609  -0.705376
4306.64  9.23781  -0.781004
4317.41  8.14229  -0.840735
4328.17  7.27987  -0.889649
4338.94  6.58693  -0.930933
4349.71  6.0201  -0.966665
4360.47  5.54919  -0.998249
4371.24  5.15269  -1.02666
4382.01  4.81497  -1.05261
4392.77  4.52443  -1.07659
4403.54  4.27231  -1.09901
4414.31  4.05184  -1.12015
4425.07  3.8578  -1.14025
4435.84  3.68601  -1.15947
4446.61  3.53315  -1.17797
4457.37  3.39653  -1.19587
4468.14  3.27396  -1.21325
4478.91  3.16362  -1.23021
4489.67  3.064  -1.24679
4500.44  2.97385  -1.26307
4511.21  2.8921  -1.27908
4521.97  2.81785  -1.29487
4532.74  2.75033  -1.31047
4543.51  2.68887  -1.32591
4554.27  2.63291  -1.34123
4565.04  2.58195  -1.35643
4575.81  2.53556  -1.37155
4586.57  2.49338  -1.3866
4597.34  2.45507  -1.4016
4608.11  2.42036  -1.41657
4618.87  2.38898  -1.43151
4629.64  2.36072  -1.44645
4640.41  2.33538  -1.46139
4651.17  2.31279  -1.47634
4661.94  2.29281  -1.49132
4672.71  2.2753  -1.50633
4683.47  2.26013  -1.52138
4694.24  2.24722  -1.53649
4705  2.23648  -1.55166
4715.77  2.22782  -1.5669
4726.54  2.22117  -1.58221
4737.3  2.2165  -1.59761
4748.07  2.21374  -1.6131
4758.84  2.21285  -1.62868
4769.6  2.21382  -1.64438
4780.37  2.21662  -1.66019
4791.14  2.22122  -1.67612
4801.9  2.22763  -1.69218
4812.67  2.23584  -1.70838
4823.44  2.24586  -1.72472
4834.2  2.25769  -1.74122
4844.97  2.27137  -1.75787
4855.74  2.2869  -1.77469
4866.5  2.30433  -1.79169
4877.27  2.3237  -1.80888
4888.04  2.34504  -1.82626
4898.8  2.36841  -1.84384
4909.57  2.39388  -1.86164
4920.34  2.42151  -1.87967
4931.1  2.45137  -1.89793
4941.87  2.48356  -1.91643
4952.64  2.51818  -1.9352
4963.4  2.55531  -1.95423
4974.17  2.59509  -1.97355
4984.94  2.63765  -1.99317
4995.7  2.68312  -2.01311
5006.47  2.73167  -2.03337
5017.24  2.78346  -2.05399
5028  2.83869  -2.07497
5038.77  2.89757  -2.09634
5049.54  2.96033  -2.11812
5060.3  3.02721  -2.14033
5071.07  3.09851  -2.163
5081.84  3.17454  -2.18616
5092.6  3.25562  -2.20984
5103.37  3.34215  -2.23407
5114.14  3.43453  -2.25889
5124.9  3.53323  -2.28434
5135.67  3.63878  -2.31047
5146.44  3.75173  -2.33732
5157.2  3.87273  -2.36496
5167.97  4.00249  -2.39344
5178.74  4.14179  -2.42284
5189.5  4.29154  -2.45324
5200.27  4.45273  -2.48472
5211.04  4.62646  -2.51739
5221.8  4.81398  -2.55137
5232.57  5.01669  -2.58679
5243.33  5.23616  -2.62379
5254.1  5.47411  -2.66257
5264.87  5.73249  -2.70331
5275.63  6.01344  -2.74626
5286.4  6.31928  -2.79168
5297.17  6.65252  -2.83989
5307.93  7.01582  -2.89126
5318.7  7.41182  -2.94621
5329.47  7.84305  -3.00522
5340.23  8.31158  -3.06885
5351  8.8186  -3.13772
5361.77  9.36371  3.07065
5372.53  9.94394  2.98917
5383.3  10.5524  2.9003
5394.07  11.1768  2.80337
5404.83  11.7977  2.69794
5415.6  12.3875  2.58388
5426.37  12.9114  2.46164
5437.13  13.3303  2.33233
5447.9  13.6074  2.19787
5458.67  13.7165  2.0608
5469.43  13.6488  1.92403
5480.2  13.4154  1.79039
5490.97  13.0439  1.66224
5501.73  12.5707  1.54124
5512.5  12.0333  1.42828
5523.27  11.4646  1.3236
5534.03  10.8901  1.22697
5544.8  10.3278  1.13785
5555.57  9.78922  1.05555
5566.33  9.28079  0.979352
5577.1  8.80547  0.908537
5587.87  8.36388  0.842445
5598.63  7.95517  0.78048
5609.4  7.57764  0.72212
5620.17  7.22919  0.66691
5630.93  6.90754  0.614456
5641.7  6.61041  0.564423
5652.47  6.33561  0.516521
5663.23  6.08111  0.470503
5674  5.84501  0.426158
5684.77  5.6256  0.383305
5695.53  5.42135  0.341788
5706.3  5.23086  0.301475
5717.07  5.05289  0.26225
5727.83  4.88632  0.224014
5738.6  4.73017  0.186682
5749.37  4.58354  0.150179
5760.13  4.44563  0.114442
5770.9  4.31575  0.0794139
5781.67  4.19324  0.045046
5792.43  4.07755  0.0112954
5803.2  3.96816  -0.0218754
5813.96  3.8646  -0.0544995
5824.73  3.76647  -0.0866062
5835.5  3.67339  -0.118222
5846.26  3.58503  -0.149369
5857.03  3.50107  -0.18007
5867.8  3.42126  -0.210343
5878.56  3.34533  -0.240205
5889.33  3.27306  -0.269673
5900.1  3.20425  -0.298762
5910.86  3.13871  -0.327485
5921.63  3.07629  -0.355859
5932.4  3.01682  -0.383895
5943.16  2.96017  -0.41161
5953.93  2.90622  -0.439018
5964.7  2.85488  -0.466138
5975.46  2.80606  -0.492989
5986.23  2.75968  -0.519599
5997  2.7157  -0.546003
6007.76  2.67411  -0.572254
6018.53  2.63492  -0.598435
6029.3  2.5982  -0.62469
6040.06  2.56408  -0.651297
6050.83  2.53261  -0.678848
6061.6  2.50299  -0.708775
6072.36  2.468  -0.744385
6083.13  2.39111  -0.782656
6093.9  2.30701  -0.786988
6104.66  2.29311  -0.792579
6115.43  2.28417  -0.810405
6126.2  2.27053  -0.831746
6136.96  2.25448  -0.853966
6147.73  2.23764  -0.876345
6158.5  2.22089  -0.898661
6169.26  2.20467  -0.920836
6180.03  2.18924  -0.942844
6190.8  2.17477  -0.96468
6201.56  2.16133  -0.986346
6212.33  2.149  -1.00785
6223.1  2.13781  -1.02919
6233.86  2.1278  -1.05038
6244.63  2.11898  -1.07144
6255.4  2.11139  -1.09236
6266.16  2.10504  -1.11316
6276.93  2.09994  -1.13385
6287.7  2.09613  -1.15443
6298.46  2.09362  -1.17492
6309.23  2.09244  -1.19532
6320  2.09261  -1.21565
6330.76  2.09417  -1.23592
6341.53  2.09715  -1.25613
6352.29  2.1016  -1.27631
6363.06  2.10755  -1.29646
6373.83  2.11507  -1.31659
6384.59  2.1242  -1.33672
6395.36  2.13501  -1.35686
6406.13  2.14757  -1.37703
6416.89  2.16196  -1.39725
6427.66  2.17826  -1.41752
6438.43  2.19659  -1.43788
6449.19  2.21704  -1.45833
6459.96  2.23974  -1.47891
6470.73  2.26483  -1.49962
6481.49  2.29246  -1.52051
6492.26  2.3228  -1.5416
6503.03  2.35605  -1.56292
6513.79  2.39241  -1.58449
6524.56  2.43214  -1.60637
6535.33  2.4755  -1.6286
6546.09  2.52279  -1.65121
6556.86  2.57438  -1.67427
6567.63  2.63064  -1.69783
6578.39  2.69202  -1.72197
6589.16  2.75904  -1.74675
6599.93  2.83225  -1.77227
6610.69  2.91233  -1.79864
6621.46  3.00003  -1.82596
6632.23  3.09621  -1.85438
6642.99  3.20187  -1.88406
6653.76  3.31815  -1.91518
6664.53  3.44638  -1.94798
6675.29  3.58807  -1.98272
6686.06  3.74495  -2.0197
6696.83  3.91902  -2.05933
6707.59  4.11251  -2.10205
6718.36  4.3279  -2.14842
6729.13  4.56785  -2.19912
6739.89  4.83509  -2.25497
6750.66  5.13206  -2.31695
6761.43  5.46042  -2.38624
6772.19  5.82007  -2.46422
6782.96  6.20753  -2.55244
6793.73  6.61347  -2.65253
6804.49  7.0193  -2.76597
6815.26  7.39302  -2.89365
6826.03  7.68503  -3.03497
6836.79  7.82893  3.09827
6847.56  7.83128  2.9544
6858.33  7.81835  2.80736
6869.09  7.63512  2.65151
6879.86  7.28822  2.50377
6890.63  6.8524  2.36959
6901.39  6.38234  2.24999
6912.16  5.9141  2.1444
6922.92  5.46894  2.0515
6933.69  5.05747  1.96966
6944.46  4.68343  1.89728
6955.22  4.34659  1.83291
6965.99  4.04467  1.77526
6976.76  3.7745  1.72326
6987.52  3.5327  1.67603
6998.29  3.31596  1.63282
7009.06  3.12128  1.59304
7019.82  2.94595  1.55617
7030.59  2.78762  1.52181
7041.36  2.6442  1.48962
7052.12  2.51394  1.45929
7062.89  2.39528  1.4306
7073.66  2.28689  1.40334
7084.42  2.18763  1.37734
7095.19  2.0965  1.35245
7105.96  2.01263  1.32855
7116.72  1.93528  1.30552
7127.49  1.86379  1.28328
7138.26  1.79758  1.26173
7149.02  1.73615  1.24082
7159.79  1.67905  1.22048
7170.56  1.6259  1.20065
7181.32  1.57635  1.18128
7192.09  1.5301  1.16234
7202.86  1.48685  1.14378
7213.62  1.44638  1.12557
7224.39  1.40847  1.10768
7235.16  1.37291  1.09008
7245.92  1.33953  1.07275
7256.69  1.30818  1.05566
7267.46  1.2787  1.03879
7278.22  1.25098  1.02212
7288.99  1.22488  1.00564
7299.76  1.20031  0.989331
7310.52  1.17717  0.973176
7321.29  1.15538  0.957162
7332.06  1.13484  0.941277
7342.82  1.11548  0.92551
7353.59  1.09725  0.909848
7364.36  1.08008  0.894282
7375.12  1.06391  0.878803
7385.89  1.04869  0.8634
7396.66  1.03437  0.848066
7407.42  1.02091  0.832793
7418.19  1.00828  0.817571
7428.96  0.996429  0.802395
7439.72  0.985331  0.787256
7450.49  0.974954  0.772148
7461.25  0.96527  0.757065
7472.02  0.956255  0.741999
7482.79  0.947883  0.726944
7493.55  0.940135  0.711895
7504.32  0.932991  0.696845
7515.09  0.926434  0.681788
7525.85  0.920448  0.666719
7536.62  0.915019  0.651631
7547.39  0.910134  0.636519
7558.15  0.905782  0.621377
7568.92  0.901954  0.6062
7579.69  0.898642  0.590981
7590.45  0.895838  0.575716
7601.22  0.893536  0.560397
7611.99  0.891733  0.545019
7622.75  0.890425  0.529576
7633.52  0.889611  0.514061
7644.29  0.889288  0.49847
7655.05  0.889458  0.482794
7665.82  0.890122  0.467028
7676.59  0.891283  0.451164
7687.35  0.892944  0.435196
7698.12  0.895112  0.419115
7708.89  0.897793  0.402916
7719.65  0.900993  0.386589
7730.42  0.904723  0.370127
7741.19  0.908993  0.35352
7751.95  0.913814  0.33676
7762.72  0.919201  0.319838
7773.49  0.925169  0.302743
7784.25  0.931733  0.285466
7795.02  0.938914  0.267994
7805.79  0.94673  0.250317
7816.55  0.955205  0.232422
7827.32  0.964362  0.214296
7838.09  0.97423  0.195926
7848.85  0.984836  0.177296
7859.62  0.996213  0.15839
7870.39  1.0084  0.139193
7881.15  1.02142  0.119687
7891.92  1.03533  0.0998508
7902.69  1.05017  0.0796656
7913.45  1.06598  0.059109
7924.22  1.08282  0.0381573
7934.99  1.10075  0.016785
7945.75  1.11982  -0.00503544
7956.52  1.14011  -0.0273336
7967.29  1.16167  -0.0501416
7978.05  1.1846  -0.0734942
7988.82  1.20898  -0.097429
7999.58  1.23489  -0.121987
8010.35  1.26244  -0.147212
8021.12  1.29172  -0.173153
8031.88  1.32286  -0.199863
8042.65  1.35597  -0.227398
8053.42  1.39119  -0.255821
8064.18  1.42866  -0.2852
8074.95  1.46853  -0.31561
8085.72  1.51094  -0.347131
8096.48  1.55608  -0.379853
8107.25  1.60411  -0.413872
8118.02  1.65521  -0.449292
8128.78  1.70957  -0.486229
8139.55  1.76736  -0.524805
8150.32  1.82875  -0.565154
8161.08  1.89391  -0.607419
8171.85  1.96297  -0.651753
8182.62  2.03604  -0.698316
8193.38  2.11317  -0.747276
8204.15  2.19435  -0.798806
8214.92  2.27946  -0.853079
8225.68  2.36828  -0.910263
8236.45  2.46044  -0.970514
8247.22  2.55539  -1.03397
8257.98  2.6524  -1.10073
8268.75  2.75051  -1.17087
8279.52  2.84857  -1.24438
8290.28  2.94522  -1.32121
8301.05  3.03898  -1.40121
8311.82  3.12833  -1.48415
8322.58  3.21186  -1.56972
8333.35  3.28835  -1.65756
8344.12  3.35704  -1.74722
8354.88  3.41766  -1.83827
8365.65  3.47067  -1.9303
8376.42  3.51723  -2.02299
8387.18  3.55932  -2.11614
8397.95  3.59972  -2.20977
8408.72  3.64203  -2.30415
8419.48  3.69074  -2.39993
8430.25  3.7514  -2.49827
8441.02  3.83087  -2.60106
8451.78  3.93758  -2.71133
8462.55  4.08165  -2.83395
8473.32  4.2733  -2.9769
8484.08  4.5151  3.12987
8494.85  4.77335  2.89924
8505.62  4.90187  2.58899
8516.38  4.58607  2.19594
8527.15  3.67961  1.78234
8537.92  2.57153  1.42795
8548.68  1.62064  1.13964
8559.45  0.852811  0.897759
8570.21  0.280236  0.960861
8580.98  0.170464  2.4888
8591.75  0.310296  2.92944
8602.51  0.41515  3.03178
8613.28  0.495298  3.06581
8624.05  0.558447  3.07031
8634.81  0.608509  3.05912
8645.58  0.648181  3.03899
8656.35  0.679551  3.01356
8667.11  0.704278  2.98492
8677.88  0.723675  2.95428
8688.65  0.738783  2.92238
8699.41  0.750429  2.88968
8710.18  0.759269  2.85647
8720.95  0.765826  2.82292
8731.71  0.770522  2.78915
8742.48  0.773692  2.75522
8753.25  0.77561  2.72117
8764.01  0.776495  2.68702
8774.78  0.776526  2.65277
8785.55  0.775848  2.61843
8796.31  0.774579  2.58397
8807.08  0.772815  2.5494
8817.85  0.770632  2.5147
8828.61  0.768094  2.47985
8839.38  0.76525  2.44484
8850.15  0.762141  2.40965
8860.91  0.758799  2.37427
8871.68  0.755246  2.33869
8882.45  0.751502  2.30289
8893.21  0.74758  2.26687
8903.98  0.743489  2.23061
8914.75  0.739236  2.19411
8925.51  0.734823  2.15736
8936.28  0.730252  2.12035
8947.05  0.725521  2.08309
8957.81  0.720629  2.04557
8968.58  0.715572  2.00779
8979.35  0.710346  1.96976
8990.11  0.704948  1.93148
9000.88  0.699373  1.89296
9011.65  0.693618  1.8542
9022.41  0.687679  1.81521
9033.18  0.681553  1.77601
9043.95  0.675238  1.73661
9054.71  0.668734  1.69701
9065.48  0.66204  1.65725
9076.25  0.655158  1.61732
9087.01  0.648091  1.57725
9097.78  0.640842  1.53705
9108.54  0.633417  1.49675
9119.31  0.625822  1.45635
9130.08  0.618065  1.41587
9140.84  0.610155  1.37534
9151.61  0.602102  1.33475
9162.38  0.593917  1.29414
9173.14  0.585612  1.25351
9183.91  0.577199  1.21286
9194.68  0.568693  1.17222
9205.44  0.560106  1.13159
9216.21  0.551452  1.09097
9226.98  0.542745  1.05037
9237.74  0.534  1.00977
9248.51  0.525228  0.969192
9259.28  0.516445  0.928614
9270.04  0.507661  0.88803
9280.81  0.49889  0.847424
9291.58  0.490142  0.80678
9302.34  0.481429  0.766075
9313.11  0.472758  0.725283
9323.88  0.464139  0.684374
9334.64  0.455579  0.64331
9345.41  0.447084  0.602052
9356.18  0.438657  0.560551
9366.94  0.430302  0.518754
9377.71  0.422022  0.476602
9388.48  0.413814  0.434025
9399.24  0.405678  0.39095
9410.01  0.39761  0.347289
9420.78  0.389604  0.302949
9431.54  0.38165  0.257822
9442.31  0.373738  0.211792
9453.08  0.365853  0.164725
9463.84  0.357977  0.116475
9474.61  0.350088  0.0668766
9485.38  0.342159  0.0157484
9496.14  0.334158  -0.037112
9506.91  0.326045  -0.0919281
9517.68  0.317774  -0.148945
9528.44  0.30929  -0.208432
9539.21  0.300531  -0.270678
9549.98  0.291421  -0.33599
9560.74  0.281879  -0.404691
9571.51  0.27181  -0.477106
9582.28  0.261117  -0.553548
9593.04  0.249697  -0.634303
9603.81  0.237455  -0.719599
9614.58  0.224311  -0.809576
9625.34  0.210217  -0.904246
9636.11  0.195174  -1.00347
9646.88  0.179249  -1.10692
9657.64  0.162585  -1.21409
9668.41  0.145411  -1.32433
9679.17  0.128027  -1.43691
9689.94  0.110783  -1.55118
9700.71  0.0940449  -1.66669
9711.47  0.0781568  -1.78346
9722.24  0.063413  -1.90232
9733.01  0.0500382  -2.02545
9743.77  0.038186  -2.15748
9754.54  0.027952  -2.30791
9765.31  0.01941  -2.49718
9776.07  0.0126919  -2.77231
9786.84  0.00818311  3.05181
9797.61  0.00656693  2.38276
9808.37  0.00727257  1.83534
9819.14  0.0084816  1.53652
9829.91  0.00927241  1.38477
9840.67  0.00941672  1.32254
9851.44  0.00894157  1.33868
9862.21  0.00804505  1.45475
9872.97  0.00721332  1.71888
9883.74  0.00738628  2.13137
9894.51  0.00940458  2.52117
9905.27  0.0131702  2.76247
9916.04  0.0182587  2.88824
9926.81  0.0244297  2.94907
9937.57  0.0315952  2.97396
9948.34  0.0397451  2.97781
9959.11  0.0489149  2.96846
9969.87  0.0591726  2.95019
9980.64  0.0706165  2.92544
9991.41  0.0833769  2.89553
