0	nan	nan
10.7666	0.00439801	1.58505
21.5332	0.00895316	1.55864
32.2998	0.0136074	1.53485
43.0664	0.0183853	1.51197
53.833	0.0233218	1.48944
64.5996	0.0284582	1.46702
75.3662	0.0338437	1.44454
86.1328	0.0395365	1.42188
96.8994	0.0456061	1.39889
107.666	0.052137	1.37544
118.433	0.0592331	1.35132
129.199	0.0670235	1.32631
139.966	0.0756712	1.30011
150.732	0.085385	1.27233
161.499	0.0964364	1.24246
172.266	0.109185	1.20982
183.032	0.124115	1.17346
193.799	0.141893	1.13209
204.565	0.163449	1.08382
215.332	0.190108	1.02586
226.099	0.223764	0.953956
236.865	0.267078	0.861412
247.632	0.323446	0.737531
258.398	0.395651	0.565708
269.165	0.479805	0.324267
279.932	0.551247	0.00195109
290.698	0.566391	-0.364624
301.465	0.517882	-0.695806
312.231	0.445243	-0.946954
322.998	0.378089	-1.12539
333.765	0.324082	-1.25284
344.531	0.282072	-1.34674
355.298	0.249302	-1.41845
366.064	0.223369	-1.47508
376.831	0.202492	-1.52111
387.598	0.185401	-1.55947
398.364	0.171195	-1.59214
409.131	0.159223	-1.62047
419.897	0.149012	-1.64542
430.664	0.14021	-1.6677
441.431	0.132551	-1.68782
452.197	0.125832	-1.70619
462.964	0.119894	-1.7231
473.73	0.114612	-1.73881
484.497	0.109885	-1.75349
495.264	0.105635	-1.7673
506.03	0.101794	-1.78037
516.797	0.0983084	-1.7928
527.563	0.095134	-1.80466
538.33	0.0922328	-1.81604
549.097	0.0895731	-1.827
559.863	0.0871281	-1.83757
570.63	0.0848746	-1.84782
581.396	0.0827931	-1.85776
592.163	0.0808664	-1.86744
602.93	0.0790797	-1.87689
613.696	0.0774202	-1.88612
624.463	0.0758765	-1.89516
635.229	0.0744386	-1.90403
645.996	0.0730979	-1.91274
656.763	0.0718465	-1.92131
667.529	0.0706775	-1.92975
678.296	0.0695847	-1.93808
689.063	0.0685627	-1.9463
699.829	0.0676064	-1.95442
710.596	0.0667115	-1.96245
721.362	0.0658739	-1.9704
732.129	0.0650901	-1.97828
742.896	0.0643567	-1.98609
753.662	0.0636708	-1.99383
764.429	0.0630298	-2.00152
775.195	0.062431	-2.00916
785.962	0.0618724	-2.01675
796.729	0.0613519	-2.02429
807.495	0.0608676	-2.0318
818.262	0.0604178	-2.03926
829.028	0.060001	-2.04669
839.795	0.0596158	-2.05409
850.562	0.0592609	-2.06146
861.328	0.0589351	-2.0688
872.095	0.0586372	-2.07612
882.861	0.0583663	-2.08342
893.628	0.0581215	-2.09069
904.395	0.057902	-2.09795
915.161	0.057707	-2.10519
925.928	0.0575357	-2.11241
936.694	0.0573877	-2.11962
947.461	0.0572622	-2.12682
958.228	0.0571588	-2.134
968.994	0.057077	-2.14118
979.761	0.0570163	-2.14834
990.527	0.0569765	-2.1555
1001.29	0.0569572	-2.16265
1012.06	0.056958	-2.16979
1022.83	0.0569788	-2.17693
1033.59	0.0570193	-2.18407
1044.36	0.0570793	-2.1912
1055.13	0.0571587	-2.19832
1065.89	0.0572574	-2.20545
1076.66	0.0573752	-2.21257
1087.43	0.0575121	-2.2197
1098.19	0.0576682	-2.22682
1108.96	0.0578434	-2.23394
1119.73	0.0580377	-2.24107
1130.49	0.0582512	-2.2482
1141.26	0.058484	-2.25533
1152.03	0.0587362	-2.26246
1162.79	0.0590079	-2.26959
1173.56	0.0592994	-2.27673
1184.33	0.0596108	-2.28387
1195.09	0.0599424	-2.29102
1205.86	0.0602943	-2.29818
1216.63	0.060667	-2.30534
1227.39	0.0610606	-2.3125
1238.16	0.0614755	-2.31967
1248.93	0.0619122	-2.32685
1259.69	0.062371	-2.33404
1270.46	0.0628523	-2.34123
1281.23	0.0633566	-2.34844
1291.99	0.0638845	-2.35565
1302.76	0.0644363	-2.36287
1313.53	0.0650128	-2.3701
1324.29	0.0656144	-2.37734
1335.06	0.0662419	-2.38459
1345.83	0.0668959	-2.39186
1356.59	0.0675771	-2.39913
1367.36	0.0682864	-2.40642
1378.13	0.0690244	-2.41371
1388.89	0.0697921	-2.42103
1399.66	0.0705904	-2.42835
1410.42	0.0714202	-2.43569
1421.19	0.0722826	-2.44304
1431.96	0.0731786	-2.45041
1442.72	0.0741093	-2.45779
1453.49	0.0750759	-2.46518
1464.26	0.0760797	-2.4726
1475.02	0.077122	-2.48003
1485.79	0.0782043	-2.48747
1496.56	0.0793279	-2.49494
1507.32	0.0804946	-2.50242
1518.09	0.0817058	-2.50992
1528.86	0.0829635	-2.51744
1539.62	0.0842693	-2.52499
1550.39	0.0856254	-2.53255
1561.16	0.0870337	-2.54013
1571.92	0.0884965	-2.54774
1582.69	0.0900161	-2.55537
1593.46	0.0915949	-2.56302
1604.22	0.0932356	-2.57069
1614.99	0.0949409	-2.5784
1625.76	0.0967137	-2.58612
1636.52	0.0985573	-2.59388
1647.29	0.100475	-2.60166
1658.06	0.10247	-2.60947
1668.82	0.104546	-2.61731
1679.59	0.106708	-2.62518
1690.36	0.108959	-2.63309
1701.12	0.111304	-2.64102
1711.89	0.113748	-2.64899
1722.66	0.116297	-2.657
1733.42	0.118954	-2.66504
1744.19	0.121727	-2.67313
1754.96	0.124623	-2.68125
1765.72	0.127646	-2.68941
1776.49	0.130806	-2.69762
1787.26	0.134109	-2.70587
1798.02	0.137564	-2.71417
1808.79	0.141181	-2.72252
1819.56	0.144968	-2.73093
1830.32	0.148937	-2.73938
1841.09	0.153098	-2.74789
1851.86	0.157464	-2.75646
1862.62	0.162049	-2.7651
1873.39	0.166867	-2.7738
1884.16	0.171932	-2.78256
1894.92	0.177264	-2.7914
1905.69	0.182879	-2.80032
1916.46	0.188798	-2.80932
1927.22	0.195044	-2.8184
1937.99	0.201641	-2.82757
1948.75	0.208615	-2.83684
1959.52	0.215995	-2.84621
1970.29	0.223815	-2.85569
1981.05	0.232108	-2.86528
1991.82	0.240916	-2.875
2002.59	0.250281	-2.88485
2013.35	0.260252	-2.89484
2024.12	0.270883	-2.90499
2034.89	0.282235	-2.9153
2045.65	0.294376	-2.92579
2056.42	0.307382	-2.93647
2067.19	0.32134	-2.94736
2077.95	0.336347	-2.95847
2088.72	0.352513	-2.96984
2099.49	0.369966	-2.98148
2110.25	0.388852	-2.99342
2121.02	0.409336	-3.0057
2131.79	0.431612	-3.01835
2142.55	0.455906	-3.03141
2153.32	0.482479	-3.04493
2164.09	0.51164	-3.05897
2174.85	0.543754	-3.0736
2185.62	0.579258	-3.0889
2196.39	0.618673	-3.10497
2207.15	0.66263	-3.12193
2217.92	0.711901	-3.13993
2228.69	0.767437	3.12405
2239.45	0.830418	3.1034
2250.22	0.902332	3.08103
2260.99	0.985074	3.05657
2271.75	1.08109	3.02955
2282.52	1.19357	2.99934
2293.29	1.32677	2.96509
2304.05	1.4864	2.92565
2314.82	1.68028	2.87936
2325.59	1.91918	2.82386
2336.35	2.21799	2.75564
2347.12	2.59675	2.66943
2357.89	3.08005	2.55718
2368.65	3.68884	2.40698
2379.42	4.40802	2.20335
2390.19	5.1084	1.93447
2400.95	5.49782	1.61318
2411.72	5.35784	1.29034
2422.49	4.83923	1.01813
2433.25	4.23106	0.811199
2444.02	3.6877	0.658329
2454.79	3.2445	0.543958
2465.55	2.89201	0.45597
2476.32	2.61173	0.386158
2487.08	2.3869	0.329129
2497.85	2.20447	0.28131
2508.62	2.05473	0.240285
2519.38	1.93054	0.204382
2530.15	1.8266	0.172413
2540.92	1.73896	0.143513
2551.68	1.66461	0.117043
2562.45	1.60127	0.092517
2573.22	1.54713	0.0695616
2583.98	1.50081	0.0478836
2594.75	1.46119	0.0272495
2605.52	1.42739	0.00747065
2616.28	1.3987	-0.0116077
2627.05	1.37453	-0.0301141
2637.82	1.35443	-0.0481571
2648.58	1.33799	-0.0658295
2659.35	1.32492	-0.0832117
2670.12	1.31497	-0.100375
2680.88	1.30791	-0.117382
2691.65	1.3036	-0.13429
2702.42	1.30191	-0.151153
2713.18	1.30274	-0.16802
2723.95	1.30602	-0.184939
2734.72	1.31172	-0.201955
2745.48	1.3198	-0.219115
2756.25	1.33029	-0.236463
2767.02	1.3432	-0.254046
2777.78	1.35859	-0.271911
2788.55	1.37651	-0.290108
2799.32	1.39706	-0.308691
2810.08	1.42036	-0.327715
2820.85	1.44654	-0.347241
2831.62	1.47576	-0.367337
2842.38	1.50821	-0.388075
2853.15	1.54413	-0.409536
2863.92	1.58375	-0.431811
2874.68	1.62738	-0.455001
2885.45	1.67535	-0.479221
2896.22	1.72804	-0.504599
2906.98	1.78586	-0.531285
2917.75	1.84931	-0.559446
2928.52	1.91891	-0.589277
2939.28	1.99526	-0.621002
2950.05	2.07902	-0.654878
2960.82	2.17087	-0.691202
2971.58	2.27157	-0.73032
2982.35	2.38187	-0.772629
2993.12	2.50247	-0.818586
3003.88	2.63398	-0.86871
3014.65	2.77679	-0.923589
3025.42	2.93084	-0.983871
3036.18	3.09543	-1.05025
3046.95	3.26883	-1.12341
3057.71	3.44787	-1.20403
3068.48	3.62746	-1.29257
3079.25	3.80032	-1.38926
3090.01	3.95696	-1.49385
3100.78	4.08643	-1.60546
3111.55	4.17784	-1.72251
3122.31	4.2226	-1.84277
3133.08	4.21652	-1.96354
3143.85	4.16103	-2.08208
3154.61	4.06264	-2.19594
3165.38	3.93122	-2.30328
3176.15	3.7777	-2.40298
3186.91	3.6122	-2.49456
3197.68	3.44296	-2.57808
3208.45	3.27603	-2.65395
3219.21	3.11546	-2.72278
3229.98	2.96365	-2.78525
3240.75	2.82184	-2.84206
3251.51	2.69045	-2.89388
3262.28	2.56938	-2.94132
3273.05	2.4582	-2.98491
3283.81	2.35632	-3.02515
3294.58	2.26307	-3.06244
3305.35	2.17777	-3.09715
3316.11	2.09974	-3.12959
3326.88	2.02834	3.12315
3337.65	1.963	3.09448
3348.41	1.90317	3.06737
3359.18	1.84836	3.04165
3369.95	1.79814	3.01717
3380.71	1.75212	2.99379
3391.48	1.70993	2.9714
3402.25	1.67127	2.94991
3413.01	1.63586	2.92921
3423.78	1.60344	2.90923
3434.55	1.5738	2.8899
3445.31	1.54674	2.87116
3456.08	1.52207	2.85295
3466.85	1.49964	2.83523
3477.61	1.47932	2.81795
3488.38	1.46097	2.80106
3499.15	1.44449	2.78454
3509.91	1.42978	2.76835
3520.68	1.41675	2.75246
3531.45	1.40533	2.73685
3542.21	1.39545	2.72148
3552.98	1.38705	2.70634
3563.75	1.38009	2.69141
3574.51	1.37451	2.67666
3585.28	1.3703	2.66208
3596.04	1.36741	2.64766
3606.81	1.36582	2.63337
3617.58	1.36552	2.6192
3628.34	1.36651	2.60513
3639.11	1.36876	2.59116
3649.88	1.37229	2.57727
3660.64	1.3771	2.56346
3671.41	1.3832	2.54969
3682.18	1.39061	2.53598
3692.94	1.39935	2.5223
3703.71	1.40946	2.50864
3714.48	1.42097	2.49499
3725.24	1.43391	2.48135
3736.01	1.44835	2.4677
3746.78	1.46434	2.45403
3757.54	1.48194	2.44032
3768.31	1.50124	2.42658
3779.08	1.5223	2.41278
3789.84	1.54524	2.39892
3800.61	1.57015	2.38497
3811.38	1.59715	2.37094
3822.14	1.62639	2.35679
3832.91	1.65801	2.34253
3843.68	1.69219	2.32812
3854.44	1.72911	2.31356
3865.21	1.769	2.29882
3875.98	1.81209	2.28388
3886.74	1.85867	2.26872
3897.51	1.90904	2.25331
3908.28	1.96356	2.23762
3919.04	2.02264	2.22163
3929.81	2.08675	2.20528
3940.58	2.1564	2.18855
3951.34	2.23222	2.17138
3962.11	2.31492	2.15371
3972.88	2.40532	2.13549
3983.64	2.50439	2.11663
3994.41	2.61327	2.09706
4005.18	2.73328	2.07665
4015.94	2.86604	2.0553
4026.71	3.01344	2.03286
4037.48	3.17779	2.00913
4048.24	3.36188	1.98391
4059.01	3.56913	1.95692
4069.78	3.80375	1.92781
4080.54	4.07098	1.89617
4091.31	4.37739	1.86144
4102.08	4.73123	1.82292
4112.84	5.14299	1.77965
4123.61	5.62594	1.73042
4134.38	6.1968	1.67352
4145.14	6.87607	1.60668
4155.91	7.68755	1.52677
4166.67	8.65472	1.42951
4177.44	9.78995	1.30932
4188.21	11.0678	1.15954
4198.97	12.3746	0.974167
4209.74	13.4567	0.752438
4220.51	13.9677	0.505233
4231.27	13.7043	0.255867
4242.04	12.8023	0.0288592
4252.81	11.5961	-0.162678
4263.57	10.3643	-0.318065
4274.34	9.24626	-0.442852
4285.11	8.28313	-0.543764
4295.87	7.47042	-0.626611
4306.64	6.7882	-0.695857
4317.41	6.21421	-0.7548
4328.17	5.72853	-0.805842
4338.94	5.31465	-0.850748
4349.71	4.95933	-0.890821
4360.47	4.65206	-0.927038
4371.24	4.38452	-0.960142
4382.01	4.1501	-0.990704
4392.77	3.9435	-1.01917
4403.54	3.76046	-1.0459
4414.31	3.59754	-1.07116
4425.07	3.45192	-1.09519
4435.84	3.32125	-1.11818
4446.61	3.20363	-1.14028
4457.37	3.09743	-1.1616
4468.14	3.00131	-1.18228
4478.91	2.91413	-1.20238
4489.67	2.83491	-1.22199
4500.44	2.76281	-1.24118
4511.21	2.69713	-1.26001
4521.97	2.63726	-1.27851
4532.74	2.58265	-1.29674
4543.51	2.53285	-1.31474
4554.27	2.48745	-1.33253
4565.04	2.4461	-1.35016
4575.81	2.40849	-1.36763
4586.57	2.37434	-1.38499
4597.34	2.34342	-1.40225
4608.11	2.31552	-1.41943
4618.87	2.29044	-1.43656
4629.64	2.26802	-1.45363
4640.41	2.24812	-1.47069
4651.17	2.23061	-1.48772
4661.94	2.21537	-1.50476
4672.71	2.20231	-1.52182
4683.47	2.19134	-1.5389
4694.24	2.18238	-1.55602
4705	2.17537	-1.57318
4715.77	2.17025	-1.59041
4726.54	2.16697	-1.6077
4737.3	2.1655	-1.62508
4748.07	2.1658	-1.64255
4758.84	2.16786	-1.66011
4769.6	2.17164	-1.67779
4780.37	2.17714	-1.69559
4791.14	2.18436	-1.71351
4801.9	2.19329	-1.73157
4812.67	2.20395	-1.74978
4823.44	2.21635	-1.76815
4834.2	2.2305	-1.78669
4844.97	2.24644	-1.8054
4855.74	2.26419	-1.82431
4866.5	2.28379	-1.84341
4877.27	2.30528	-1.86272
4888.04	2.32872	-1.88226
4898.8	2.35417	-1.90203
4909.57	2.38169	-1.92204
4920.34	2.41134	-1.94232
4931.1	2.44322	-1.96287
4941.87	2.47741	-1.9837
4952.64	2.51401	-2.00484
4963.4	2.55313	-2.0263
4974.17	2.59489	-2.0481
4984.94	2.63942	-2.07024
4995.7	2.68686	-2.09277
5006.47	2.73737	-2.11568
5017.24	2.79113	-2.13901
5028	2.84832	-2.16279
5038.77	2.90914	-2.18703
5049.54	2.97383	-2.21176
5060.3	3.04262	-2.23702
5071.07	3.1158	-2.26283
5081.84	3.19365	-2.28924
5092.6	3.27651	-2.31628
5103.37	3.36473	-2.344
5114.14	3.45869	-2.37244
5124.9	3.55884	-2.40165
5135.67	3.66563	-2.43169
5146.44	3.77959	-2.46264
5157.2	3.90128	-2.49454
5167.97	4.03132	-2.52749
5178.74	4.1704	-2.56158
5189.5	4.31924	-2.59689
5200.27	4.47867	-2.63355
5211.04	4.64954	-2.67167
5221.8	4.8328	-2.71139
5232.57	5.02945	-2.75288
5243.33	5.24054	-2.7963
5254.1	5.46716	-2.84185
5264.87	5.71041	-2.88977
5275.63	5.97134	-2.94029
5286.4	6.25088	-2.99369
5297.17	6.54976	-3.05029
5307.93	6.86837	-3.11043
5318.7	7.20649	3.10873
5329.47	7.56312	3.04043
5340.23	7.93608	2.96745
5351	8.32159	2.88944
5361.77	8.71389	2.80607
5372.53	9.10473	2.7171
5383.3	9.48321	2.62245
5394.07	9.8358	2.52225
5404.83	10.147	2.4169
5415.6	10.4006	2.30712
5426.37	10.5816	2.19396
5437.13	10.6789	2.07876
5447.9	10.6865	1.96302
5458.67	10.6054	1.84828
5469.43	10.4429	1.73599
5480.2	10.211	1.62734
5490.97	9.92493	1.52322
5501.73	9.60018	1.4242
5512.5	9.25131	1.33052
5523.27	8.89073	1.24221
5534.03	8.52831	1.15911
5544.8	8.17139	1.08094
5555.57	7.82514	1.00735
5566.33	7.49289	0.937956
5577.1	7.17663	0.872391
5587.87	6.87728	0.810283
5598.63	6.59507	0.75129
5609.4	6.32972	0.695098
5620.17	6.08064	0.641422
5630.93	5.84705	0.590008
5641.7	5.62805	0.540631
5652.47	5.42272	0.49309
5663.23	5.23013	0.447208
5674	5.04939	0.40283
5684.77	4.87962	0.35982
5695.53	4.72003	0.318055
5706.3	4.56985	0.277432
5717.07	4.42839	0.237855
5727.83	4.29501	0.199243
5738.6	4.16911	0.161523
5749.37	4.05016	0.12463
5760.13	3.93767	0.0885065
5770.9	3.83118	0.0531025
5781.67	3.73029	0.0183722
5792.43	3.63462	-0.0157248
5803.2	3.54383	-0.049225
5813.96	3.45761	-0.0821612
5824.73	3.37567	-0.114563
5835.5	3.29775	-0.146458
5846.26	3.22362	-0.17787
5857.03	3.15306	-0.208822
5867.8	3.08587	-0.239335
5878.56	3.02187	-0.26943
5889.33	2.96089	-0.299125
5900.1	2.90279	-0.328439
5910.86	2.84742	-0.35739
5921.63	2.79467	-0.385995
5932.4	2.74441	-0.414275
5943.16	2.69654	-0.442249
5953.93	2.65096	-0.469941
5964.7	2.60761	-0.497378
5975.46	2.56638	-0.524595
5986.23	2.52722	-0.551638
5997	2.49005	-0.578571
6007.76	2.45478	-0.60549
6018.53	2.42123	-0.632543
6029.3	2.38903	-0.659963
6040.06	2.35725	-0.688077
6050.83	2.32359	-0.717123
6061.6	2.28374	-0.746117
6072.36	2.23713	-0.7708
6083.13	2.19745	-0.788664
6093.9	2.17242	-0.805425
6104.66	2.15469	-0.824644
6115.43	2.13886	-0.845785
6126.2	2.1235	-0.867882
6136.96	2.10851	-0.890379
6147.73	2.09405	-0.913004
6158.5	2.08031	-0.935627
6169.26	2.06741	-0.958184
6180.03	2.05543	-0.980646
6190.8	2.04446	-1.003
6201.56	2.03452	-1.02524
6212.33	2.02566	-1.04737
6223.1	2.0179	-1.0694
6233.86	2.01127	-1.09133
6244.63	2.00579	-1.11317
6255.4	2.00147	-1.13493
6266.16	1.99833	-1.15662
6276.93	1.99641	-1.17824
6287.7	1.99572	-1.19982
6298.46	1.99629	-1.22135
6309.23	1.99814	-1.24286
6320	2.00132	-1.26436
6330.76	2.00585	-1.28586
6341.53	2.01178	-1.30736
6352.29	2.01915	-1.3289
6363.06	2.02801	-1.35048
6373.83	2.03842	-1.37213
6384.59	2.05044	-1.39385
6395.36	2.06415	-1.41566
6406.13	2.07961	-1.4376
6416.89	2.09691	-1.45968
6427.66	2.11616	-1.48192
6438.43	2.13744	-1.50435
6449.19	2.16089	-1.52699
6459.96	2.18663	-1.54989
6470.73	2.2148	-1.57306
6481.49	2.24557	-1.59656
6492.26	2.27911	-1.62041
6503.03	2.31561	-1.64467
6513.79	2.35531	-1.66937
6524.56	2.39843	-1.69459
6535.33	2.44526	-1.72037
6546.09	2.4961	-1.74679
6556.86	2.55128	-1.77393
6567.63	2.61118	-1.80188
6578.39	2.67623	-1.83072
6589.16	2.74688	-1.86058
6599.93	2.82367	-1.89159
6610.69	2.90716	-1.92389
6621.46	2.99799	-1.95766
6632.23	3.09687	-1.99308
6642.99	3.20455	-2.03038
6653.76	3.32186	-2.06983
6664.53	3.44964	-2.11173
6675.29	3.58876	-2.15641
6686.06	3.74007	-2.20429
6696.83	3.90427	-2.25582
6707.59	4.08185	-2.31153
6718.36	4.27287	-2.37202
6729.13	4.47667	-2.43792
6739.89	4.69153	-2.50994
6750.66	4.91412	-2.58876
6761.43	5.13892	-2.67502
6772.19	5.35762	-2.76918
6782.96	5.55874	-2.87137
6793.73	5.72778	-2.98119
6804.49	5.84872	-3.09744
6815.26	5.90778	3.06537
6826.03	5.90108	2.94397
6836.79	5.83764	2.82345
6847.56	5.72086	2.70376
6858.33	5.54725	2.58662
6869.09	5.32589	2.47501
6879.86	5.07385	2.37085
6890.63	4.80731	2.27484
6901.39	4.53874	2.18697
6912.16	4.27677	2.10681
6922.92	4.02684	2.03375
6933.69	3.79196	1.96708
6944.46	3.57343	1.90609
6955.22	3.37148	1.85012
6965.99	3.1856	1.79855
6976.76	3.01492	1.75084
6987.52	2.85835	1.70652
6998.29	2.71477	1.66516
7009.06	2.58303	1.62641
7019.82	2.46205	1.58995
7030.59	2.35081	1.55551
7041.36	2.2484	1.52287
7052.12	2.15397	1.49181
7062.89	2.06676	1.46217
7073.66	1.98609	1.4338
7084.42	1.91136	1.40655
7095.19	1.84203	1.38032
7105.96	1.7776	1.35501
7116.72	1.71765	1.33052
7127.49	1.66178	1.30677
7138.26	1.60965	1.2837
7149.02	1.56095	1.26124
7159.79	1.5154	1.23934
7170.56	1.47275	1.21794
7181.32	1.43277	1.19701
7192.09	1.39526	1.1765
7202.86	1.36004	1.15638
7213.62	1.32694	1.13662
7224.39	1.29581	1.11717
7235.16	1.26652	1.09803
7245.92	1.23893	1.07915
7256.69	1.21295	1.06053
7267.46	1.18846	1.04213
7278.22	1.16538	1.02395
7288.99	1.14361	1.00595
7299.76	1.12309	0.988132
7310.52	1.10373	0.970472
7321.29	1.08547	0.952958
7332.06	1.06826	0.935576
7342.82	1.05203	0.918314
7353.59	1.03675	0.901159
7364.36	1.02235	0.884102
7375.12	1.0088	0.86713
7385.89	0.996059	0.850234
7396.66	0.984092	0.833405
7407.42	0.972865	0.816633
7418.19	0.962348	0.79991
7428.96	0.952512	0.783226
7439.72	0.943333	0.766575
7450.49	0.934786	0.749948
7461.25	0.926851	0.733337
7472.02	0.919507	0.716734
7482.79	0.912737	0.700134
7493.55	0.906525	0.683527
7504.32	0.900856	0.666908
7515.09	0.895718	0.650268
7525.85	0.891098	0.633602
7536.62	0.886986	0.616902
7547.39	0.883373	0.600161
7558.15	0.880251	0.583372
7568.92	0.877614	0.566528
7579.69	0.875456	0.549622
7590.45	0.873773	0.532647
7601.22	0.872561	0.515596
7611.99	0.871819	0.498461
7622.75	0.871545	0.481234
7633.52	0.87174	0.463908
7644.29	0.872403	0.446475
7655.05	0.873538	0.428927
7665.82	0.875148	0.411256
7676.59	0.877236	0.393452
7687.35	0.879808	0.375506
7698.12	0.882871	0.35741
7708.89	0.886433	0.339154
7719.65	0.890501	0.320727
7730.42	0.895086	0.302119
7741.19	0.9002	0.283319
7751.95	0.905854	0.264315
7762.72	0.912063	0.245095
7773.49	0.918843	0.225647
7784.25	0.926209	0.205956
7795.02	0.934181	0.186009
7805.79	0.942778	0.165791
7816.55	0.952022	0.145285
7827.32	0.961938	0.124476
7838.09	0.972549	0.103345
7848.85	0.983884	0.0818738
7859.62	0.995971	0.0600417
7870.39	1.00884	0.0378277
7881.15	1.02254	0.0152089
7891.92	1.03708	-0.00783883
7902.69	1.05252	-0.0313414
7913.45	1.0689	-0.0553264
7924.22	1.08626	-0.0798234
7934.99	1.10464	-0.104864
7945.75	1.12411	-0.130482
7956.52	1.1447	-0.156714
7967.29	1.16648	-0.183598
7978.05	1.18951	-0.211176
7988.82	1.21384	-0.239494
7999.58	1.23955	-0.268597
8010.35	1.26669	-0.298539
8021.12	1.29534	-0.329373
8031.88	1.32557	-0.361158
8042.65	1.35745	-0.393957
8053.42	1.39104	-0.427836
8064.18	1.42643	-0.462867
8074.95	1.46366	-0.499124
8085.72	1.50281	-0.536688
8096.48	1.54391	-0.575642
8107.25	1.58702	-0.616073
8118.02	1.63215	-0.658071
8128.78	1.67931	-0.70173
8139.55	1.72847	-0.747143
8150.32	1.77958	-0.794407
8161.08	1.83254	-0.843611
8171.85	1.88722	-0.894846
8182.62	1.94342	-0.948191
8193.38	2.00089	-1.00372
8204.15	2.05931	-1.06148
8214.92	2.11831	-1.12153
8225.68	2.17743	-1.18386
8236.45	2.23615	-1.24848
8247.22	2.29394	-1.31534
8257.98	2.3502	-1.38437
8268.75	2.40435	-1.45547
8279.52	2.45584	-1.52849
8290.28	2.5042	-1.6033
8301.05	2.54906	-1.6797
8311.82	2.59023	-1.75753
8322.58	2.62769	-1.83662
8333.35	2.66166	-1.91683
8344.12	2.69257	-1.9981
8354.88	2.72114	-2.08043
8365.65	2.7483	-2.16394
8376.42	2.77522	-2.24893
8387.18	2.80327	-2.33588
8397.95	2.83396	-2.42557
8408.72	2.86887	-2.51914
8419.48	2.90941	-2.61827
8430.25	2.95637	-2.72536
8441.02	3.0089	-2.84382
8451.78	3.06239	-2.97833
8462.55	3.10422	-3.13503
8473.32	3.10694	2.96249
8484.08	3.02264	2.74347
8494.85	2.79425	2.49578
8505.62	2.40115	2.23984
8516.38	1.90033	2.00826
8527.15	1.39139	1.83463
8537.92	0.952825	1.75615
8548.68	0.632043	1.82871
8559.45	0.454573	2.08911
8570.21	0.403748	2.4268
8580.98	0.421031	2.67874
8591.75	0.45975	2.82442
8602.51	0.500786	2.90126
8613.28	0.538177	2.93783
8624.05	0.570437	2.95034
8634.81	0.597559	2.94791
8645.58	0.620016	2.93584
8656.35	0.63841	2.91736
8667.11	0.653332	2.89449
8677.88	0.665314	2.86854
8688.65	0.674819	2.84039
8699.41	0.682238	2.81063
8710.18	0.687901	2.77968
8720.95	0.692085	2.74781
8731.71	0.69502	2.71524
8742.48	0.696896	2.68209
8753.25	0.697873	2.64849
8764.01	0.698082	2.6145
8774.78	0.697635	2.58016
8785.55	0.69662	2.54553
8796.31	0.695116	2.51063
8807.08	0.693182	2.47547
8817.85	0.690872	2.44007
8828.61	0.688228	2.40443
8839.38	0.685284	2.36856
8850.15	0.682069	2.33247
8860.91	0.678605	2.29615
8871.68	0.674911	2.25961
8882.45	0.671	2.22285
8893.21	0.666885	2.18588
8903.98	0.662575	2.14868
8914.75	0.658075	2.11127
8925.51	0.653392	2.07365
8936.28	0.648528	2.03583
8947.05	0.643487	1.9978
8957.81	0.638271	1.95959
8968.58	0.632882	1.92118
8979.35	0.627321	1.8826
8990.11	0.621591	1.84385
9000.88	0.615692	1.80494
9011.65	0.609628	1.76588
9022.41	0.603402	1.72669
9033.18	0.597015	1.68738
9043.95	0.590473	1.64795
9054.71	0.583781	1.60843
9065.48	0.576942	1.56882
9076.25	0.569965	1.52915
9087.01	0.562854	1.48941
9097.78	0.555618	1.44962
9108.54	0.548265	1.4098
9119.31	0.540804	1.36996
9130.08	0.533243	1.3301
9140.84	0.525592	1.29024
9151.61	0.51786	1.25037
9162.38	0.510058	1.21051
9173.14	0.502196	1.17066
9183.91	0.494284	1.13082
9194.68	0.486331	1.09099
9205.44	0.478347	1.05117
9216.21	0.470342	1.01135
9226.98	0.462323	0.97152
9237.74	0.4543	0.931677
9248.51	0.446281	0.891804
9259.28	0.438271	0.851884
9270.04	0.430277	0.811898
9280.81	0.422305	0.771821
9291.58	0.414358	0.731626
9302.34	0.40644	0.691283
9313.11	0.398553	0.650757
9323.88	0.390697	0.610007
9334.64	0.382873	0.568989
9345.41	0.375078	0.527654
9356.18	0.36731	0.485947
9366.94	0.359562	0.443808
9377.71	0.35183	0.401171
9388.48	0.344103	0.357961
9399.24	0.336373	0.314099
9410.01	0.328625	0.269497
9420.78	0.320845	0.224059
9431.54	0.313015	0.177682
9442.31	0.305114	0.130253
9453.08	0.297118	0.0816512
9463.84	0.289	0.0317486
9474.61	0.28073	-0.0195915
9485.38	0.272273	-0.0725113
9496.14	0.263591	-0.127157
9506.91	0.254643	-0.183676
9517.68	0.245386	-0.242211
9528.44	0.235774	-0.302894
9539.21	0.225763	-0.365837
9549.98	0.215311	-0.431123
9560.74	0.204383	-0.498789
9571.51	0.192954	-0.568812
9582.28	0.181016	-0.641087
9593.04	0.168583	-0.715412
9603.81	0.155697	-0.791464
9614.58	0.14243	-0.868786
9625.34	0.12889	-0.946772
9636.11	0.115219	-1.02466
9646.88	0.101584	-1.10152
9657.64	0.0881717	-1.17624
9668.41	0.0751744	-1.24753
9679.17	0.0627773	-1.31377
9689.94	0.0511465	-1.3729
9700.71	0.04042	-1.42193
9711.47	0.0307046	-1.45598
9722.24	0.0220798	-1.46553
9733.01	0.0146162	-1.42777
9743.77	0.00845577	-1.27075
9754.54	0.00429949	-0.700467
9765.31	0.00447143	0.347154
9776.07	0.00703805	0.770375
9786.84	0.00939089	0.92324
9797.61	0.0111246	1.00936
9808.37	0.0122394	1.08347
9819.14	0.0128357	1.16872
9829.91	0.0130821	1.28003
9840.67	0.0132293	1.42805
9851.44	0.0136217	1.61506
9862.21	0.0146585	1.82709
9872.97	0.0166744	2.03489
9883.74	0.0198303	2.21114
9894.51	0.0241289	2.34489
9905.27	0.0295087	2.43895
9916.04	0.0359124	2.50113
9926.81	0.0433108	2.53913
9937.57	0.0517046	2.55891
9948.34	0.0611203	2.56476
9959.11	0.071606	2.5596
9969.87	0.0832272	2.54536
9980.64	0.0960629	2.52325
9991.41	0.110198	2.4939
10002.2	0.125713	2.45748
10012.9	0.142656	2.41377
10023.7	0.160996	2.3622
10034.5	0.180541	2.30195
10045.2	0.200786	2.23215
10056	0.220705	2.15251
10066.8	0.238573	2.06454
10077.5	0.252108	1.97343
10088.3	0.259463	1.88983
10099.1	0.261043	1.82852
10109.8	0.260591	1.80121
10120.6	0.263682	1.80708
10131.4	0.274646	1.83117
10142.1	0.294906	1.85441
10152.9	0.32368	1.86421
10163.7	0.359438	1.85637
10174.4	0.400792	1.83166
10185.2	0.446706	1.79243
10196	0.496406	1.74108
10206.7	0.549223	1.67955
10217.5	0.604455	1.60937
10228.3	0.661278	1.53175
10239	0.718694	1.44777
10249.8	0.775538	1.3585
10260.6	0.830528	1.26503
10271.3	0.882371	1.16855
10282.1	0.929892	1.07032
10292.9	0.972166	0.971604
10303.6	1.00862	0.873602
10314.4	1.03906	0.77739
10325.2	1.06368	0.683852
10335.9	1.08296	0.593652
10346.7	1.09759	0.507229
10357.5	1.10836	0.424814
10368.2	1.11607	0.346466
10379	1.12151	0.272111
10389.8	1.12535	0.201576
10400.5	1.12819	0.134624
10411.3	1.13053	0.0709823
10422.1	1.13278	0.0103591
10432.8	1.13528	-0.0475402
10443.6	1.1383	-0.103005
10454.4	1.14203	-0.156312
10465.1	1.14667	-0.207726
10475.9	1.15233	-0.257495
10486.7	1.15915	-0.305853
10497.4	1.1672	-0.353021
10508.2	1.17657	-0.399207
10519	1.18732	-0.444612
10529.7	1.19951	-0.489428
10540.5	1.21319	-0.533844
10551.3	1.22839	-0.578049
10562	1.24512	-0.622231
10572.8	1.26336	-0.666579
10583.6	1.28305	-0.711281
10594.3	1.30401	-0.756505
10605.1	1.32597	-0.802361
10615.9	1.3485	-0.848817
10626.6	1.37112	-0.895563
10637.4	1.39363	-0.94189
10648.2	1.41685	-0.986866
10658.9	1.44294	-1.03011
10669.7	1.47448	-1.07258
10680.5	1.51263	-1.11621
10691.2	1.5568	-1.16259
10702	1.60575	-1.21246
10712.8	1.65846	-1.26602
10723.5	1.71433	-1.32335
10734.3	1.77301	-1.38461
10745.1	1.83418	-1.4501
10755.8	1.89738	-1.52032
10766.6	1.9618	-1.59594
10777.4	2.02601	-1.67783
10788.1	2.08756	-1.76704
10798.9	2.14239	-1.86476
10809.7	2.18395	-1.97211
10820.4	2.20235	-2.0897
10831.2	2.18413	-2.21657
10842	2.11464	-2.34839
10852.7	1.98526	-2.47525
10863.5	1.80469	-2.58073
10874.3	1.60489	-2.64576
10885	1.43067	-2.65919
10895.8	1.31667	-2.62966
10906.6	1.27062	-2.58439
10917.3	1.27681	-2.5503
10928.1	1.3124	-2.53943
10938.9	1.35921	-2.55126
10949.6	1.4063	-2.58051
10960.4	1.44819	-2.62171
10971.2	1.48264	-2.67059
10981.9	1.50916	-2.7241
10992.7	1.52814	-2.78015
11003.5	1.54038	-2.83736
11014.2	1.54682	-2.89477
11025	1.54842	-2.95178
11035.8	1.54609	-3.00799
11046.5	1.54066	-3.06318
11057.3	1.53287	-3.11721
11068.1	1.52336	3.11312
11078.8	1.51268	3.06144
11089.6	1.50131	3.01086
11100.4	1.48962	2.96127
11111.1	1.47796	2.91254
11121.9	1.46659	2.86451
11132.7	1.45574	2.81698
11143.4	1.44558	2.76973
11154.2	1.43624	2.72251
11165	1.42781	2.67502
11175.7	1.42032	2.62691
11186.5	1.41373	2.57775
11197.3	1.40792	2.52704
11208	1.40259	2.47418
11218.8	1.39726	2.41842
11229.6	1.39106	2.35886
11240.3	1.38262	2.29446
11251.1	1.36972	2.2241
11261.9	1.34898	2.14674
11272.6	1.31557	2.06193
11283.4	1.26341	1.97081
11294.2	1.18665	1.87775
11304.9	1.08326	1.79236
11315.7	0.959753	1.73043
11326.5	0.83304	1.71089
11337.2	0.725293	1.74663
11348	0.653728	1.83171
11358.8	0.622508	1.93844
11369.5	0.623437	2.03534
11380.3	0.643946	2.10631
11391.1	0.67383	2.15062
11401.8	0.70692	2.17385
11412.6	0.740103	2.18208
11423.4	0.772047	2.18004
11434.1	0.802342	2.171
11444.9	0.831013	2.1572
11455.7	0.858277	2.14011
11466.4	0.884419	2.12068
11477.2	0.909736	2.09959
11488	0.934515	2.07726
11498.7	0.959021	2.054
11509.5	0.983498	2.03
11520.3	1.00817	2.0054
11531	1.03324	1.98026
11541.8	1.05891	1.95466
11552.6	1.08536	1.9286
11563.3	1.11277	1.90209
11574.1	1.14132	1.87513
11584.9	1.17119	1.84769
11595.6	1.20255	1.81974
11606.4	1.23558	1.79123
11617.2	1.2705	1.76213
11627.9	1.30748	1.73236
11638.7	1.34676	1.70186
11649.5	1.38856	1.67056
11660.2	1.43313	1.63837
11671	1.48073	1.60518
11681.8	1.53164	1.57091
11692.5	1.58618	1.53542
11703.3	1.64466	1.49857
11714.1	1.70743	1.46023
11724.8	1.77486	1.42022
11735.6	1.84733	1.37834
11746.4	1.92522	1.3344
11757.1	2.00891	1.28816
11767.9	2.09875	1.23937
11778.7	2.19505	1.18773
11789.4	2.29801	1.13296
11800.2	2.4077	1.07472
11811	2.52396	1.01267
11821.7	2.64634	0.946475
11832.5	2.77395	0.87581
11843.3	2.90537	0.800388
11854	3.03853	0.719998
11864.8	3.1706	0.634549
11875.6	3.29799	0.544119
11886.3	3.41648	0.449006
11897.1	3.52143	0.349767
11907.9	3.60831	0.247236
11918.6	3.67321	0.14251
11929.4	3.71347	0.0368897
11940.2	3.72811	-0.0682036
11950.9	3.71807	-0.171333
11961.7	3.6861	-0.271137
11972.5	3.63657	-0.366399
11983.2	3.57519	-0.456111
11994	3.50887	-0.539579
12004.8	3.44561	-0.616675
12015.5	3.39361	-0.688264
12026.3	3.35908	-0.756538
12037.1	3.34291	-0.824577
12047.8	3.33983	-0.894861
12058.6	3.34221	-0.96803
12069.4	3.34524	-1.0432
12080.1	3.34861	-1.11918
12090.9	3.3549	-1.19535
12101.7	3.36761	-1.27177
12112.4	3.39009	-1.34906
12123.2	3.42519	-1.42822
12134	3.47527	-1.51059
12144.7	3.54214	-1.5978
12155.5	3.62684	-1.69184
12166.3	3.72903	-1.79509
12177	3.84569	-1.91038
12187.8	3.96901	-2.04087
12198.6	4.08329	-2.18965
12209.3	4.16219	-2.35876
12220.1	4.16984	-2.54768
12230.9	4.07131	-2.7515
12241.6	3.85203	-2.96072
12252.4	3.5315	3.11945
12263.2	3.15492	2.93225
12273.9	2.76991	2.76589
12284.7	2.40959	2.621
12295.5	2.08992	2.49555
12306.2	1.81473	2.38642
12317	1.58145	2.29043
12327.8	1.38501	2.20468
12338.5	1.21983	2.1267
12349.3	1.08077	2.05443
12360.1	0.963405	1.98612
12370.8	0.864059	1.92027
12381.6	0.779736	1.85558
12392.4	0.708015	1.79088
12403.1	0.646945	1.72512
12413.9	0.594967	1.65733
12424.7	0.55083	1.58666
12435.4	0.513542	1.51233
12446.2	0.48232	1.43371
12457	0.456553	1.35032
12467.7	0.435767	1.26186
12478.5	0.419605	1.16827
12489.3	0.407793	1.06971
12500	0.40012	0.96663
12510.8	0.396419	0.859657
12521.6	0.396539	0.749604
12532.3	0.400335	0.637369
12543.1	0.407655	0.523844
12553.9	0.418326	0.409842
12564.6	0.432158	0.296028
12575.4	0.448933	0.182893
12586.2	0.468413	0.0707392
12596.9	0.490332	-0.0402992
12607.7	0.514394	-0.150235
12618.5	0.540264	-0.259192
12629.2	0.567557	-0.367375
12640	0.595816	-0.475032
12650.8	0.624484	-0.582409
12661.5	0.652874	-0.689703
12672.3	0.68014	-0.796979
12683.1	0.705266	-0.904064
12693.8	0.72711	-1.01041
12704.6	0.744526	-1.11495
12715.4	0.756625	-1.21598
12726.1	0.763136	-1.31119
12736.9	0.764785	-1.39796
12747.7	0.763493	-1.47399
12758.4	0.762205	-1.53808
12769.2	0.764325	-1.59089
12780	0.772981	-1.63505
12790.7	0.790436	-1.67475
12801.5	0.817863	-1.71468
12812.3	0.855449	-1.75921
12823	0.902642	-1.81189
12833.8	0.958299	-1.87548
12844.6	1.02057	-1.95218
12855.3	1.08646	-2.04387
12866.1	1.15106	-2.15198
12876.9	1.20672	-2.27702
12887.6	1.24294	-2.41744
12898.4	1.24828	-2.56819
12909.2	1.21507	-2.71993
12919.9	1.14453	-2.85986
12930.7	1.04794	-2.97446
12941.5	0.942309	-3.05229
12952.2	0.844841	-3.08592
12963	0.769984	-3.07402
12973.8	0.728779	-3.02516
12984.5	0.728051	-2.96046
12995.3	0.769101	-2.90824
13006.1	0.847597	-2.89211
13016.8	0.954506	-2.92436
13027.6	1.07564	-3.00753
13038.4	1.18987	-3.1372
13049.1	1.2708	2.98117
13059.9	1.29713	2.79926
13070.7	1.26564	2.62043
13081.4	1.19157	2.45999
13092.2	1.09625	2.3252
13103	0.996514	2.2171
13113.7	0.902177	2.1339
13124.5	0.818039	2.07319
13135.3	0.74638	2.03283
13146	0.688685	2.01049
13156.8	0.64641	2.00219
13167.6	0.620673	2.00029
13178.3	0.610675	1.99264
13189.1	0.6116	1.96615
13199.9	0.614508	1.91426
13210.6	0.610271	1.84131
13221.4	0.59457	1.75863
13232.2	0.568776	1.67697
13242.9	0.53692	1.60251
13253.7	0.50277	1.53727
13264.5	0.468792	1.48092
13275.2	0.436267	1.43231
13286	0.405723	1.39015
13296.8	0.377274	1.35335
13307.5	0.350836	1.32103
13318.3	0.326241	1.29259
13329.1	0.303297	1.26759
13339.8	0.281817	1.24577
13350.6	0.261627	1.22702
13361.4	0.242577	1.21137
13372.1	0.224533	1.19897
13382.9	0.207387	1.19012
13393.7	0.191045	1.18527
13404.4	0.175438	1.18511
13415.2	0.160515	1.19055
13426	0.14625	1.20285
13436.7	0.132643	1.22376
13447.5	0.119733	1.25561
13458.3	0.107607	1.30152
13469	0.0964248	1.36555
13479.8	0.0864398	1.45255
13490.6	0.0780321	1.56743
13501.3	0.0717127	1.71283
13512.1	0.0680595	1.88516
13522.9	0.06754	2.07146
13533.6	0.0702922	2.2522
13544.4	0.0760578	2.41034
13555.2	0.0843363	2.53784
13565.9	0.0945988	2.63485
13576.7	0.10641	2.70555
13587.5	0.119454	2.75498
13598.2	0.133514	2.78763
13609	0.148447	2.80702
13619.8	0.164155	2.81583
13630.5	0.180573	2.81605
13641.3	0.197645	2.80911
13652.1	0.21532	2.79605
13662.8	0.23353	2.77765
13673.6	0.252178	2.75446
13684.4	0.271112	2.72699
13695.1	0.290113	2.69577
13705.9	0.308902	2.66159
13716.7	0.327211	2.62563
13727.4	0.344953	2.58936
13738.2	0.36239	2.55402
13749	0.380083	2.51983
13759.7	0.398554	2.48582
13770.5	0.417981	2.45058
13781.3	0.438186	2.41305
13792	0.458802	2.37277
13802.8	0.479429	2.3298
13813.5	0.499691	2.28439
13824.3	0.51925	2.2369
13835.1	0.537798	2.18771
13845.8	0.555041	2.1372
13856.6	0.570701	2.08576
13867.4	0.584509	2.03379
13878.1	0.596208	1.9817
13888.9	0.605562	1.92996
13899.7	0.612362	1.87906
13910.4	0.616432	1.82958
13921.2	0.617646	1.78218
13932	0.615938	1.73761
13942.7	0.61132	1.69677
13953.5	0.603905	1.6607
13964.3	0.593938	1.63067
13975	0.58184	1.60813
13985.8	0.568259	1.59479
13996.6	0.554149	1.5925
14007.3	0.540848	1.6031
14018.1	0.53015	1.62798
14028.9	0.524328	1.66749
14039.6	0.526029	1.72001
14050.4	0.537994	1.78139
14061.2	0.56261	1.84514
14071.9	0.601478	1.90387
14082.7	0.655187	1.95127
14093.5	0.723418	1.9834
14104.2	0.805223	1.99894
14115	0.899342	1.9985
14125.8	1.00443	1.98373
14136.5	1.11918	1.95672
14147.3	1.24244	1.91954
14158.1	1.37318	1.87412
14168.8	1.51063	1.82207
14179.6	1.65421	1.76478
14190.4	1.80363	1.70335
14201.1	1.95888	1.63866
14211.9	2.12024	1.57136
14222.7	2.28831	1.50191
14233.4	2.46399	1.43057
14244.2	2.64853	1.35747
14255	2.84342	1.28256
14265.7	3.05048	1.20564
14276.5	3.27178	1.12637
14287.3	3.50959	1.04424
14298	3.76633	0.958589
14308.8	4.04432	0.868578
14319.6	4.34549	0.773157
14330.3	4.67077	0.671065
14341.1	5.01899	0.560836
14351.9	5.38531	0.440852
14362.6	5.75875	0.309497
14373.4	6.11951	0.165478
14384.2	6.43699	0.00835076
14394.9	6.67142	-0.160794
14405.7	6.78181	-0.338752
14416.5	6.74009	-0.520212
14427.2	6.54418	-0.698683
14438	6.22002	-0.868043
14448.8	5.81061	-1.02388
14459.5	5.36038	-1.16397
14470.3	4.90458	-1.28791
14481.1	4.46617	-1.39648
14491.8	4.05759	-1.49094
14502.6	3.68405	-1.57269
14513.4	3.34651	-1.64299
14524.1	3.04378	-1.70296
14534.9	2.77357	-1.75368
14545.7	2.53281	-1.79634
14556.4	2.31725	-1.83217
14567.2	2.12154	-1.862
14578	1.94045	-1.88552
14588.7	1.77053	-1.90106
14599.5	1.61082	-1.90595
14610.3	1.46223	-1.89692
14621	1.32694	-1.87033
14631.8	1.20832	-1.82222
14642.6	1.11127	-1.74908
14653.3	1.04245	-1.64972
14664.1	1.0098	-1.52843
14674.9	1.02067	-1.39726
14685.6	1.07915	-1.27367
14696.4	1.18482	-1.17347
14707.2	1.3337	-1.10537
14717.9	1.5201	-1.071
14728.7	1.73775	-1.06798
14739.5	1.97966	-1.09256
14750.2	2.23738	-1.14086
14761	2.50037	-1.20915
14771.8	2.75592	-1.29368
14782.5	2.99022	-1.39053
14793.3	3.19047	-1.49556
14804.1	3.34736	-1.60459
14814.8	3.45692	-1.7138
14825.6	3.5207	-1.82004
14836.4	3.54453	-1.9211
14847.1	3.53648	-2.01566
14857.9	3.50501	-2.10317
14868.7	3.45775	-2.18366
14879.4	3.40091	-2.25748
14890.2	3.33923	-2.3252
14901	3.2761	-2.38745
14911.7	3.21388	-2.44486
14922.5	3.15412	-2.49802
14933.3	3.09781	-2.54748
14944	3.04552	-2.59372
14954.8	2.99758	-2.63716
14965.6	2.95411	-2.67815
14976.3	2.91514	-2.71703
14987.1	2.88061	-2.75406
14997.9	2.85043	-2.78947
15008.6	2.8245	-2.82348
15019.4	2.8027	-2.85627
15030.2	2.78492	-2.88799
15040.9	2.77106	-2.91879
15051.7	2.76104	-2.94878
15062.5	2.75479	-2.97809
15073.2	2.75224	-3.00681
15084	2.75337	-3.03503
15094.8	2.75816	-3.06285
15105.5	2.76661	-3.09034
15116.3	2.77872	-3.11758
15127.1	2.79455	3.13854
15137.8	2.81415	3.11159
15148.6	2.83759	3.08467
15159.4	2.86496	3.05773
15170.1	2.89638	3.03069
15180.9	2.93199	3.00349
15191.7	2.97193	2.97606
15202.4	3.01638	2.94833
15213.2	3.06554	2.92022
15224	3.11963	2.89167
15234.7	3.17889	2.86259
15245.5	3.24358	2.8329
15256.3	3.314	2.80252
15267	3.39045	2.77135
15277.8	3.47326	2.7393
15288.6	3.56277	2.70626
15299.3	3.65932	2.67212
15310.1	3.76327	2.63675
15320.9	3.87493	2.60005
15331.6	3.9946	2.56187
15342.4	4.12252	2.5221
15353.2	4.25884	2.48062
15363.9	4.40366	2.43732
15374.7	4.55701	2.39216
15385.5	4.71901	2.34509
15396.2	4.89009	2.29612
15407	5.07119	2.24521
15417.8	5.26375	2.19217
15428.5	5.46915	2.13661
15439.3	5.68769	2.07797
15450.1	5.91793	2.01567
15460.8	6.1566	1.94933
15471.6	6.39917	1.87879
15482.4	6.64038	1.80409
15493.1	6.87448	1.72546
15503.9	7.09551	1.64325
15514.7	7.29747	1.55797
15525.4	7.47477	1.47024
15536.2	7.62281	1.38084
15547	7.73862	1.29062
15557.7	7.82158	1.20051
15568.5	7.874	1.11141
15579.3	7.90142	1.02403
15590	7.91217	0.938701
15600.8	7.91548	0.855126
15611.6	7.91763	0.772311
15622.3	7.91791	0.688956
15633.1	7.90849	0.604235
15643.9	7.88003	0.518278
15654.6	7.82753	0.431857
15665.4	7.75116	0.345725
15676.2	7.65312	0.260267
15686.9	7.53439	0.175569
15697.7	7.39321	0.0917344
15708.5	7.22556	0.0092835
15719.2	7.02778	-0.070441
15730	6.80138	-0.145065
15740.8	6.55864	-0.21155
15751.5	6.32446	-0.267439
15762.3	6.13018	-0.312556
15773.1	6.00145	-0.3498
15783.8	5.94931	-0.384107
15794.6	5.97056	-0.42046
15805.4	6.0544	-0.462538
15816.1	6.18874	-0.512566
15826.9	6.3633	-0.571839
15837.7	6.56973	-0.641305
15848.4	6.80007	-0.721949
15859.2	7.04435	-0.814955
15870	7.28748	-0.921662
15880.7	7.50613	-1.0433
15891.5	7.66655	-1.18047
15902.3	7.72638	-1.33241
15913	7.64351	-1.4962
15923.8	7.39208	-1.66655
15934.6	6.97746	-1.8365
15945.3	6.43783	-1.99913
15956.1	5.82937	-2.14921
15966.9	5.20627	-2.2839
15977.6	4.6081	-2.40257
15988.4	4.05743	-2.50597
15999.2	3.56343	-2.59553
16009.9	3.12684	-2.67282
16020.7	2.744	-2.73925
16031.5	2.40943	-2.79594
16042.2	2.11731	-2.84367
16053	1.86228	-2.88282
16063.8	1.63975	-2.91342
16074.5	1.44614	-2.93517
16085.3	1.2789	-2.94767
16096.1	1.13641	-2.95084
16106.8	1.01755	-2.94583
16117.6	0.920757	-2.93608
16128.4	0.842577	-2.9276
16139.1	0.776852	-2.92685
16149.9	0.716108	-2.93702
16160.7	0.654645	-2.95601
16171.4	0.590498	-2.97817
16182.2	0.524735	-2.99743
16193	0.459562	-3.00891
16203.7	0.396981	-3.0089
16214.5	0.338369	-2.99395
16225.3	0.284573	-2.95986
16236	0.236163	-2.90058
16246.8	0.193704	-2.80706
16257.6	0.158013	-2.66645
16268.3	0.130394	-2.46423
16279.1	0.112559	-2.19545
16289.9	0.105668	-1.88533
16300.6	0.108777	-1.58606
16311.4	0.118984	-1.3343
16322.2	0.133389	-1.13223
16332.9	0.150317	-0.965759
16343.7	0.169414	-0.820606
16354.5	0.191422	-0.687404
16365.2	0.217986	-0.562371
16376	0.25144	-0.446728
16386.8	0.294452	-0.345169
16397.5	0.349522	-0.263402
16408.3	0.418411	-0.205582
16419.1	0.501669	-0.172666
16429.8	0.598515	-0.162023
16440.6	0.707502	-0.168119
16451.4	0.828249	-0.184207
16462.1	0.963653	-0.204947
16472.9	1.12088	-0.228913
16483.7	1.3098	-0.259176
16494.4	1.53967	-0.301261
16505.2	1.8161	-0.360115
16516	2.13964	-0.438289
16526.7	2.50573	-0.535842
16537.5	2.90538	-0.651153
16548.3	3.32591	-0.781788
16559	3.75189	-0.925099
16569.8	4.16586	-1.07853
16580.6	4.54922	-1.23967
16591.3	4.88316	-1.40617
16602.1	5.15041	-1.57563
16612.9	5.33751	-1.74546
16623.6	5.43732	-1.91295
16634.4	5.45063	-2.07545
16645.2	5.38595	-2.23065
16655.9	5.25744	-2.37679
16666.7	5.08183	-2.51279
16677.5	4.87551	-2.63823
16688.2	4.65258	-2.75322
16699	4.42404	-2.85825
16709.8	4.19776	-2.95404
16720.5	3.97889	-3.0414
16731.3	3.77053	-3.12115
16742.1	3.57426	3.08908
16752.8	3.39065	3.02221
16763.6	3.21956	2.96076
16774.4	3.06051	2.90419
16785.1	2.91274	2.85199
16795.9	2.77542	2.80378
16806.7	2.64769	2.75921
16817.4	2.52874	2.71802
16828.2	2.41782	2.67997
16839	2.31427	2.64487
16849.7	2.21758	2.61253
16860.5	2.12731	2.5827
16871.3	2.04307	2.55495
16882	1.96427	2.52859
16892.8	1.88959	2.50242
16903.6	1.81593	2.47478
16914.3	1.73714	2.44404
16925.1	1.64321	2.41003
16935.9	1.52131	2.37691
16946.6	1.36036	2.35814
16957.4	1.1623	2.38692
16968.2	0.969108	2.53033
16978.9	0.900278	2.83695
16989.7	1.07224	3.1352
17000.5	1.42165	-3.03389
17011.2	1.82329	-3.05653
17022	2.20001	3.13812
17032.8	2.51364	3.02252
17043.5	2.7505	2.89984
17054.3	2.9134	2.78054
17065.1	3.01463	2.6698
17075.8	3.06968	2.56955
17086.6	3.09304	2.47988
17097.4	3.09638	2.39995
17108.1	3.08824	2.32854
17118.9	3.07453	2.26435
17129.7	3.05917	2.2062
17140.4	3.04472	2.15304
17151.2	3.0328	2.10398
17162	3.02442	2.0583
17172.7	3.02022	2.01537
17183.5	3.02062	1.97468
17194.3	3.02585	1.93581
17205	3.03613	1.8984
17215.8	3.05159	1.86215
17226.6	3.0724	1.8268
17237.3	3.0987	1.79211
17248.1	3.13069	1.75789
17258.9	3.16862	1.72396
17269.6	3.21277	1.69014
17280.4	3.26349	1.65626
17291.2	3.32119	1.62215
17301.9	3.38633	1.58763
17312.7	3.45935	1.55251
17323.5	3.54078	1.51662
17334.2	3.63117	1.47977
17345	3.73125	1.4418
17355.8	3.84186	1.40249
17366.5	3.96396	1.36164
17377.3	4.09865	1.31896
17388.1	4.24711	1.27415
17398.8	4.41061	1.22687
17409.6	4.59046	1.17671
17420.4	4.78795	1.12319
17431.1	5.00427	1.06579
17441.9	5.24027	1.00389
17452.7	5.49624	0.936799
17463.4	5.77147	0.863745
17474.2	6.06359	0.783908
17485	6.36786	0.696458
17495.7	6.67609	0.600639
17506.5	6.97579	0.495904
17517.3	7.24969	0.382101
17528	7.47634	0.259689
17538.8	7.63263	0.129938
17549.6	7.69819	-0.00501051
17560.3	7.66074	-0.142281
17571.1	7.51993	-0.278648
17581.9	7.28773	-0.411042
17592.6	6.98498	-0.536996
17603.4	6.63597	-0.654887
17614.2	6.26358	-0.76394
17624.9	5.88632	-0.864071
17635.7	5.51742	-0.955664
17646.5	5.16537	-1.03937
17657.2	4.8349	-1.11594
17668	4.52811	-1.18614
17678.8	4.24549	-1.2507
17689.5	3.98654	-1.31029
17700.3	3.75027	-1.36554
17711.1	3.53542	-1.4171
17721.8	3.34042	-1.46566
17732.6	3.16331	-1.51194
17743.4	3.00176	-1.55663
17754.1	2.85321	-1.60026
17764.9	2.71526	-1.64315
17775.7	2.58594	-1.68542
17786.4	2.4638	-1.7271
17797.2	2.34782	-1.76814
17808	2.23724	-1.80854
17818.7	2.13142	-1.84829
17829.5	2.02982	-1.8874
17840.3	1.93191	-1.92589
17851	1.83718	-1.96375
17861.8	1.74514	-2.00098
17872.6	1.65531	-2.03753
17883.3	1.56725	-2.07329
17894.1	1.48053	-2.10813
17904.9	1.39475	-2.14182
17915.6	1.30956	-2.17406
17926.4	1.22464	-2.2044
17937.2	1.13973	-2.23224
17947.9	1.0546	-2.25674
17958.7	0.969111	-2.2767
17969.5	0.883216	-2.29039
17980.2	0.797002	-2.29525
17991	0.710797	-2.28733
18001.8	0.625399	-2.2603
18012.5	0.542596	-2.20375
18023.3	0.466324	-2.10089
18034.1	0.404893	-1.92903
18044.8	0.373324	-1.67695
18055.6	0.389128	-1.3893
18066.4	0.457426	-1.15701
18077.1	0.566533	-1.02385
18087.9	0.699504	-0.975322
18098.7	0.841151	-0.983324
18109.4	0.979569	-1.02485
18120.2	1.10699	-1.08386
18131	1.22003	-1.15004
18141.7	1.31874	-1.21741
18152.5	1.40508	-1.28296
18163.3	1.4817	-1.34547
18174	1.55113	-1.40473
18184.8	1.61551	-1.46098
18195.6	1.67661	-1.51461
18206.3	1.73587	-1.56612
18217.1	1.79446	-1.61601
18227.9	1.85329	-1.66478
18238.6	1.91299	-1.71293
18249.4	1.97394	-1.76085
18260.2	2.03634	-1.80886
18270.9	2.10038	-1.85714
18281.7	2.16633	-1.90583
18292.5	2.23457	-1.9551
18303.2	2.30552	-2.00512
18314	2.37967	-2.05613
18324.8	2.45747	-2.10842
18335.5	2.53934	-2.16232
18346.3	2.62564	-2.21823
18357.1	2.71661	-2.2766
18367.8	2.81227	-2.338
18378.6	2.91229	-2.40306
18389.4	3.01572	-2.47255
18400.1	3.12062	-2.54731
18410.9	3.22357	-2.6282
18421.7	3.31909	-2.71601
18432.4	3.39917	-2.81123
18443.2	3.45314	-2.91372
18454	3.46851	-3.02233
18464.7	3.43347	-3.13439
18475.5	3.34087	3.0377
18486.3	3.19249	2.93349
18497	3.0009	2.84277
18507.8	2.78719	2.77158
18518.6	2.57572	2.72408
18529.3	2.38864	2.70144
18540.1	2.24232	2.70127
18550.9	2.1459	2.71764
18561.6	2.10152	2.74227
18572.4	2.10568	2.76661
18583.2	2.15138	2.78382
18593.9	2.23028	2.78975
18604.7	2.33426	2.78271
18615.5	2.45622	2.76267
18626.2	2.59019	2.73051
18637	2.7312	2.68748
18647.8	2.87495	2.63488
18658.5	3.01768	2.57396
18669.3	3.15598	2.50588
18680.1	3.28677	2.43172
18690.8	3.40736	2.35246
18701.6	3.51554	2.26904
18712.4	3.60965	2.18229
18723.1	3.68872	2.09297
18733.9	3.75241	2.0017
18744.7	3.80104	1.90899
18755.4	3.8354	1.81516
18766.2	3.85658	1.72035
18777	3.86575	1.62453
18787.7	3.8639	1.52745
18798.5	3.85153	1.42869
18809.3	3.8284	1.32768
18820	3.79324	1.22373
18830.8	3.74344	1.11611
18841.6	3.67497	1.00422
18852.3	3.58251	0.887763
18863.1	3.46018	0.767057
18873.9	3.30296	0.643319
18884.6	3.10881	0.518866
18895.4	2.88058	0.397051
18906.2	2.62652	0.281842
18916.9	2.35872	0.177209
18927.7	2.09012	0.0866404
18938.5	1.83188	0.0130861
18949.2	1.59235	-0.0407317
18960	1.37745	-0.072047
18970.8	1.19145	-0.0782948
18981.5	1.03725	-0.058083
18992.3	0.916078	-0.0126372
19003.1	0.827042	0.0530901
19013.8	0.766975	0.130774
19024.6	0.730893	0.210952
19035.4	0.713044	0.285906
19046.1	0.708045	0.351322
19056.9	0.711654	0.40614
19067.7	0.721062	0.451399
19078.4	0.734864	0.489008
19089.2	0.752914	0.520752
19100	0.776088	0.547534
19110.7	0.805858	0.56879
19121.5	0.843524	0.582324
19132.3	0.889151	0.584969
19143	0.940742	0.57411
19153.8	0.994395	0.549239
19164.6	1.04564	0.512376
19175.3	1.09109	0.467117
19186.1	1.1293	0.417195
19196.9	1.16054	0.365492
19207.6	1.18608	0.313772
19218.4	1.20745	0.262863
19229.2	1.22609	0.212981
19239.9	1.24313	0.163994
19250.7	1.25946	0.115608
19261.5	1.27573	0.0674574
19272.2	1.29239	0.0191627
19283	1.30981	-0.029658
19293.8	1.32823	-0.0793856
19304.5	1.34787	-0.130407
19315.3	1.36886	-0.183127
19326	1.3913	-0.237984
19336.8	1.41521	-0.295465
19347.6	1.44055	-0.356124
19358.3	1.46712	-0.420601
19369.1	1.49453	-0.489639
19379.9	1.52205	-0.564093
19390.6	1.5485	-0.644927
19401.4	1.57197	-0.73317
19412.2	1.58958	-0.829811
19422.9	1.59728	-0.935582
19433.7	1.58983	-1.05058
19444.5	1.56137	-1.17377
19455.2	1.50686	-1.30235
19466	1.42424	-1.43154
19476.8	1.31633	-1.55475
19487.5	1.19105	-1.66472
19498.3	1.05928	-1.75475
19509.1	0.931814	-1.81996
19519.8	0.816932	-1.85778
19530.6	0.719619	-1.86828
19541.4	0.641865	-1.85421
19552.1	0.583416	-1.82088
19562.9	0.542519	-1.77547
19573.7	0.516596	-1.72566
19584.4	0.502817	-1.67825
19595.2	0.498517	-1.63826
19606	0.501397	-1.60885
19616.7	0.509506	-1.59174
19627.5	0.52112	-1.58757
19638.3	0.534656	-1.5961
19649	0.548666	-1.61641
19659.8	0.561906	-1.64709
19670.6	0.573377	-1.68654
19681.3	0.582336	-1.73308
19692.1	0.588309	-1.78507
19702.9	0.591106	-1.841
19713.6	0.590798	-1.89958
19724.4	0.587639	-1.95985
19735.2	0.581981	-2.02113
19745.9	0.574205	-2.08301
19756.7	0.564666	-2.1453
19767.5	0.553682	-2.20794
19778.2	0.541518	-2.27099
19789	0.528394	-2.33458
19799.8	0.514488	-2.39892
19810.5	0.499942	-2.46427
19821.3	0.484867	-2.53096
19832.1	0.469349	-2.59935
19842.8	0.453455	-2.6699
19853.6	0.43723	-2.74317
19864.4	0.420708	-2.81981
19875.1	0.403909	-2.90062
19885.9	0.38684	-2.98658
19896.7	0.369501	-3.07891
19907.4	0.351887	3.10404
19918.2	0.333991	2.99402
19929	0.315816	2.87181
19939.7	0.297384	2.73445
19950.5	0.278768	2.57829
19961.3	0.260129	2.39903
19972	0.241773	2.19203
19982.8	0.224221	1.95314
19993.6	0.208234	1.68054
