0	nan	-nan(ind)
10.7666	0.0041761	1.57273
21.5332	0.00851215	1.55029
32.2998	0.0129476	1.52506
43.0664	0.0174905	1.49932
53.833	0.0221615	1.47347
64.5996	0.0269881	1.44763
75.3662	0.0320034	1.42181
86.1328	0.037247	1.39603
96.8994	0.0427653	1.37025
107.666	0.0486138	1.34441
118.433	0.0548583	1.31843
129.199	0.0615777	1.29219
139.966	0.0688669	1.26555
150.732	0.0768414	1.23832
161.499	0.0856423	1.21026
172.266	0.0954442	1.18107
183.032	0.106465	1.15038
193.799	0.118979	1.11769
204.565	0.133336	1.08241
215.332	0.149988	1.04374
226.099	0.169522	1.00061
236.865	0.192708	0.951616
247.632	0.220556	0.89481
258.398	0.254381	0.827491
269.165	0.295832	0.745857
279.932	0.346774	0.644578
290.698	0.40871	0.516429
301.465	0.481024	0.352629
312.231	0.557215	0.145649
322.998	0.620863	-0.103187
333.765	0.65047	-0.374495
344.531	0.637841	-0.634992
355.298	0.59607	-0.85834
366.064	0.544238	-1.03715
376.831	0.494388	-1.17679
387.598	0.45113	-1.28609
398.364	0.415197	-1.37299
409.131	0.385888	-1.4435
419.897	0.362173	-1.50194
430.664	0.343084	-1.55138
441.431	0.327822	-1.594
452.197	0.315763	-1.63142
462.964	0.306432	-1.66479
473.73	0.29948	-1.69503
484.497	0.294656	-1.72282
495.264	0.291796	-1.74872
506.03	0.290804	-1.77319
516.797	0.291653	-1.79661
527.563	0.29438	-1.81935
538.33	0.299093	-1.84172
549.097	0.305979	-1.86406
559.863	0.315325	-1.88673
570.63	0.32755	-1.91014
581.396	0.343251	-1.93478
592.163	0.363289	-1.96129
602.93	0.388912	-1.99055
613.696	0.421987	-2.02381
624.463	0.465385	-2.063
635.229	0.523711	-2.11121
645.996	0.604715	-2.17379
656.763	0.722089	-2.26072
667.529	0.900683	-2.39252
678.296	1.18004	-2.61467
689.062	1.55202	-3.01887
699.829	1.65198	2.6507
710.596	1.27382	2.12843
721.362	0.908907	1.83191
732.129	0.674805	1.66507
742.896	0.525506	1.56117
753.662	0.425059	1.49014
764.429	0.353845	1.43796
775.195	0.301133	1.39746
785.962	0.26075	1.36468
796.729	0.228942	1.33724
807.495	0.203318	1.31366
818.262	0.182287	1.29296
829.028	0.164754	1.27445
839.795	0.149942	1.25767
850.562	0.137285	1.24227
861.328	0.126364	1.22798
872.095	0.116858	1.21461
882.861	0.108521	1.202
893.628	0.10116	1.19004
904.395	0.0946207	1.17863
915.161	0.08878	1.1677
925.928	0.0835375	1.15717
936.694	0.078811	1.147
947.461	0.0745323	1.13714
958.228	0.0706445	1.12756
968.994	0.0670999	1.11822
979.761	0.0638579	1.1091
990.527	0.060884	1.10018
1001.29	0.0581487	1.09143
1012.06	0.0556265	1.08283
1022.83	0.0532954	1.07439
1033.59	0.0511361	1.06607
1044.36	0.049132	1.05787
1055.13	0.0472684	1.04978
1065.89	0.0455322	1.04178
1076.66	0.0439121	1.03388
1087.43	0.042398	1.02606
1098.19	0.0409807	1.01832
1108.96	0.0396523	1.01065
1119.73	0.0384055	1.00304
1130.49	0.0372339	0.995498
1141.26	0.0361317	0.988008
1152.03	0.0350937	0.980571
1162.79	0.034115	0.973181
1173.56	0.0331915	0.965837
1184.33	0.0323191	0.958534
1195.09	0.0314945	0.95127
1205.86	0.0307142	0.944042
1216.63	0.0299755	0.936849
1227.39	0.0292756	0.929686
1238.16	0.0286121	0.922553
1248.93	0.0279826	0.915448
1259.69	0.0273851	0.908368
1270.46	0.0268177	0.901312
1281.23	0.0262787	0.894278
1291.99	0.0257664	0.887266
1302.76	0.0252792	0.880273
1313.53	0.0248159	0.873298
1324.29	0.0243752	0.86634
1335.06	0.0239558	0.859397
1345.83	0.0235566	0.85247
1356.59	0.0231766	0.845556
1367.36	0.022815	0.838655
1378.12	0.0224707	0.831766
1388.89	0.022143	0.824887
1399.66	0.0218311	0.818019
1410.42	0.0215342	0.81116
1421.19	0.0212518	0.80431
1431.96	0.0209832	0.797467
1442.72	0.0207278	0.790632
1453.49	0.0204851	0.783803
1464.26	0.0202546	0.77698
1475.02	0.0200358	0.770162
1485.79	0.0198283	0.763349
1496.56	0.0196316	0.75654
1507.32	0.0194454	0.749735
1518.09	0.0192693	0.742932
1528.86	0.019103	0.736132
1539.62	0.0189462	0.729334
1550.39	0.0187985	0.722538
1561.16	0.0186598	0.715743
1571.92	0.0185297	0.708948
1582.69	0.0184081	0.702153
1593.46	0.0182947	0.695358
1604.22	0.0181893	0.688563
1614.99	0.0180917	0.681766
1625.76	0.0180018	0.674968
1636.52	0.0179194	0.668167
1647.29	0.0178444	0.661365
1658.06	0.0177766	0.654559
1668.82	0.017716	0.64775
1679.59	0.0176623	0.640938
1690.36	0.0176156	0.634121
1701.12	0.0175758	0.627301
1711.89	0.0175426	0.620475
1722.66	0.0175163	0.613644
1733.42	0.0174965	0.606808
1744.19	0.0174834	0.599965
1754.96	0.0174769	0.593116
1765.72	0.017477	0.58626
1776.49	0.0174837	0.579397
1787.26	0.0174969	0.572526
1798.02	0.0175167	0.565647
1808.79	0.0175432	0.558759
1819.56	0.0175762	0.551862
1830.32	0.017616	0.544956
1841.09	0.0176624	0.53804
1851.86	0.0177157	0.531113
1862.62	0.0177759	0.524175
1873.39	0.017843	0.517226
1884.16	0.0179172	0.510265
1894.92	0.0179985	0.503291
1905.69	0.0180871	0.496304
1916.46	0.0181831	0.489304
1927.22	0.0182867	0.482289
1937.99	0.018398	0.475259
1948.75	0.0185172	0.468213
1959.52	0.0186445	0.461152
1970.29	0.01878	0.454073
1981.05	0.0189241	0.446977
1991.82	0.0190769	0.439862
2002.59	0.0192386	0.432728
2013.35	0.0194096	0.425575
2024.12	0.0195902	0.4184
2034.89	0.0197806	0.411203
2045.65	0.0199813	0.403984
2056.42	0.0201924	0.396741
2067.19	0.0204145	0.389474
2077.95	0.020648	0.38218
2088.72	0.0208932	0.37486
2099.49	0.0211506	0.367511
2110.25	0.0214208	0.360133
2121.02	0.0217044	0.352723
2131.79	0.0220017	0.345282
2142.55	0.0223136	0.337807
2153.32	0.0226405	0.330296
2164.09	0.0229834	0.322748
2174.85	0.0233428	0.315161
2185.62	0.0237196	0.307533
2196.39	0.0241148	0.299862
2207.15	0.0245291	0.292146
2217.92	0.0249637	0.284382
2228.69	0.0254197	0.276568
2239.45	0.0258981	0.268701
2250.22	0.0264003	0.260778
2260.99	0.0269277	0.252797
2271.75	0.0274817	0.244753
2282.52	0.0280639	0.236644
2293.29	0.0286761	0.228464
2304.05	0.0293201	0.220211
2314.82	0.029998	0.211879
2325.59	0.030712	0.203463
2336.35	0.0314646	0.194959
2347.12	0.0322584	0.186359
2357.89	0.0330963	0.177659
2368.65	0.0339816	0.16885
2379.42	0.0349177	0.159924
2390.19	0.0359085	0.150875
2400.95	0.0369581	0.141691
2411.72	0.0380715	0.132364
2422.49	0.0392536	0.122881
2433.25	0.0405104	0.113229
2444.02	0.0418483	0.103396
2454.79	0.0432744	0.0933651
2465.55	0.0447968	0.0831188
2476.32	0.0464246	0.0726374
2487.08	0.048168	0.061899
2497.85	0.0500384	0.0508784
2508.62	0.052049	0.0395471
2519.38	0.0542147	0.0278729
2530.15	0.0565525	0.0158186
2540.92	0.0590819	0.00334145
2551.68	0.0618256	-0.00960768
2562.45	0.0648097	-0.0230861
2573.22	0.0680648	-0.0371607
2583.98	0.0716266	-0.0519099
2594.75	0.0755372	-0.0674269
2605.52	0.0798467	-0.0838222
2616.28	0.0846145	-0.101229
2627.05	0.0899125	-0.119807
2637.82	0.0958275	-0.139753
2648.58	0.102465	-0.161307
2659.35	0.109957	-0.184772
2670.12	0.118463	-0.210523
2680.88	0.128187	-0.239042
2691.65	0.139384	-0.270949
2702.42	0.152377	-0.307053
2713.18	0.167579	-0.348427
2723.95	0.185517	-0.39651
2734.72	0.206852	-0.453261
2745.48	0.232393	-0.521367
2756.25	0.26305	-0.604517
2767.02	0.299631	-0.707691
2777.78	0.342265	-0.837234
2788.55	0.389082	-1.00006
2799.32	0.434107	-1.20059
2810.08	0.466303	-1.43462
2820.85	0.47438	-1.68403
2831.62	0.45637	-1.92221
2842.38	0.421332	-2.1289
2853.15	0.380675	-2.2978
2863.92	0.341668	-2.43242
2874.68	0.307252	-2.53955
2885.45	0.277949	-2.62572
2896.22	0.253311	-2.69615
2906.98	0.232624	-2.75472
2917.75	0.215188	-2.80425
2928.52	0.200401	-2.84681
2939.28	0.187773	-2.88392
2950.05	0.176915	-2.9167
2960.82	0.167516	-2.94599
2971.58	0.159331	-2.97244
2982.35	0.152163	-2.99656
2993.12	0.145856	-3.01874
3003.88	0.140282	-3.03928
3014.65	0.135338	-3.05844
3025.42	0.130939	-3.07642
3036.18	0.127015	-3.09339
3046.95	0.123508	-3.10948
3057.71	0.120368	-3.12482
3068.48	0.117556	-3.13948
3079.25	0.115036	3.12962
3090.01	0.112778	3.11605
3100.78	0.110758	3.10294
3111.55	0.108954	3.09023
3122.31	0.107348	3.07788
3133.08	0.105922	3.06586
3143.85	0.104664	3.05412
3154.61	0.103561	3.04265
3165.38	0.102604	3.0314
3176.15	0.101782	3.02037
3186.91	0.101088	3.00953
3197.68	0.100516	2.99885
3208.45	0.100059	2.98833
3219.21	0.0997134	2.97795
3229.98	0.0994736	2.9677
3240.75	0.0993365	2.95756
3251.51	0.0992992	2.94752
3262.28	0.0993591	2.93757
3273.05	0.0995144	2.9277
3283.81	0.0997635	2.9179
3294.58	0.100106	2.90817
3305.35	0.10054	2.8985
3316.11	0.101066	2.88888
3326.88	0.101685	2.87929
3337.65	0.102397	2.86975
3348.41	0.103203	2.86023
3359.18	0.104103	2.85074
3369.95	0.105101	2.84127
3380.71	0.106198	2.83181
3391.48	0.107396	2.82236
3402.25	0.108699	2.81291
3413.01	0.110109	2.80346
3423.78	0.111631	2.794
3434.55	0.113269	2.78453
3445.31	0.115026	2.77504
3456.08	0.116909	2.76553
3466.85	0.118923	2.75599
3477.61	0.121075	2.74642
3488.38	0.123371	2.73681
3499.15	0.12582	2.72716
3509.91	0.128429	2.71745
3520.68	0.131207	2.7077
3531.45	0.134166	2.69788
3542.21	0.137316	2.68799
3552.98	0.140669	2.67803
3563.75	0.14424	2.66799
3574.51	0.148041	2.65786
3585.28	0.152091	2.64763
3596.04	0.156407	2.6373
3606.81	0.161009	2.62685
3617.58	0.165919	2.61628
3628.34	0.171161	2.60557
3639.11	0.176762	2.59472
3649.88	0.182752	2.5837
3660.64	0.189165	2.57251
3671.41	0.196038	2.56113
3682.18	0.203413	2.54955
3692.94	0.211336	2.53773
3703.71	0.219861	2.52568
3714.48	0.229046	2.51335
3725.24	0.238959	2.50072
3736.01	0.249677	2.48777
3746.78	0.261287	2.47446
3757.54	0.273887	2.46075
3768.31	0.287593	2.4466
3779.08	0.302536	2.43197
3789.84	0.318869	2.41678
3800.61	0.33677	2.40099
3811.38	0.356444	2.3845
3822.14	0.378137	2.36724
3832.91	0.402136	2.34909
3843.68	0.428784	2.32993
3854.44	0.45849	2.30961
3865.21	0.491746	2.28795
3875.98	0.529151	2.26472
3886.74	0.571434	2.23966
3897.51	0.619492	2.21242
3908.28	0.674436	2.1826
3919.04	0.737653	2.14965
3929.81	0.81088	2.11289
3940.58	0.896307	2.07143
3951.34	0.996689	2.02412
3962.11	1.11547	1.96942
3972.88	1.25687	1.90528
3983.64	1.42577	1.82897
3994.41	1.62717	1.73687
4005.18	1.86444	1.62441
4015.94	2.13519	1.48634
4026.71	2.42365	1.31802
4037.48	2.69187	1.11852
4048.24	2.88209	0.895047
4059.01	2.94555	0.664414
4069.78	2.87963	0.446867
4080.54	2.72664	0.256422
4091.31	2.53813	0.0972523
4102.08	2.3497	-0.0332159
4112.84	2.17861	-0.140067
4123.61	2.03048	-0.228426
4134.38	1.9053	-0.302574
4145.14	1.80088	-0.365839
4155.91	1.71452	-0.420735
4166.67	1.64364	-0.469151
4177.44	1.58604	-0.512519
4188.21	1.53989	-0.551932
4198.97	1.50377	-0.588239
4209.74	1.47654	-0.622113
4220.51	1.45737	-0.654098
4231.27	1.44561	-0.684643
4242.04	1.44086	-0.714129
4252.81	1.44287	-0.742891
4263.57	1.45154	-0.771233
4274.34	1.46694	-0.799441
4285.11	1.48931	-0.827795
4295.87	1.51903	-0.856581
4306.64	1.55668	-0.886106
4317.41	1.60305	-0.916705
4328.17	1.65918	-0.948767
4338.94	1.7264	-0.982747
4349.71	1.80644	-1.0192
4360.47	1.90149	-1.05881
4371.24	2.01432	-1.10246
4382.01	2.14841	-1.15129
4392.77	2.30808	-1.20677
4403.54	2.49854	-1.27091
4414.31	2.72565	-1.34637
4425.07	2.99503	-1.43673
4435.84	3.30948	-1.54663
4446.61	3.66298	-1.68169
4457.37	4.02946	-1.84746
4468.14	4.34908	-2.04654
4478.91	4.53062	-2.27359
4489.67	4.49753	-2.51215
4500.44	4.253	-2.73991
4511.21	3.87867	-2.93998
4521.97	3.46786	-3.10655
4532.74	3.07965	3.04122
4543.51	2.73812	2.93146
4554.27	2.44714	2.84173
4565.04	2.20216	2.76733
4575.81	1.99626	2.70468
4586.57	1.82261	2.65107
4597.34	1.67533	2.60452
4608.11	1.54957	2.56354
4618.87	1.44148	2.52701
4629.64	1.34796	2.49408
4640.41	1.26655	2.4641
4651.17	1.1953	2.43655
4661.94	1.13263	2.41103
4672.71	1.07725	2.38723
4683.47	1.02812	2.36486
4694.24	0.9844	2.34374
4705	0.945373	2.32367
4715.77	0.910456	2.30451
4726.54	0.879159	2.28614
4737.3	0.85107	2.26846
4748.07	0.825842	2.25138
4758.84	0.80318	2.23481
4769.6	0.782832	2.2187
4780.37	0.764584	2.20299
4791.14	0.748254	2.18762
4801.9	0.733684	2.17255
4812.67	0.720739	2.15773
4823.44	0.709304	2.14314
4834.2	0.699281	2.12873
4844.97	0.690586	2.11447
4855.74	0.683147	2.10033
4866.5	0.676902	2.08626
4877.27	0.671793	2.07224
4888.04	0.667752	2.05823
4898.8	0.664704	2.04425
4909.57	0.662641	2.03045
4920.34	0.661689	2.01681
4931.1	0.661877	2.00314
4941.87	0.663146	1.98934
4952.64	0.665465	1.97541
4963.4	0.66884	1.96133
4974.17	0.673296	1.94711
4984.94	0.678865	1.93273
4995.7	0.68559	1.91815
5006.47	0.693524	1.90335
5017.24	0.702731	1.8883
5028	0.713285	1.87297
5038.77	0.725273	1.85731
5049.54	0.738799	1.84128
5060.3	0.753982	1.82484
5071.07	0.770963	1.80792
5081.84	0.789903	1.79048
5092.6	0.81099	1.77243
5103.37	0.834445	1.7537
5114.14	0.860525	1.73419
5124.9	0.889529	1.71381
5135.67	0.921809	1.69241
5146.44	0.957779	1.66986
5157.2	0.997929	1.64598
5167.97	1.04284	1.62056
5178.74	1.09319	1.59334
5189.5	1.14981	1.56403
5200.27	1.21368	1.53225
5211.04	1.28597	1.49754
5221.8	1.36807	1.45934
5232.57	1.46163	1.41693
5243.33	1.56858	1.36943
5254.1	1.69113	1.31571
5264.87	1.83165	1.25436
5275.63	1.99243	1.18361
5286.4	2.1751	1.10129
5297.17	2.37948	1.00486
5307.93	2.6015	0.891568
5318.7	2.8302	0.759006
5329.47	3.0446	0.606141
5340.23	3.21377	0.434836
5351	3.30463	0.251091
5361.77	3.29726	0.0645811
5372.53	3.1968	-0.114113
5383.3	3.02973	-0.276952
5394.07	2.82895	-0.4201
5404.83	2.62114	-0.543352
5415.6	2.42281	-0.648606
5426.37	2.24197	-0.738538
5437.13	2.08121	-0.81584
5447.9	1.94026	-0.882886
5458.67	1.81753	-0.941649
5469.43	1.71101	-0.993723
5480.2	1.61866	-1.04038
5490.97	1.53865	-1.08263
5501.73	1.46935	-1.12129
5512.5	1.4094	-1.15701
5523.27	1.35763	-1.19031
5534.03	1.31311	-1.22165
5544.8	1.27506	-1.25138
5555.57	1.24283	-1.27981
5566.33	1.21592	-1.30721
5577.1	1.19393	-1.33382
5587.87	1.17657	-1.35985
5598.63	1.16361	-1.3855
5609.4	1.15492	-1.41097
5620.17	1.15044	-1.43643
5630.93	1.1502	-1.46209
5641.7	1.1543	-1.48813
5652.47	1.16293	-1.51479
5663.23	1.17637	-1.5423
5674	1.19504	-1.57095
5684.77	1.21946	-1.60107
5695.53	1.25034	-1.63306
5706.3	1.28859	-1.66743
5717.07	1.33536	-1.70479
5727.83	1.39215	-1.74594
5738.6	1.46081	-1.79194
5749.37	1.54368	-1.84416
5760.13	1.64362	-1.90449
5770.9	1.76391	-1.97545
5781.67	1.90786	-2.0605
5792.43	2.07755	-2.1643
5803.2	2.27068	-2.29278
5813.96	2.47408	-2.45255
5824.73	2.65414	-2.64838
5835.5	2.75367	-2.87782
5846.26	2.71681	-3.12571
5857.03	2.53773	2.91598
5867.8	2.27067	2.70221
5878.56	1.98277	2.52479
5889.33	1.71611	2.38182
5900.1	1.48619	2.26717
5910.86	1.29388	2.1744
5921.63	1.13453	2.0982
5932.4	1.00239	2.03452
5943.16	0.892186	1.9804
5953.93	0.79956	1.93367
5964.7	0.721054	1.89273
5975.46	0.653956	1.85639
5986.23	0.596149	1.82375
5997	0.545972	1.79412
6007.76	0.502116	1.76697
6018.53	0.463539	1.74188
6029.3	0.429406	1.71852
6040.06	0.399042	1.69661
6050.83	0.371898	1.67594
6061.6	0.347522	1.65631
6072.36	0.325539	1.63757
6083.13	0.30564	1.61958
6093.9	0.287563	1.60222
6104.66	0.271089	1.58536
6115.43	0.256032	1.56889
6126.2	0.242233	1.55267
6136.96	0.229554	1.53655
6147.73	0.217877	1.52031
6158.5	0.207087	1.50368
6169.26	0.197071	1.48623
6180.03	0.187681	1.46737
6190.8	0.178686	1.44637
6201.56	0.16969	1.42293
6212.33	0.160194	1.39914
6223.1	0.150212	1.3814
6233.86	0.140893	1.37473
6244.63	0.133202	1.37459
6255.4	0.126881	1.3741
6266.16	0.121327	1.37082
6276.93	0.116178	1.36504
6287.7	0.111276	1.35755
6298.46	0.106556	1.34897
6309.23	0.101992	1.33974
6320	0.0975679	1.3301
6330.76	0.0932714	1.32024
6341.53	0.0890916	1.31026
6352.29	0.0850171	1.30025
6363.06	0.0810364	1.29027
6373.83	0.0771371	1.28036
6384.59	0.0733066	1.27059
6395.36	0.0695318	1.261
6406.13	0.0657993	1.25166
6416.89	0.0620951	1.24266
6427.66	0.0584045	1.23411
6438.43	0.0547121	1.22615
6449.19	0.0510018	1.21898
6459.96	0.0472562	1.21291
6470.73	0.0434569	1.20837
6481.49	0.0395842	1.20603
6492.26	0.0356169	1.20693
6503.03	0.0315335	1.21281
6513.79	0.0273128	1.22677
6524.56	0.022939	1.25469
6535.33	0.0184147	1.30921
6546.09	0.0138071	1.42158
6556.86	0.0094448	1.68392
6567.63	0.00682695	2.32619
6578.39	0.00891039	3.09579
6589.16	0.0145198	-2.8417
6599.93	0.0217647	-2.71113
6610.69	0.0302394	-2.66467
6621.46	0.0399808	-2.66029
6632.23	0.0511572	-2.68336
6642.99	0.0639722	-2.72915
6653.76	0.0785693	-2.79749
6664.53	0.0948432	-2.89064
6675.29	0.112077	-3.0116
6686.06	0.128434	3.12183
6696.83	0.140781	2.94891
6707.59	0.145802	2.76883
6718.36	0.142344	2.60547
6729.13	0.132404	2.48135
6739.89	0.119508	2.41102
6750.66	0.10683	2.40192
6761.43	0.096733	2.4565
6772.19	0.0911226	2.5691
6782.96	0.0916167	2.7185
6793.73	0.0992729	2.86934
6804.49	0.114417	2.98974
6815.26	0.137045	3.06504
6826.03	0.16737	3.09405
6836.79	0.206006	3.07977
6847.56	0.253696	3.0241
6858.33	0.310449	2.92658
6869.09	0.373793	2.78595
6879.86	0.436458	2.60427
6890.62	0.486279	2.39256
6901.39	0.512259	2.17217
6912.16	0.512857	1.96639
6922.92	0.495737	1.7895
6933.69	0.470413	1.64446
6944.46	0.443441	1.52755
6955.22	0.418093	1.43317
6965.99	0.395586	1.35607
6976.76	0.37613	1.29208
6987.52	0.359522	1.23804
6998.29	0.345429	1.19162
7009.06	0.333505	1.15111
7019.82	0.323437	1.11524
7030.59	0.31496	1.08304
7041.36	0.307852	1.05379
7052.12	0.30193	1.02694
7062.89	0.297046	1.00205
7073.66	0.293079	0.978771
7084.42	0.289931	0.956836
7095.19	0.287521	0.93602
7105.96	0.285786	0.916143
7116.72	0.284673	0.897053
7127.49	0.284141	0.878626
7138.26	0.284156	0.860755
7149.02	0.284693	0.84335
7159.79	0.285734	0.826331
7170.56	0.287265	0.809632
7181.32	0.28928	0.793189
7192.09	0.291775	0.77695
7202.86	0.294751	0.760865
7213.62	0.298215	0.744887
7224.39	0.302176	0.728974
7235.16	0.306648	0.713085
7245.92	0.31165	0.697182
7256.69	0.317204	0.681226
7267.46	0.323339	0.665179
7278.22	0.330086	0.649003
7288.99	0.337483	0.632658
7299.76	0.345575	0.616103
7310.52	0.354412	0.599296
7321.29	0.364052	0.582189
7332.06	0.374562	0.564735
7342.82	0.386017	0.54688
7353.59	0.398507	0.528562
7364.36	0.41213	0.509718
7375.12	0.427002	0.490273
7385.89	0.443255	0.470143
7396.66	0.461042	0.449235
7407.42	0.48054	0.427438
7418.19	0.501952	0.404628
7428.96	0.525517	0.380658
7439.72	0.55151	0.355357
7450.49	0.580255	0.328523
7461.25	0.61213	0.299918
7472.02	0.647577	0.269256
7482.79	0.687114	0.236194
7493.55	0.731346	0.200316
7504.32	0.780977	0.161119
7515.09	0.836813	0.117989
7525.85	0.899764	0.0701719
7536.62	0.970819	0.0167501
7547.39	1.05099	-0.0433943
7558.15	1.14115	-0.111603
7568.92	1.24183	-0.189448
7579.69	1.35271	-0.27869
7590.45	1.47191	-0.381141
7601.22	1.59502	-0.498341
7611.99	1.71405	-0.630978
7622.75	1.81737	-0.778094
7633.52	1.89149	-0.936366
7644.29	1.92537	-1.10005
7655.05	1.91515	-1.26202
7665.82	1.86587	-1.41559
7676.59	1.78869	-1.55608
7687.35	1.6962	-1.68134
7698.12	1.59883	-1.79132
7708.89	1.50362	-1.88727
7719.65	1.41452	-1.97102
7730.42	1.33325	-2.04451
7741.19	1.26016	-2.10952
7751.95	1.19487	-2.1675
7762.72	1.13675	-2.21961
7773.49	1.0851	-2.26677
7784.25	1.03927	-2.30971
7795.02	0.998664	-2.34905
7805.79	0.962738	-2.38533
7816.55	0.931007	-2.419
7827.32	0.90304	-2.45045
7838.09	0.878456	-2.48001
7848.85	0.856924	-2.50795
7859.62	0.838159	-2.53451
7870.39	0.821914	-2.55989
7881.15	0.807983	-2.58427
7891.92	0.796189	-2.60779
7902.69	0.786385	-2.63058
7913.45	0.77845	-2.65276
7924.22	0.772285	-2.67444
7934.99	0.767811	-2.6957
7945.75	0.76497	-2.71663
7956.52	0.763719	-2.7373
7967.29	0.764033	-2.75779
7978.05	0.765902	-2.77817
7988.82	0.76933	-2.79851
7999.58	0.774338	-2.81887
8010.35	0.780963	-2.83932
8021.12	0.789258	-2.85993
8031.88	0.799292	-2.88076
8042.65	0.811155	-2.9019
8053.42	0.824956	-2.92342
8064.18	0.840828	-2.94541
8074.95	0.858931	-2.96796
8085.72	0.879453	-2.99118
8096.48	0.902618	-3.01519
8107.25	0.928689	-3.04012
8118.02	0.957977	-3.06613
8128.78	0.990846	-3.0934
8139.55	1.02772	-3.12214
8150.32	1.06911	3.13059
8161.08	1.11561	3.09811
8171.85	1.1679	3.06327
8182.62	1.22679	3.02562
8193.38	1.29322	2.98465
8204.15	1.36825	2.93971
8214.92	1.45307	2.89002
8225.68	1.54893	2.83463
8236.45	1.65708	2.77237
8247.22	1.77849	2.70181
8257.98	1.91347	2.6213
8268.75	2.06094	2.52898
8279.52	2.21734	2.42293
8290.28	2.37516	2.30158
8301.05	2.52169	2.16429
8311.82	2.63928	2.01224
8322.58	2.70883	1.84918
8333.35	2.71659	1.68133
8344.12	2.66077	1.5162
8354.88	2.55242	1.36056
8365.65	2.41003	1.21887
8376.42	2.25219	1.093
8387.18	2.09307	0.982705
8397.95	1.9415	0.886605
8408.72	1.80193	0.802833
8419.48	1.67595	0.729488
8430.25	1.56352	0.664845
8441.02	1.46375	0.607419
8451.78	1.37544	0.555974
8462.55	1.29729	0.509497
8473.32	1.22808	0.467157
8484.08	1.1667	0.428279
8494.85	1.11217	0.39231
8505.62	1.06363	0.358795
8516.38	1.02037	0.32736
8527.15	0.981753	0.29769
8537.92	0.94725	0.269525
8548.68	0.916408	0.242641
8559.45	0.888841	0.216851
8570.21	0.864218	0.191992
8580.98	0.84226	0.167921
8591.75	0.822725	0.144517
8602.51	0.80541	0.121668
8613.28	0.79014	0.0992757
8624.05	0.776768	0.077252
8634.81	0.76517	0.0555145
8645.58	0.755241	0.0339867
8656.35	0.746894	0.0125965
8667.11	0.740061	-0.00872507
8677.88	0.734687	-0.0300455
8688.65	0.730729	-0.0514313
8699.41	0.72816	-0.0729494
8710.18	0.726965	-0.0946679
8720.95	0.727138	-0.116657
8731.71	0.728689	-0.138992
8742.48	0.731637	-0.16175
8753.25	0.736015	-0.185017
8764.01	0.741869	-0.208884
8774.78	0.749256	-0.233454
8785.55	0.75825	-0.258839
8796.31	0.768939	-0.285165
8807.08	0.781427	-0.312575
8817.85	0.795835	-0.34123
8828.61	0.812304	-0.371317
8839.38	0.830993	-0.403049
8850.15	0.852077	-0.436673
8860.91	0.875753	-0.472476
8871.68	0.902228	-0.510793
8882.45	0.931715	-0.552014
8893.21	0.964419	-0.596595
8903.98	1.00051	-0.645065
8914.75	1.04007	-0.698028
8925.51	1.08307	-0.756152
8936.28	1.12922	-0.820138
8947.05	1.17798	-0.890649
8957.81	1.22851	-0.968285
8968.58	1.27967	-1.0537
8979.35	1.32962	-1.14768
8990.11	1.37532	-1.25077
9000.88	1.41266	-1.36278
9011.65	1.43716	-1.48256
9022.41	1.44486	-1.60799
9033.18	1.43337	-1.73615
9043.95	1.40257	-1.8637
9054.71	1.35473	-1.98741
9065.48	1.29387	-2.10464
9076.25	1.22469	-2.2136
9087.01	1.1516	-2.31342
9097.78	1.07815	-2.40392
9108.54	1.00685	-2.48547
9119.31	0.939251	-2.55871
9130.08	0.876178	-2.62441
9140.84	0.817928	-2.68335
9151.61	0.764469	-2.73624
9162.38	0.715577	-2.78372
9173.14	0.670925	-2.82631
9183.91	0.630148	-2.86438
9194.68	0.592886	-2.89819
9205.44	0.558807	-2.92785
9216.21	0.527634	-2.95329
9226.98	0.499171	-2.97426
9237.74	0.47334	-2.99031
9248.51	0.450243	-3.00082
9259.28	0.430246	-3.00518
9270.04	0.414062	-3.00322
9280.81	0.402749	-2.99625
9291.58	0.397362	-2.98839
9302.34	0.398029	-2.98701
9313.11	0.402824	-2.99995
9323.88	0.407931	-3.03002
9334.64	0.409781	-3.07295
9345.41	0.407038	-3.12114
9356.18	0.40044	3.11471
9366.94	0.391481	3.07126
9377.71	0.381474	3.03247
9388.48	0.371289	2.99803
9399.24	0.361422	2.96724
9410.01	0.352121	2.93939
9420.78	0.343489	2.91385
9431.54	0.33555	2.89012
9442.31	0.328288	2.86781
9453.08	0.321673	2.84663
9463.84	0.315671	2.82636
9474.61	0.310246	2.80681
9485.38	0.305366	2.78783
9496.14	0.301003	2.7693
9506.91	0.297131	2.75112
9517.68	0.293729	2.7332
9528.44	0.290777	2.71547
9539.21	0.288263	2.69785
9549.98	0.286177	2.68029
9560.74	0.284512	2.66271
9571.51	0.283267	2.64506
9582.28	0.282443	2.62727
9593.04	0.282046	2.60928
9603.81	0.282087	2.59102
9614.58	0.282581	2.57241
9625.34	0.28355	2.55336
9636.11	0.28502	2.53377
9646.88	0.287027	2.51352
9657.64	0.289615	2.49248
9668.41	0.292837	2.47046
9679.17	0.296763	2.44727
9689.94	0.301474	2.42264
9700.71	0.307072	2.39623
9711.47	0.313682	2.36763
9722.24	0.321459	2.33627
9733.01	0.330587	2.30144
9743.77	0.34129	2.26214
9754.54	0.353823	2.21704
9765.31	0.368456	2.16427
9776.07	0.385415	2.10124
9786.84	0.404728	2.02432
9797.61	0.425862	1.92854
9808.37	0.446943	1.8075
9819.14	0.463404	1.65437
9829.91	0.46668	1.46572
9840.67	0.446067	1.24906
9851.44	0.397141	1.02876
9862.21	0.32907	0.838364
9872.97	0.257903	0.704175
9883.74	0.195059	0.640695
9894.51	0.144958	0.659408
9905.27	0.108478	0.776332
9916.04	0.085856	1.00159
9926.81	0.076868	1.2976
9937.57	0.0789016	1.57263
9948.34	0.087443	1.77012
9959.11	0.098904	1.89545
9969.87	0.111415	1.97153
9980.64	0.124191	2.01637
9991.41	0.136958	2.04121
10002.2	0.149665	2.05275
10012.9	0.162346	2.05507
10023.7	0.175071	2.05074
10034.5	0.187942	2.04148
10045.2	0.201076	2.02836
10056	0.214608	2.01208
10066.8	0.228675	1.99302
10077.5	0.243423	1.97138
10088.3	0.259	1.94719
10099.1	0.275565	1.92039
10109.8	0.293277	1.89076
10120.6	0.312298	1.85801
10131.4	0.332774	1.82172
10142.1	0.354815	1.78133
10152.9	0.378446	1.7362
10163.7	0.403529	1.68563
10174.4	0.429655	1.62904
10185.2	0.456019	1.56629
10196	0.481397	1.49825
10206.7	0.50444	1.42738
10217.5	0.524476	1.35782
10228.3	0.542519	1.29396
10239	0.561476	1.23781
10249.8	0.584953	1.18711
10260.6	0.615558	1.13634
10271.3	0.654074	1.07935
10282.1	0.699624	1.01148
10292.9	0.750107	0.930123
10303.6	0.802464	0.834428
10314.4	0.85281	0.725023
10325.2	0.896745	0.603889
10335.9	0.930025	0.474261
10346.7	0.949548	0.340317
10357.5	0.954198	0.206562
10368.2	0.945043	0.0770664
10379	0.924794	-0.0451316
10389.8	0.896862	-0.158254
10400.5	0.864514	-0.261665
10411.3	0.8304	-0.355565
10422.1	0.796417	-0.44066
10432.8	0.763794	-0.517898
10443.6	0.73324	-0.588292
10454.4	0.705108	-0.652822
10465.1	0.67952	-0.71238
10475.9	0.656454	-0.767759
10486.7	0.635812	-0.819651
10497.4	0.617456	-0.868654
10508.2	0.601235	-0.915285
10519	0.586996	-0.959992
10529.7	0.574595	-1.00317
10540.5	0.563898	-1.04515
10551.3	0.554787	-1.08626
10562	0.547157	-1.12677
10572.8	0.540915	-1.16693
10583.6	0.535981	-1.20699
10594.3	0.532285	-1.24717
10605.1	0.529769	-1.28769
10615.9	0.528378	-1.32877
10626.6	0.528066	-1.37062
10637.4	0.528788	-1.41346
10648.2	0.530503	-1.45751
10658.9	0.533166	-1.503
10669.7	0.536726	-1.55017
10680.5	0.541125	-1.59925
10691.2	0.54629	-1.6505
10702	0.552129	-1.70418
10712.8	0.558521	-1.76053
10723.5	0.565316	-1.81981
10734.3	0.57232	-1.88225
10745.1	0.579295	-1.94805
10755.8	0.585949	-2.01736
10766.6	0.591941	-2.09026
10777.4	0.596884	-2.16673
10788.1	0.600361	-2.24665
10798.9	0.601949	-2.32973
10809.7	0.601259	-2.41553
10820.4	0.59797	-2.50348
10831.2	0.591875	-2.59284
10842	0.582915	-2.68282
10852.7	0.571188	-2.77253
10863.5	0.556945	-2.86115
10874.3	0.540562	-2.94789
10885	0.522499	-3.0321
10895.8	0.503245	-3.11328
10906.6	0.483283	3.09213
10917.3	0.46305	3.01794
10928.1	0.442919	2.94741
10938.9	0.42319	2.88051
10949.6	0.40409	2.81712
10960.4	0.38578	2.75705
10971.2	0.368364	2.70007
10981.9	0.351901	2.64593
10992.7	0.336412	2.59437
11003.5	0.321892	2.54512
11014.2	0.308316	2.4979
11025	0.295641	2.45242
11035.8	0.283812	2.40842
11046.5	0.272764	2.36563
11057.3	0.262418	2.3238
11068.1	0.252683	2.28272
11078.8	0.243458	2.24226
11089.6	0.234639	2.20248
11100.4	0.226141	2.16364
11111.1	0.217939	2.12628
11121.9	0.210098	2.09098
11132.7	0.202766	2.05808
11143.4	0.196097	2.02731
11154.2	0.190171	1.99791
11165	0.184962	1.96893
11175.7	0.180382	1.93962
11186.5	0.17632	1.90944
11197.3	0.17268	1.87809
11208	0.169381	1.84538
11218.8	0.166363	1.81114
11229.6	0.163575	1.77522
11240.3	0.160971	1.73742
11251.1	0.158504	1.6975
11261.9	0.156122	1.65519
11272.6	0.153765	1.61016
11283.4	0.151353	1.56206
11294.2	0.148787	1.51052
11304.9	0.145941	1.45519
11315.7	0.142653	1.39582
11326.5	0.138729	1.33237
11337.2	0.133944	1.26524
11348	0.128066	1.1955
11358.8	0.120901	1.12538
11369.5	0.112366	1.05873
11380.3	0.10259	1.00154
11391.1	0.0919922	0.962304
11401.8	0.0813271	0.95167
11412.6	0.0716344	0.980607
11423.4	0.0640853	1.05524
11434.1	0.0596772	1.16844
11444.9	0.0588259	1.29609
11455.7	0.0611765	1.40912
11466.4	0.0659045	1.49052
11477.2	0.0721949	1.53814
11488	0.0794856	1.55718
11498.7	0.0874773	1.55394
11509.5	0.096062	1.53339
11520.3	0.105255	1.49873
11531	0.115144	1.45166
11541.8	0.125854	1.39263
11552.6	0.137512	1.32108
11563.3	0.150189	1.23561
11574.1	0.163814	1.13404
11584.9	0.178018	1.01381
11595.6	0.191923	0.872524
11606.4	0.203941	0.709217
11617.2	0.211859	0.526155
11627.9	0.21353	0.330248
11638.7	0.208044	0.132385
11649.5	0.196409	-0.0559452
11660.2	0.180972	-0.22652
11671	0.164176	-0.375915
11681.8	0.147763	-0.504524
11692.5	0.132665	-0.614755
11703.3	0.119229	-0.709633
11714.1	0.107476	-0.79206
11724.8	0.0972743	-0.864538
11735.6	0.0884413	-0.92912
11746.4	0.0807896	-0.987458
11757.1	0.0741483	-1.04088
11767.9	0.0683693	-1.09044
11778.7	0.0633277	-1.13702
11789.4	0.0589199	-1.18134
11800.2	0.0550602	-1.22402
11811	0.0516786	-1.26558
11821.7	0.0487177	-1.30649
11832.5	0.0461312	-1.34719
11843.3	0.0438817	-1.38807
11854	0.0419401	-1.42951
11864.8	0.0402844	-1.47189
11875.6	0.0388987	-1.51561
11886.3	0.0377733	-1.56108
11897.1	0.0369041	-1.60873
11907.9	0.0362929	-1.65905
11918.6	0.0359482	-1.71258
11929.4	0.0358856	-1.76996
11940.2	0.0361295	-1.83195
11950.9	0.036714	-1.89947
11961.7	0.0376846	-1.97373
11972.5	0.0390998	-2.0563
11983.2	0.0410294	-2.14927
11994	0.0435489	-2.25548
12004.8	0.0467182	-2.37868
12015.5	0.0505297	-2.52365
12026.3	0.0548001	-2.69571
12037.1	0.0589995	-2.89901
12047.8	0.0621351	-3.13257
12058.6	0.0630258	2.89745
12069.4	0.0611082	2.64478
12080.1	0.0569665	2.41318
12090.9	0.0518122	2.21427
12101.7	0.0466545	2.04961
12112.4	0.042013	1.91512
12123.2	0.038045	1.80521
12134	0.0347289	1.71474
12144.7	0.0319792	1.63958
12155.5	0.0296994	1.57655
12166.3	0.027802	1.5233
12177	0.0262136	1.47802
12187.8	0.024875	1.43939
12198.6	0.0237387	1.40638
12209.3	0.0227667	1.37822
12220.1	0.0219286	1.35432
12230.9	0.0212	1.33427
12241.6	0.0205608	1.31775
12252.4	0.0199947	1.30457
12263.2	0.019488	1.29463
12273.9	0.0190293	1.28792
12284.7	0.0186093	1.28454
12295.5	0.0182201	1.28467
12306.2	0.0178553	1.28862
12317	0.0175104	1.29682
12327.8	0.0171825	1.30983
12338.5	0.0168708	1.32838
12349.3	0.0165778	1.35341
12360.1	0.0163101	1.38603
12370.8	0.0160803	1.42754
12381.6	0.0159093	1.47937
12392.4	0.0158298	1.54288
12403.1	0.0158899	1.61906
12413.9	0.016157	1.70795
12424.7	0.0167206	1.80802
12435.4	0.0176918	1.91564
12446.2	0.0191992	2.02515
12457	0.0213842	2.12985
12467.7	0.024399	2.22344
12478.5	0.028412	2.30127
12489.3	0.0336208	2.36067
12500	0.0402716	2.40057
12510.8	0.0486812	2.4208
12521.6	0.059263	2.42145
12532.3	0.072555	2.40238
12543.1	0.0892488	2.36286
12553.9	0.110208	2.30144
12564.6	0.136454	2.21567
12575.4	0.169054	2.10209
12586.2	0.208798	1.95616
12596.9	0.255417	1.77268
12607.7	0.306103	1.54698
12618.5	0.353465	1.27798
12629.2	0.384907	0.973705
12640	0.387754	0.656763
12650.8	0.359698	0.361592
12661.5	0.312073	0.120748
12672.3	0.260415	-0.0466672
12683.1	0.215442	-0.1357
12693.8	0.181784	-0.152608
12704.6	0.160159	-0.114423
12715.4	0.149189	-0.0469703
12726.1	0.146534	0.0237352
12736.9	0.149763	0.080902
12747.7	0.156955	0.118638
12758.4	0.166851	0.137703
12769.2	0.178746	0.141218
12780	0.19232	0.132418
12790.7	0.207494	0.113888
12801.5	0.22435	0.0874681
12812.3	0.24308	0.0543555
12823	0.263966	0.0152357
12833.8	0.287372	-0.0296107
12844.6	0.313744	-0.0802392
12855.3	0.343615	-0.137005
12866.1	0.377611	-0.200553
12876.9	0.416445	-0.271837
12887.6	0.46089	-0.352141
12898.4	0.511702	-0.443122
12909.2	0.56945	-0.546817
12919.9	0.634176	-0.665589
12930.7	0.704812	-0.801903
12941.5	0.778337	-0.957781
12952.2	0.848947	-1.13383
12963	0.908098	-1.32791
12973.8	0.946524	-1.53427
12984.5	0.958153	-1.74408
12995.3	0.9432	-1.94792
13006.1	0.907591	-2.13866
13016.8	0.859476	-2.31278
13027.6	0.805987	-2.46992
13038.4	0.751919	-2.61162
13049.1	0.699884	-2.74011
13059.9	0.650977	-2.85763
13070.7	0.605399	-2.96603
13081.4	0.562904	-3.06663
13092.2	0.523073	3.12306
13103	0.485491	3.03667
13113.7	0.449893	2.95817
13124.5	0.4163	2.88923
13135.3	0.385192	2.83225
13146	0.357674	2.78969
13156.8	0.335443	2.76218
13167.6	0.320261	2.74564
13178.3	0.312784	2.72996
13189.1	0.311521	2.70298
13199.9	0.313196	2.65759
13210.6	0.314426	2.59456
13221.4	0.313108	2.51946
13232.2	0.308626	2.43844
13242.9	0.301322	2.35616
13253.7	0.291906	2.27546
13264.5	0.281094	2.19782
13275.2	0.26946	2.12386
13286	0.257402	2.05385
13296.8	0.24517	1.98802
13307.5	0.232973	1.92691
13318.3	0.221095	1.87121
13329.1	0.209878	1.82097
13339.8	0.19953	1.77534
13350.6	0.190053	1.7333
13361.4	0.181362	1.69422
13372.1	0.173387	1.65786
13382.9	0.166092	1.62407
13393.7	0.159469	1.59266
13404.4	0.153517	1.56328
13415.2	0.148229	1.53536
13426	0.14357	1.50817
13436.7	0.139462	1.48085
13447.5	0.135787	1.45271
13458.3	0.1324	1.42341
13469	0.12917	1.39313
13479.8	0.126016	1.36244
13490.6	0.122916	1.33208
13501.3	0.119899	1.3027
13512.1	0.117022	1.27471
13522.9	0.114349	1.24829
13533.6	0.111946	1.22334
13544.4	0.109869	1.19957
13555.2	0.108171	1.17647
13565.9	0.106901	1.15327
13576.7	0.106093	1.12884
13587.5	0.105761	1.10167
13598.2	0.105863	1.06979
13609	0.106264	1.03094
13619.8	0.10668	0.983105
13630.5	0.106664	0.925498
13641.3	0.105703	0.859797
13652.1	0.103443	0.790538
13662.8	0.0999119	0.723804
13673.6	0.0955104	0.664778
13684.4	0.0907799	0.616012
13695.1	0.0861639	0.577442
13705.9	0.0819182	0.547462
13716.7	0.0781391	0.524007
13727.4	0.0748265	0.505184
13738.2	0.0719351	0.489504
13749	0.0694057	0.475885
13759.7	0.0671799	0.463586
13770.5	0.0652062	0.452117
13781.2	0.063441	0.441166
13792	0.0618488	0.430544
13802.8	0.0604003	0.420145
13813.5	0.0590719	0.409924
13824.3	0.0578438	0.399876
13835.1	0.0566995	0.390029
13845.8	0.0556253	0.380436
13856.6	0.054609	0.371177
13867.4	0.0536399	0.362357
13878.1	0.0527085	0.354109
13888.9	0.0518061	0.346603
13899.7	0.0509247	0.340056
13910.4	0.0500569	0.334741
13921.2	0.0491963	0.331011
13932	0.0483379	0.329317
13942.7	0.0474788	0.330251
13953.5	0.04662	0.334579
13964.3	0.0457687	0.343298
13975	0.0449434	0.357695
13985.8	0.044181	0.37938
13996.6	0.043549	0.410267
14007.3	0.0431638	0.452365
14018.1	0.0432156	0.507182
14028.9	0.0439959	0.574481
14039.6	0.0459096	0.650395
14050.4	0.0494423	0.725827
14061.2	0.0550517	0.78714
14071.9	0.0629866	0.820192
14082.7	0.073086	0.815569
14093.5	0.0846435	0.771692
14104.2	0.0964741	0.694704
14115	0.107284	0.595905
14125.8	0.116185	0.487776
14136.5	0.122976	0.380341
14147.3	0.128005	0.279528
14158.1	0.13185	0.187586
14168.8	0.135073	0.104402
14179.6	0.13812	0.0287156
14190.4	0.141316	-0.0411254
14201.1	0.144893	-0.106786
14211.9	0.149029	-0.169808
14222.7	0.153866	-0.231589
14233.4	0.15954	-0.293413
14244.2	0.166186	-0.356506
14255	0.17395	-0.422095
14265.7	0.182994	-0.49147
14276.5	0.193494	-0.56605
14287.3	0.205628	-0.647452
14298	0.219558	-0.737554
14308.8	0.235368	-0.838536
14319.6	0.252972	-0.952857
14330.3	0.271943	-1.0831
14341.1	0.291285	-1.23153
14351.9	0.309209	-1.39926
14362.6	0.323153	-1.58508
14373.4	0.330368	-1.78435
14384.2	0.329083	-1.98921
14394.9	0.319504	-2.19052
14405.7	0.303719	-2.38064
14416.5	0.284592	-2.55532
14427.2	0.264643	-2.7136
14438	0.245559	-2.85672
14448.8	0.228241	-2.98696
14459.5	0.213043	-3.10683
14470.3	0.200011	3.06453
14481.1	0.18904	2.95878
14491.8	0.179969	2.85747
14502.6	0.172631	2.7593
14513.4	0.166871	2.66325
14524.1	0.162561	2.56855
14534.9	0.159597	2.47461
14545.7	0.157904	2.381
14556.4	0.157428	2.28744
14567.2	0.158138	2.19372
14578	0.160022	2.09972
14588.7	0.163083	2.00536
14599.5	0.167344	1.91061
14610.3	0.172838	1.81544
14621	0.179615	1.71982
14631.8	0.187737	1.6237
14642.6	0.197278	1.52704
14653.3	0.208327	1.42975
14664.1	0.220982	1.33172
14674.9	0.23536	1.23283
14685.6	0.251588	1.13292
14696.4	0.269811	1.03182
14707.2	0.29019	0.929338
14717.9	0.312906	0.825232
14728.7	0.338159	0.719241
14739.5	0.366172	0.611058
14750.2	0.397185	0.500317
14761	0.431453	0.386585
14771.8	0.469234	0.269339
14782.5	0.510757	0.14796
14793.3	0.556181	0.0217223
14804.1	0.605517	-0.110198
14814.8	0.65851	-0.248687
14825.6	0.714474	-0.394622
14836.4	0.772092	-0.548727
14847.1	0.829212	-0.711356
14857.9	0.882782	-0.882191
14868.7	0.929067	-1.05994
14879.4	0.964293	-1.24222
14890.2	0.985581	-1.42568
14901	0.991795	-1.60655
14911.7	0.983842	-1.78127
14922.5	0.964264	-1.94709
14933.3	0.936395	-2.10234
14944	0.903535	-2.2464
14954.8	0.868435	-2.37947
14965.6	0.833121	-2.50221
14976.3	0.798952	-2.61553
14987.1	0.766772	-2.72037
14997.9	0.737079	-2.81768
15008.6	0.710148	-2.90833
15019.4	0.686111	-2.9932
15030.2	0.664986	-3.07312
15040.9	0.646703	3.13425
15051.7	0.631123	3.0618
15062.5	0.618068	2.99203
15073.2	0.607355	2.92435
15084	0.59881	2.85829
15094.8	0.592279	2.79341
15105.5	0.587634	2.72934
15116.3	0.584773	2.66575
15127.1	0.583612	2.60233
15137.8	0.584088	2.53879
15148.6	0.586153	2.47485
15159.4	0.589773	2.41023
15170.1	0.594921	2.34467
15180.9	0.601579	2.27789
15191.7	0.609732	2.20961
15202.4	0.619363	2.13958
15213.2	0.630455	2.06749
15224	0.642981	1.99309
15234.7	0.6569	1.91609
15245.5	0.672154	1.8362
15256.3	0.688661	1.75318
15267	0.706308	1.66675
15277.8	0.724948	1.5767
15288.6	0.744399	1.4828
15299.3	0.764438	1.3849
15310.1	0.784809	1.28284
15320.9	0.805229	1.17654
15331.6	0.8254	1.06593
15342.4	0.845025	0.950963
15353.2	0.863822	0.831604
15363.9	0.881533	0.707774
15374.7	0.897924	0.579326
15385.5	0.91277	0.446002
15396.2	0.925807	0.307388
15407	0.936665	0.162887
15417.8	0.944762	0.011721
15428.5	0.949184	-0.147031
15439.3	0.94856	-0.314309
15450.1	0.941004	-0.49085
15460.8	0.924227	-0.67685
15471.6	0.895941	-0.871557
15482.4	0.854585	-1.07294
15493.1	0.800191	-1.27765
15503.9	0.73488	-1.48153
15514.7	0.662558	-1.68044
15525.4	0.587877	-1.87118
15536.2	0.515058	-2.05211
15547	0.447139	-2.22319
15557.7	0.385833	-2.38578
15568.5	0.331766	-2.54236
15579.3	0.28486	-2.69638
15590	0.244665	-2.85218
15600.8	0.210621	-3.01521
15611.6	0.182246	3.09096
15622.3	0.159285	2.89184
15633.1	0.141852	2.66189
15643.9	0.130549	2.39456
15654.6	0.126452	2.09085
15665.4	0.13082	1.76363
15676.2	0.144589	1.43277
15686.9	0.168051	1.11241
15697.7	0.200796	0.804586
15708.5	0.241493	0.503496
15719.2	0.287367	0.202818
15730	0.334015	-0.0996204
15740.8	0.376359	-0.400956
15751.5	0.410509	-0.695744
15762.3	0.434963	-0.979538
15773.1	0.450176	-1.2509
15783.8	0.45726	-1.51102
15794.6	0.457056	-1.7622
15805.4	0.449912	-2.00636
15816.1	0.435981	-2.24421
15826.9	0.415662	-2.47503
15837.7	0.389908	-2.69708
15848.4	0.360224	-2.90824
15859.2	0.328399	-3.10664
15870	0.296144	2.99211
15880.7	0.264833	2.82211
15891.5	0.235394	2.6664
15902.3	0.208351	2.5245
15913	0.183913	2.39574
15923.8	0.162081	2.27948
15934.6	0.14273	2.17517
15945.3	0.125672	2.08241
15956.1	0.110698	2.00102
15966.9	0.0975974	1.93106
15977.6	0.0861803	1.87285
15988.4	0.0762896	1.82695
15999.2	0.0678051	1.7939
16009.9	0.0606265	1.77378
16020.7	0.0546451	1.76605
16031.5	0.0497416	1.76977
16042.2	0.045806	1.78382
16053	0.0427493	1.80668
16063.8	0.0404982	1.83622
16074.5	0.0389849	1.86974
16085.3	0.0381408	1.90422
16096.1	0.0378959	1.93674
16106.8	0.0381804	1.96491
16117.6	0.038929	1.98702
16128.4	0.0400842	2.00212
16139.1	0.0415993	2.00989
16149.9	0.0434389	2.01043
16160.7	0.045579	2.00414
16171.4	0.0480062	1.99155
16182.2	0.0507167	1.97321
16193	0.0537149	1.94963
16203.7	0.0570126	1.92128
16214.5	0.060627	1.8885
16225.3	0.0645797	1.85158
16236	0.0688946	1.8107
16246.8	0.0735966	1.76602
16257.6	0.0787113	1.71768
16268.3	0.0842657	1.66579
16279.1	0.0902891	1.61048
16289.9	0.0968139	1.55184
16300.6	0.103875	1.48993
16311.4	0.111509	1.4248
16322.2	0.119753	1.35644
16332.9	0.128641	1.28486
16343.7	0.138205	1.21003
16354.5	0.148471	1.13196
16365.2	0.159461	1.05066
16376	0.171191	0.966144
16386.8	0.18367	0.878471
16397.5	0.196904	0.787713
16408.3	0.210894	0.693959
16419.1	0.225643	0.5973
16429.8	0.241159	0.497819
16440.6	0.257453	0.395565
16451.4	0.274545	0.290526
16462.1	0.29246	0.182611
16472.9	0.31122	0.0716144
16483.7	0.330828	-0.0427982
16494.4	0.351238	-0.161103
16505.2	0.372308	-0.283908
16516	0.393732	-0.411902
16526.7	0.41495	-0.545741
16537.5	0.435041	-0.685839
16548.3	0.452663	-0.832007
16559	0.466106	-0.982958
16569.8	0.473604	-1.13575
16580.6	0.473967	-1.28545
16591.3	0.467418	-1.42535
16602.1	0.456215	-1.54828
16612.9	0.444644	-1.64901
16623.6	0.43821	-1.72757
16634.4	0.44217	-1.79205
16645.2	0.459678	-1.85808
16655.9	0.490121	-1.94302
16666.7	0.528494	-2.05821
16677.5	0.566499	-2.20464
16688.2	0.595524	-2.37408
16699	0.610337	-2.55378
16709.8	0.610847	-2.73188
16720.5	0.600687	-2.90084
16731.3	0.584506	-3.05769
16742.1	0.566145	3.08049
16752.8	0.548124	2.94543
16763.6	0.531846	2.81783
16774.4	0.517948	2.69517
16785.1	0.506602	2.5751
16795.9	0.49769	2.45549
16806.7	0.490914	2.33451
16817.4	0.485858	2.21066
16828.2	0.482052	2.0828
16839	0.479066	1.95017
16849.7	0.476621	1.81228
16860.5	0.47466	1.66846
16871.3	0.473242	1.51738
16882	0.472227	1.35673
16892.8	0.470887	1.18349
16903.6	0.467694	0.994832
16914.3	0.460481	0.789091
16925.1	0.446954	0.566384
16935.9	0.425343	0.328678
16946.6	0.394952	0.07947
16957.4	0.35642	-0.176501
16968.2	0.311711	-0.433343
16978.9	0.263863	-0.684135
16989.7	0.216416	-0.921585
17000.5	0.172566	-1.13923
17011.2	0.134438	-1.33251
17022	0.102861	-1.49907
17032.8	0.0776272	-1.6382
17043.5	0.0579518	-1.74985
17054.3	0.0428579	-1.8336
17065.1	0.0314078	-1.88757
17075.8	0.0228068	-1.90717
17086.6	0.0164333	-1.88352
17097.4	0.0118361	-1.80195
17108.1	0.0087186	-1.64477
17118.9	0.00689009	-1.41037
17129.7	0.00613589	-1.14632
17140.4	0.00610682	-0.928987
17151.2	0.00642862	-0.794226
17162	0.00684552	-0.73502
17172.7	0.00721197	-0.734279
17183.5	0.00743327	-0.777576
17194.3	0.0074378	-0.852012
17205	0.00719265	-0.943052
17215.8	0.00673419	-1.03483
17226.6	0.00616132	-1.11459
17237.3	0.00558297	-1.17678
17248.1	0.005072	-1.22303
17258.9	0.00465756	-1.25895
17269.6	0.00434041	-1.29082
17280.4	0.00410951	-1.32365
17291.2	0.00395205	-1.36064
17301.9	0.00385748	-1.4033
17312.7	0.00381861	-1.45185
17323.5	0.00383114	-1.5056
17334.2	0.00389292	-1.56335
17345	0.00400325	-1.62363
17355.8	0.00416235	-1.68489
17366.5	0.0043713	-1.74565
17377.3	0.0046323	-1.80469
17388.1	0.00494867	-1.86122
17398.8	0.0053244	-1.91488
17409.6	0.00576383	-1.96564
17420.4	0.00627197	-2.01358
17431.1	0.00685493	-2.05893
17441.9	0.00752025	-2.10198
17452.7	0.0082771	-2.14308
17463.4	0.00913659	-2.18263
17474.2	0.010112	-2.22105
17485	0.0112193	-2.25877
17495.7	0.0124774	-2.2962
17506.5	0.0139088	-2.3338
17517.3	0.0155406	-2.37198
17528	0.0174048	-2.41119
17538.8	0.0195399	-2.45188
17549.6	0.021992	-2.49453
17560.3	0.024816	-2.53964
17571.1	0.0280781	-2.58776
17581.9	0.0318574	-2.63949
17592.6	0.0362479	-2.69551
17603.4	0.0413616	-2.75657
17614.2	0.0473294	-2.82353
17624.9	0.0543019	-2.89735
17635.7	0.0624474	-2.97913
17646.5	0.0719444	-3.07007
17657.2	0.0829659	3.11173
17668	0.0956509	2.9986
17678.8	0.110058	2.87252
17689.5	0.1261	2.73256
17700.3	0.143475	2.57835
17711.1	0.161603	2.41034
17721.8	0.179631	2.22995
17732.6	0.19651	2.03965
17743.4	0.211165	1.84275
17754.1	0.222695	1.64304
17764.9	0.230551	1.44446
17775.7	0.234668	1.25085
17786.4	0.23553	1.06535
17797.2	0.234088	0.88959
17808	0.231411	0.722641
17818.7	0.228164	0.561112
17829.5	0.224251	0.400992
17840.3	0.218988	0.240256
17851	0.211689	0.0801003
17861.8	0.202191	-0.0759896
17872.6	0.190935	-0.224193
17883.3	0.178685	-0.36179
17894.1	0.166207	-0.487544
17904.9	0.154082	-0.601408
17915.6	0.142676	-0.704054
17926.4	0.13218	-0.796503
17937.2	0.122658	-0.879898
17947.9	0.114098	-0.95537
17958.7	0.106443	-1.02397
17969.5	0.0996188	-1.08664
17980.2	0.0935404	-1.1442
17991	0.0881264	-1.19736
18001.8	0.0833002	-1.24671
18012.5	0.078993	-1.29278
18023.3	0.0751436	-1.336
18034.1	0.0716986	-1.37675
18044.8	0.0686114	-1.41535
18055.6	0.0658417	-1.45207
18066.4	0.0633548	-1.48715
18077.1	0.0611207	-1.52081
18087.9	0.0591135	-1.55322
18098.7	0.0573109	-1.58456
18109.4	0.0556938	-1.61496
18120.2	0.0542455	-1.64456
18131	0.0529518	-1.67347
18141.7	0.0518005	-1.7018
18152.5	0.0507811	-1.72966
18163.3	0.0498847	-1.75715
18174	0.0491036	-1.78434
18184.8	0.0484316	-1.81134
18195.6	0.0478633	-1.83823
18206.3	0.0473946	-1.8651
18217.1	0.0470221	-1.89204
18227.9	0.0467433	-1.91914
18238.6	0.0465565	-1.94651
18249.4	0.0464609	-1.97424
18260.2	0.0464562	-2.00244
18270.9	0.0465431	-2.03126
18281.7	0.0467228	-2.06081
18292.5	0.0469972	-2.09128
18303.2	0.047369	-2.12284
18314	0.0478412	-2.1557
18324.8	0.0484172	-2.19012
18335.5	0.0491005	-2.22641
18346.3	0.049894	-2.26493
18357.1	0.0507991	-2.30613
18367.8	0.0518141	-2.35054
18378.6	0.0529319	-2.39883
18389.4	0.0541347	-2.45181
18400.1	0.0553876	-2.51041
18410.9	0.056627	-2.57571
18421.7	0.0577454	-2.64878
18432.4	0.0585725	-2.73045
18443.2	0.0588621	-2.82073
18454	0.0583058	-2.91792
18464.7	0.056606	-3.01729
18475.5	0.0536304	-3.11001
18486.3	0.0495903	3.09986
18497	0.0451008	3.05993
18507.8	0.0410225	3.06316
18518.6	0.038163	3.10847
18529.3	0.037007	-3.10254
18540.1	0.0376147	-3.02669
18550.9	0.0397376	-2.96608
18561.6	0.0430407	-2.92908
18572.4	0.047258	-2.91602
18583.2	0.0522357	-2.92399
18593.9	0.0579142	-2.94982
18604.7	0.0642966	-2.99103
18615.5	0.0714228	-3.04607
18626.2	0.0793492	-3.11411
18637	0.0881306	3.08826
18647.8	0.097797	2.99449
18658.5	0.108323	2.88738
18669.3	0.119593	2.76649
18680.1	0.13136	2.63171
18690.8	0.143232	2.48347
18701.6	0.154695	2.323
18712.4	0.165197	2.1524
18723.1	0.174285	1.97435
18733.9	0.181728	1.79155
18744.7	0.187565	1.60606
18755.4	0.192047	1.41875
18766.2	0.195496	1.22911
18777	0.198143	1.03533
18787.7	0.199984	0.834768
18798.5	0.200665	0.624593
18809.3	0.199442	0.402838
18820	0.19532	0.169703
18830.8	0.187458	-0.0713057
18841.6	0.175721	-0.313393
18852.3	0.160983	-0.548263
18863.1	0.14481	-0.768853
18873.9	0.128794	-0.971177
18884.6	0.114061	-1.15442
18895.4	0.101172	-1.3199
18906.2	0.090264	-1.46994
18916.9	0.0812373	-1.60702
18927.7	0.073892	-1.73338
18938.5	0.0680067	-1.85088
18949.2	0.0633758	-1.96097
18960	0.0598245	-2.06476
18970.8	0.057212	-2.16309
18981.5	0.0554295	-2.25659
18992.3	0.0543977	-2.3458
19003.1	0.0540635	-2.43121
19013.8	0.0543975	-2.51333
19024.6	0.0553926	-2.59271
19035.4	0.0570632	-2.66998
19046.1	0.0594452	-2.74591
19056.9	0.0625969	-2.82133
19067.7	0.0666008	-2.89723
19078.4	0.0715663	-2.97471
19089.2	0.0776331	-3.05502
19100	0.0849736	-3.1396
19110.7	0.0937931	3.05309
19121.5	0.104322	2.95473
19132.3	0.116793	2.84623
19143	0.131378	2.72501
19153.8	0.148078	2.58834
19164.6	0.166535	2.43384
19175.3	0.185797	2.26029
19186.1	0.204192	2.06902
19196.9	0.219591	1.86485
19207.6	0.230176	1.65586
19218.4	0.235315	1.45115
19229.2	0.235759	1.25789
19239.9	0.233069	1.07961
19250.7	0.228847	0.916371
19261.5	0.224305	0.765963
19272.2	0.220181	0.625072
19283	0.216825	0.49003
19293.8	0.214301	0.357194
19304.5	0.212465	0.223094
19315.3	0.211003	0.0844692
19326	0.209432	-0.0617221
19336.8	0.207096	-0.218258
19347.6	0.203162	-0.387525
19358.3	0.196662	-0.571304
19369.1	0.18663	-0.770513
19379.9	0.172333	-0.985094
19390.6	0.153575	-1.21437
19401.4	0.130915	-1.45848
19412.2	0.105678	-1.72184
19422.9	0.0797561	-2.02165
19433.7	0.055619	-2.41067
19444.5	0.0377901	-3.02707
19455.2	0.035466	2.37289
19466	0.0496912	1.71567
19476.8	0.07105	1.33832
19487.5	0.0954759	1.08217
19498.3	0.122114	0.87617
19509.1	0.150805	0.691213
19519.8	0.18137	0.513806
19530.6	0.21338	0.337246
19541.4	0.24609	0.158338
19552.1	0.27845	-0.0240349
19562.9	0.309185	-0.20964
19573.7	0.336935	-0.397317
19584.4	0.360443	-0.585271
19595.2	0.378759	-0.771333
19606	0.391397	-0.953229
19616.7	0.398405	-1.12886
19627.5	0.400314	-1.29651
19638.3	0.397989	-1.45506
19649	0.392443	-1.60395
19659.8	0.384679	-1.74318
19670.6	0.375577	-1.87315
19681.3	0.365846	-1.9946
19692.1	0.356019	-2.1084
19702.9	0.346469	-2.21555
19713.6	0.337443	-2.31707
19724.4	0.329087	-2.41396
19735.2	0.32147	-2.50723
19745.9	0.314604	-2.59786
19756.7	0.308454	-2.68683
19767.5	0.302941	-2.77509
19778.2	0.297942	-2.86362
19789	0.293285	-2.95338
19799.8	0.288736	-3.04533
19810.5	0.283986	-3.14037
19821.3	0.27864	3.04389
19832.1	0.272209	2.94055
19842.8	0.264123	2.83272
19853.6	0.253788	2.72102
19864.4	0.240688	2.60718
19875.1	0.224539	2.49437
19885.9	0.205463	2.38745
19896.7	0.184086	2.29316
19907.4	0.161533	2.22012
19918.2	0.139297	2.17879
19929	0.119095	2.18102
19939.7	0.102758	2.23707
19950.5	0.0920424	2.34695
19961.3	0.0880971	2.48855
19972	0.0907269	2.62187
19982.8	0.0984332	2.71548
19993.6	0.109316	2.76095
