num_points: 929
frequency_Hz  magnitude  phase_rad
0.1  3.9081e-05  1.50332
10.7666  0.00427901  1.57112
21.5332  0.00867769  1.54284
32.2998  0.0131484  1.51586
43.0664  0.017707  1.48956
53.833  0.0223773  1.46369
64.5996  0.0271877  1.43814
75.3662  0.0321717  1.41285
86.1328  0.0373684  1.38777
96.8994  0.0428236  1.36284
107.666  0.0485912  1.338
118.433  0.0547352  1.31317
129.199  0.0613318  1.28823
139.966  0.0684724  1.26304
150.732  0.0762679  1.23744
161.499  0.0848535  1.21119
172.266  0.0943962  1.18404
183.032  0.105104  1.15565
193.799  0.117238  1.12559
204.565  0.131134  1.09332
215.332  0.147222  1.05816
226.099  0.166068  1.01917
236.865  0.188417  0.975125
247.632  0.215264  0.924332
258.398  0.247938  0.864418
269.165  0.28819  0.792008
279.932  0.33822  0.702238
290.698  0.400416  0.588162
301.465  0.476165  0.44037
312.231  0.562407  0.248193
322.998  0.645271  0.00573141
333.765  0.698052  -0.275512
344.531  0.699659  -0.560664
355.298  0.657934  -0.811928
366.064  0.597935  -1.0131
376.831  0.538254  -1.16783
387.598  0.486381  -1.28655
398.364  0.443631  -1.3791
409.131  0.409096  -1.45287
419.897  0.381385  -1.51308
430.664  0.359211  -1.56333
441.431  0.341531  -1.60616
452.197  0.327545  -1.64336
462.964  0.31665  -1.67624
473.73  0.308406  -1.70576
484.497  0.302494  -1.73268
495.264  0.298697  -1.75757
506.03  0.296881  -1.78091
516.797  0.296988  -1.80307
527.563  0.299027  -1.82442
538.33  0.30308  -1.84526
549.097  0.309312  -1.8659
559.863  0.317984  -1.88666
570.63  0.329483  -1.90788
581.396  0.344368  -1.93
592.163  0.363446  -1.95353
602.93  0.387891  -1.97918
613.696  0.419455  -2.00798
624.463  0.460836  -2.04143
635.229  0.516371  -2.08195
645.996  0.593409  -2.13371
656.763  0.705218  -2.20445
667.529  0.877402  -2.3102
678.296  1.16045  -2.48839
689.063  1.61897  -2.83251
699.829  1.97024  2.81065
710.596  1.55351  2.16239
721.362  1.05597  1.81085
732.129  0.755632  1.63005
742.896  0.574893  1.52392
753.662  0.457943  1.45394
764.429  0.37718  1.40367
775.195  0.318497  1.36522
785.962  0.274146  1.33438
796.729  0.239572  1.30873
807.495  0.211943  1.28677
818.262  0.189414  1.26754
829.028  0.170733  1.25037
839.795  0.155021  1.2348
850.562  0.141646  1.22051
861.328  0.130142  1.20725
872.095  0.120158  1.19483
882.861  0.111422  1.18312
893.628  0.103726  1.17199
904.395  0.0969021  1.16137
915.161  0.0908179  1.15117
925.928  0.0853655  1.14135
936.694  0.0804568  1.13185
947.461  0.0760188  1.12263
958.228  0.0719911  1.11366
968.994  0.0683228  1.10492
979.761  0.0649711  1.09637
990.527  0.0618993  1.08799
1001.29  0.0590764  1.07978
1012.06  0.0564755  1.0717
1022.83  0.0540733  1.06376
1033.59  0.0518498  1.05594
1044.36  0.0497873  1.04822
1055.13  0.0478705  1.04059
1065.89  0.0460858  1.03306
1076.66  0.0444212  1.02561
1087.43  0.0428662  1.01824
1098.19  0.0414113  1.01093
1108.96  0.0400482  1.00369
1119.73  0.0387694  0.996507
1130.49  0.037568  0.98938
1141.26  0.0364382  0.982304
1152.03  0.0353744  0.975275
1162.79  0.0343717  0.968291
1173.56  0.0334257  0.961347
1184.33  0.0325324  0.954442
1195.09  0.031688  0.947573
1205.86  0.0308892  0.940736
1216.63  0.030133  0.933932
1227.39  0.0294166  0.927156
1238.16  0.0287375  0.920408
1248.93  0.0280933  0.913686
1259.69  0.0274818  0.906987
1270.46  0.0269011  0.900312
1281.23  0.0263494  0.893657
1291.99  0.025825  0.887023
1302.76  0.0253263  0.880407
1313.53  0.024852  0.873809
1324.29  0.0244006  0.867228
1335.06  0.023971  0.860662
1345.83  0.0235621  0.854111
1356.59  0.0231727  0.847573
1367.36  0.0228019  0.841049
1378.13  0.0224488  0.834537
1388.89  0.0221125  0.828036
1399.66  0.0217923  0.821545
1410.42  0.0214874  0.815065
1421.19  0.0211972  0.808594
1431.96  0.0209209  0.802132
1442.72  0.020658  0.795679
1453.49  0.020408  0.789233
1464.26  0.0201702  0.782794
1475.02  0.0199443  0.776362
1485.79  0.0197298  0.769936
1496.56  0.0195262  0.763516
1507.32  0.0193332  0.757102
1518.09  0.0191504  0.750692
1528.86  0.0189774  0.744287
1539.62  0.018814  0.737886
1550.39  0.0186597  0.731488
1561.16  0.0185144  0.725095
1571.92  0.0183778  0.718704
1582.69  0.0182496  0.712316
1593.46  0.0181296  0.70593
1604.22  0.0180177  0.699547
1614.99  0.0179135  0.693165
1625.76  0.017817  0.686785
1636.52  0.0177279  0.680406
1647.29  0.0176461  0.674028
1658.06  0.0175715  0.667651
1668.82  0.017504  0.661274
1679.59  0.0174434  0.654897
1690.36  0.0173896  0.64852
1701.12  0.0173426  0.642142
1711.89  0.0173022  0.635764
1722.66  0.0172685  0.629385
1733.42  0.0172412  0.623004
1744.19  0.0172205  0.616622
1754.96  0.0172062  0.610238
1765.72  0.0171983  0.603853
1776.49  0.0171967  0.597465
1787.26  0.0172016  0.591074
1798.02  0.0172129  0.584681
1808.79  0.0172306  0.578285
1819.56  0.0172547  0.571885
1830.32  0.0172852  0.565482
1841.09  0.0173222  0.559076
1851.86  0.0173657  0.552665
1862.62  0.0174159  0.546249
1873.39  0.0174726  0.539829
1884.16  0.0175362  0.533404
1894.92  0.0176065  0.526974
1905.69  0.0176838  0.520539
1916.46  0.0177681  0.514097
1927.22  0.0178596  0.507649
1937.99  0.0179584  0.501195
1948.75  0.0180647  0.494734
1959.52  0.0181785  0.488266
1970.29  0.0183002  0.481791
1981.05  0.0184298  0.475307
1991.82  0.0185676  0.468816
2002.59  0.0187139  0.462315
2013.35  0.0188687  0.455806
2024.12  0.0190325  0.449287
2034.89  0.0192055  0.442758
2045.65  0.0193879  0.436219
2056.42  0.0195801  0.429669
2067.19  0.0197824  0.423108
2077.95  0.0199952  0.416534
2088.72  0.0202189  0.409949
2099.49  0.0204539  0.40335
2110.25  0.0207006  0.396737
2121.02  0.0209594  0.39011
2131.79  0.021231  0.383468
2142.55  0.0215159  0.37681
2153.32  0.0218145  0.370136
2164.09  0.0221276  0.363445
2174.85  0.0224558  0.356735
2185.62  0.0227998  0.350007
2196.39  0.0231604  0.343258
2207.15  0.0235384  0.336488
2217.92  0.0239347  0.329696
2228.69  0.0243502  0.322881
2239.45  0.024786  0.316041
2250.22  0.0252431  0.309175
2260.99  0.0257228  0.302282
2271.75  0.0262263  0.295361
2282.52  0.026755  0.288408
2293.29  0.0273104  0.281424
2304.05  0.0278941  0.274405
2314.82  0.0285079  0.26735
2325.59  0.0291536  0.260256
2336.35  0.0298335  0.253122
2347.12  0.0305496  0.245944
2357.89  0.0313046  0.23872
2368.65  0.0321011  0.231446
2379.42  0.032942  0.22412
2390.19  0.0338307  0.216737
2400.95  0.0347706  0.209293
2411.72  0.0357658  0.201785
2422.49  0.0368205  0.194206
2433.25  0.0379397  0.186552
2444.02  0.0391285  0.178816
2454.79  0.0403931  0.170993
2465.55  0.04174  0.163073
2476.32  0.0431766  0.15505
2487.08  0.0447113  0.146913
2497.85  0.0463535  0.138653
2508.62  0.0481137  0.130257
2519.38  0.0500041  0.121711
2530.15  0.0520383  0.113002
2540.92  0.054232  0.104111
2551.68  0.0566033  0.0950174
2562.45  0.0591728  0.0856992
2573.22  0.0619648  0.0761291
2583.98  0.0650074  0.0662759
2594.75  0.0683336  0.0561027
2605.52  0.0719825  0.0455662
2616.28  0.0760005  0.0346146
2627.05  0.0804433  0.023186
2637.82  0.0853782  0.0112053
2648.58  0.0908874  -0.00141918
2659.35  0.097072  -0.0148006
2670.12  0.104058  -0.0290801
2680.88  0.112005  -0.0444363
2691.65  0.121115  -0.0610983
2702.42  0.131653  -0.0793647
2713.18  0.143966  -0.0996315
2723.95  0.158524  -0.122435
2734.72  0.175969  -0.148521
2745.48  0.197209  -0.17895
2756.25  0.223554  -0.215283
2767.02  0.256956  -0.259905
2777.78  0.300411  -0.316611
2788.55  0.358627  -0.391749
2799.32  0.439009  -0.496479
2810.08  0.55212  -0.651157
2820.85  0.705295  -0.891552
2831.62  0.864556  -1.26031
2842.38  0.904195  -1.72615
2853.15  0.78413  -2.13561
2863.92  0.631405  -2.41226
2874.68  0.510963  -2.58895
2885.45  0.424329  -2.70648
2896.22  0.361744  -2.78936
2906.98  0.315323  -2.85101
2917.75  0.279892  -2.89897
2928.52  0.252141  -2.93766
2939.28  0.229919  -2.96982
2950.05  0.211788  -2.99723
2960.82  0.196758  -3.02107
2971.58  0.184132  -3.04219
2982.35  0.173404  -3.06117
2993.12  0.164201  -3.07844
3003.88  0.15624  -3.09434
3014.65  0.149305  -3.1091
3025.42  0.143228  -3.12293
3036.18  0.137876  -3.13597
3046.95  0.133142  3.13483
3057.71  0.12894  3.12302
3068.48  0.125201  3.1117
3079.25  0.121866  3.1008
3090.01  0.118887  3.09026
3100.78  0.116224  3.08005
3111.55  0.113844  3.07011
3122.31  0.111718  3.06042
3133.08  0.109821  3.05096
3143.85  0.108133  3.04168
3154.61  0.106636  3.03258
3165.38  0.105314  3.02364
3176.15  0.104155  3.01484
3186.91  0.103147  3.00616
3197.68  0.10228  2.99759
3208.45  0.101545  2.98913
3219.21  0.100936  2.98076
3229.98  0.100446  2.97247
3240.75  0.100069  2.96425
3251.51  0.0998017  2.9561
3262.28  0.099639  2.94801
3273.05  0.0995779  2.93997
3283.81  0.099616  2.93198
3294.58  0.0997509  2.92404
3305.35  0.0999812  2.91613
3316.11  0.100306  2.90826
3326.88  0.100723  2.90042
3337.65  0.101234  2.89261
3348.41  0.101838  2.88481
3359.18  0.102536  2.87704
3369.95  0.103329  2.86928
3380.71  0.104217  2.86154
3391.48  0.105203  2.8538
3402.25  0.106288  2.84608
3413.01  0.107475  2.83836
3423.78  0.108767  2.83063
3434.55  0.110167  2.82291
3445.31  0.111679  2.81519
3456.08  0.113307  2.80746
3466.85  0.115055  2.79971
3477.61  0.116929  2.79196
3488.38  0.118934  2.7842
3499.15  0.121077  2.77641
3509.91  0.123365  2.76861
3520.68  0.125806  2.76078
3531.45  0.128407  2.75293
3542.21  0.131178  2.74505
3552.98  0.13413  2.73714
3563.75  0.137273  2.7292
3574.51  0.14062  2.72122
3585.28  0.144184  2.71319
3596.04  0.147981  2.70512
3606.81  0.152026  2.697
3617.58  0.156338  2.68882
3628.34  0.160938  2.68058
3639.11  0.165846  2.67228
3649.88  0.171089  2.66391
3660.64  0.176692  2.65547
3671.41  0.182687  2.64694
3682.18  0.189107  2.63832
3692.94  0.195991  2.6296
3703.71  0.203381  2.62077
3714.48  0.211325  2.61183
3725.24  0.219876  2.60276
3736.01  0.229097  2.59355
3746.78  0.239055  2.58419
3757.54  0.24983  2.57465
3768.31  0.261512  2.56493
3779.08  0.274204  2.55501
3789.84  0.288025  2.54485
3800.61  0.303114  2.53444
3811.38  0.31963  2.52374
3822.14  0.337763  2.51273
3832.91  0.357733  2.50135
3843.68  0.379803  2.48956
3854.44  0.404285  2.4773
3865.21  0.431554  2.46451
3875.98  0.462067  2.4511
3886.74  0.496379  2.43696
3897.51  0.535177  2.42199
3908.28  0.579318  2.40601
3919.04  0.629883  2.38884
3929.81  0.688257  2.37022
3940.58  0.756236  2.34983
3951.34  0.83619  2.32724
3962.11  0.931307  2.30187
3972.88  1.04596  2.27291
3983.64  1.18628  2.23923
3994.41  1.36109  2.19914
4005.18  1.58344  2.15012
4015.94  1.87305  2.08818
4026.71  2.26027  2.00676
4037.48  2.79088  1.89462
4048.24  3.52444  1.73216
4059.01  4.48473  1.48784
4069.78  5.44213  1.1311
4080.54  5.72743  0.698771
4091.31  5.14053  0.315807
4102.08  4.30627  0.045918
4112.84  3.60499  -0.133389
4123.61  3.08241  -0.256064
4134.38  2.69869  -0.344396
4145.14  2.41313  -0.411242
4155.91  2.1966  -0.464058
4166.67  2.02964  -0.507332
4177.44  1.89924  -0.54389
4188.21  1.79657  -0.575583
4198.97  1.71552  -0.603677
4209.74  1.6518  -0.629059
4220.51  1.60234  -0.652379
4231.27  1.56492  -0.674124
4242.04  1.53795  -0.694668
4252.81  1.5203  -0.714313
4263.57  1.51119  -0.733305
4274.34  1.51015  -0.751856
4285.11  1.51695  -0.770153
4295.87  1.53158  -0.788373
4306.64  1.55426  -0.806686
4317.41  1.58544  -0.825265
4328.17  1.62583  -0.844299
4338.94  1.67645  -0.863996
4349.71  1.73867  -0.884601
4360.47  1.81437  -0.906408
4371.24  1.90605  -0.929785
4382.01  2.01707  -0.955207
4392.77  2.15201  -0.983301
4403.54  2.31716  -1.01493
4414.31  2.52138  -1.05129
4425.07  2.77734  -1.09416
4435.84  3.1036  -1.1462
4446.61  3.5278  -1.21157
4457.37  4.09125  -1.29713
4468.14  4.85268  -1.41453
4478.91  5.87653  -1.58368
4489.67  7.13915  -1.83531
4500.44  8.21545  -2.19463
4511.21  8.2026  -2.61726
4521.97  7.06556  -2.9854
4532.74  5.7218  3.03751
4543.51  4.63362  2.86284
4554.27  3.82792  2.74233
4565.04  3.23384  2.65513
4575.81  2.78721  2.58904
4586.57  2.44329  2.53691
4597.34  2.17237  2.49438
4608.11  1.9546  2.4587
4618.87  1.77648  2.42806
4629.64  1.62861  2.40123
4640.41  1.50427  2.37733
4651.17  1.39856  2.35575
4661.94  1.30783  2.33602
4672.71  1.22933  2.3178
4683.47  1.16094  2.30081
4694.24  1.10098  2.28484
4705  1.04814  2.26974
4715.77  1.00137  2.25537
4726.54  0.959822  2.24161
4737.3  0.922793  2.22839
4748.07  0.889712  2.21562
4758.84  0.860104  2.20325
4769.6  0.833571  2.19122
4780.37  0.80978  2.17949
4791.14  0.788447  2.16801
4801.9  0.769336  2.15677
4812.67  0.752242  2.14572
4823.44  0.736992  2.13483
4834.2  0.72344  2.1241
4844.97  0.71146  2.11348
4855.74  0.700945  2.10297
4866.5  0.691807  2.09254
4877.27  0.68397  2.08216
4888.04  0.677375  2.07181
4898.8  0.671963  2.06139
4909.57  0.667598  2.05076
4920.34  0.663868  2.04023
4931.1  0.661364  2.03068
4941.87  0.660329  2.02091
4952.64  0.660358  2.01088
4963.4  0.661405  2.00072
4974.17  0.663485  1.9905
4984.94  0.666624  1.9802
4995.7  0.670849  1.96983
5006.47  0.676196  1.95937
5017.24  0.682709  1.94882
5028  0.690442  1.93814
5038.77  0.69946  1.92733
5049.54  0.709839  1.91637
5060.3  0.72167  1.90524
5071.07  0.735061  1.89391
5081.84  0.750137  1.88236
5092.6  0.767045  1.87055
5103.37  0.785958  1.85845
5114.14  0.807079  1.84603
5124.9  0.830645  1.83324
5135.67  0.856939  1.82003
5146.44  0.886292  1.80634
5157.2  0.919101  1.79209
5167.97  0.955842  1.7772
5178.74  0.997086  1.76158
5189.5  1.04353  1.7451
5200.27  1.09602  1.72761
5211.04  1.15561  1.70892
5221.8  1.2236  1.68881
5232.57  1.30165  1.66699
5243.33  1.39186  1.64307
5254.1  1.49694  1.61658
5264.87  1.62046  1.58687
5275.63  1.76713  1.55305
5286.4  1.94331  1.51393
5297.17  2.15769  1.46779
5307.93  2.42221  1.41215
5318.7  2.75323  1.34335
5329.47  3.17247  1.2558
5340.23  3.70543  1.14102
5351  4.36988  0.986442
5361.77  5.13398  0.776075
5372.53  5.82514  0.499198
5383.3  6.10495  0.17317
5394.07  5.78893  -0.146981
5404.83  5.11188  -0.411525
5415.6  4.39225  -0.610364
5426.37  3.77382  -0.756577
5437.13  3.27841  -0.865793
5447.9  2.88799  -0.949754
5458.67  2.57911  -1.01632
5469.43  2.3321  -1.07063
5480.2  2.1321  -1.11609
5490.97  1.96826  -1.15503
5501.73  1.83264  -1.18904
5512.5  1.71942  -1.21927
5523.27  1.62426  -1.24655
5534.03  1.54391  -1.2715
5544.8  1.47588  -1.2946
5555.57  1.41828  -1.31623
5566.33  1.36962  -1.33668
5577.1  1.32878  -1.35619
5587.87  1.29486  -1.37496
5598.63  1.26719  -1.39316
5609.4  1.24526  -1.41094
5620.17  1.22871  -1.42844
5630.93  1.21729  -1.44578
5641.7  1.21088  -1.4631
5652.47  1.20948  -1.4805
5663.23  1.21319  -1.49813
5674  1.22224  -1.51612
5684.77  1.237  -1.53463
5695.53  1.25801  -1.55385
5706.3  1.28602  -1.57399
5717.07  1.32204  -1.59534
5727.83  1.36744  -1.61824
5738.6  1.42406  -1.64312
5749.37  1.49443  -1.6706
5760.13  1.58201  -1.70148
5770.9  1.69167  -1.73692
5781.67  1.8304  -1.77861
5792.43  2.00839  -1.82907
5803.2  2.24083  -1.8923
5813.96  2.55046  -1.97486
5824.73  2.96985  -2.08794
5835.5  3.53593  -2.25101
5846.26  4.24067  -2.49534
5857.03  4.85079  -2.85107
5867.8  4.81771  3.00128
5878.56  4.08317  2.61879
5889.33  3.22762  2.34856
5900.1  2.54721  2.16883
5910.86  2.05162  2.04595
5921.63  1.69089  1.95765
5932.4  1.42236  1.89108
5943.16  1.21718  1.83877
5953.93  1.0565  1.79622
5964.7  0.927959  1.7606
5975.46  0.823199  1.73007
5986.23  0.736456  1.70337
5997  0.663643  1.67962
6007.76  0.601794  1.65819
6018.53  0.548713  1.63862
6029.3  0.502741  1.62056
6040.06  0.462606  1.60373
6050.83  0.427315  1.58793
6061.6  0.396087  1.57298
6072.36  0.368294  1.55876
6083.13  0.343432  1.54515
6093.9  0.321088  1.53205
6104.66  0.300925  1.51937
6115.43  0.282662  1.50705
6126.2  0.266067  1.49501
6136.96  0.250946  1.48316
6147.73  0.237141  1.47142
6158.5  0.22452  1.45965
6169.26  0.21298  1.44766
6180.03  0.202445  1.43513
6190.8  0.192864  1.42145
6201.56  0.184203  1.40533
6212.33  0.176358  1.38382
6223.1  0.16864  1.3503
6233.86  0.157722  1.29983
6244.63  0.141098  1.28017
6255.4  0.130232  1.31273
6266.16  0.124529  1.33334
6276.93  0.119718  1.33857
6287.7  0.114941  1.33674
6298.46  0.110162  1.33176
6309.23  0.105429  1.32528
6320  0.100782  1.31803
6330.76  0.0962397  1.31037
6341.53  0.0918103  1.3025
6352.29  0.0874924  1.29452
6363.06  0.0832805  1.28651
6373.83  0.0791658  1.27851
6384.59  0.0751379  1.27057
6395.36  0.071185  1.26273
6406.13  0.0672944  1.25501
6416.89  0.0634528  1.24746
6427.66  0.059646  1.24014
6438.43  0.0558594  1.23312
6449.19  0.0520774  1.22649
6459.96  0.0482835  1.22039
6470.73  0.0444599  1.21501
6481.49  0.0405876  1.21065
6492.26  0.0366458  1.20774
6503.03  0.0326117  1.20701
6513.79  0.0284603  1.2097
6524.56  0.0241645  1.2181
6535.33  0.0196967  1.23695
6546.09  0.0150343  1.27764
6556.86  0.0101895  1.37535
6567.63  0.00542418  1.69899
6578.39  0.00377006  3.00824
6589.16  0.00862286  -2.56632
6599.93  0.015263  -2.40447
6610.69  0.0228831  -2.35042
6621.46  0.031563  -2.33354
6632.23  0.0415519  -2.33546
6642.99  0.0532318  -2.35026
6653.76  0.0671617  -2.37656
6664.53  0.084169  -2.4157
6675.29  0.105496  -2.47166
6686.06  0.132992  -2.55243
6696.83  0.169155  -2.67274
6707.59  0.215783  -2.85862
6718.36  0.26646  3.1376
6729.13  0.291108  2.74841
6739.89  0.261756  2.36451
6750.66  0.20574  2.10134
6761.43  0.154192  1.97079
6772.19  0.114003  1.95537
6782.96  0.0842798  2.06439
6793.73  0.065455  2.33751
6804.49  0.0612368  2.75672
6815.26  0.0734172  3.13446
6826.03  0.0983171  -2.92485
6836.79  0.133204  -2.81713
6847.56  0.178703  -2.78003
6858.33  0.238151  -2.79138
6869.09  0.317638  -2.84549
6879.86  0.42649  -2.94898
6890.63  0.575298  -3.12126
6901.39  0.759714  2.89096
6912.16  0.914178  2.51319
6922.92  0.9331  2.1084
6933.69  0.839146  1.786
6944.46  0.72542  1.56601
6955.22  0.630749  1.41847
6965.99  0.558391  1.31568
6976.76  0.503559  1.24051
6987.52  0.461473  1.18297
6998.29  0.428606  1.13718
7009.06  0.402509  1.0995
7019.82  0.381495  1.06763
7030.59  0.36438  1.04004
7041.36  0.350323  1.01567
7052.12  0.338711  0.993773
7062.89  0.329091  0.973823
7073.66  0.321122  0.955419
7084.42  0.314546  0.938259
7095.19  0.309161  0.922112
7105.96  0.30481  0.906797
7116.72  0.30137  0.89217
7127.49  0.298743  0.878115
7138.26  0.296853  0.864537
7149.02  0.295637  0.851359
7159.79  0.295049  0.838514
7170.56  0.29505  0.825946
7181.32  0.295611  0.813609
7192.09  0.296713  0.801459
7202.86  0.29834  0.789462
7213.62  0.300486  0.777583
7224.39  0.303146  0.765795
7235.16  0.306324  0.754068
7245.92  0.310027  0.742378
7256.69  0.314266  0.730702
7267.46  0.319058  0.719015
7278.22  0.324426  0.707295
7288.99  0.330395  0.69552
7299.76  0.336999  0.683667
7310.52  0.344276  0.671713
7321.29  0.35227  0.659633
7332.06  0.361034  0.647401
7342.82  0.370629  0.634992
7353.59  0.381125  0.622374
7364.36  0.392602  0.609516
7375.12  0.405154  0.596382
7385.89  0.418891  0.582931
7396.66  0.433936  0.569119
7407.42  0.450438  0.554895
7418.19  0.468566  0.5402
7428.96  0.488521  0.524966
7439.72  0.51054  0.509113
7450.49  0.534901  0.49255
7461.25  0.561939  0.475165
7472.02  0.592054  0.456826
7482.79  0.625728  0.437373
7493.55  0.663551  0.416612
7504.32  0.706244  0.394302
7515.09  0.7547  0.370143
7525.85  0.810036  0.343756
7536.62  0.873658  0.314658
7547.39  0.947354  0.282221
7558.15  1.03342  0.245616
7568.92  1.13481  0.203738
7579.69  1.25534  0.155084
7590.45  1.39991  0.0975927
7601.22  1.5746  0.0284263
7611.99  1.78661  -0.0563262
7622.75  2.04321  -0.162208
7633.52  2.34701  -0.296718
7644.29  2.68484  -0.468267
7655.05  3.00917  -0.682457
7665.82  3.22897  -0.934034
7676.59  3.25541  -1.20016
7687.35  3.08691  -1.44897
7698.12  2.80838  -1.65914
7708.89  2.50775  -1.82672
7719.65  2.23228  -1.95776
7730.42  1.9968  -2.06043
7741.19  1.80126  -2.14178
7751.95  1.64095  -2.20728
7762.72  1.51042  -2.26152
7773.49  1.4036  -2.30865
7784.25  1.31386  -2.35134
7795.02  1.23646  -2.39009
7805.79  1.16918  -2.42487
7816.55  1.11078  -2.45601
7827.32  1.06017  -2.48411
7838.09  1.01632  -2.50973
7848.85  0.9783  -2.53334
7859.62  0.945316  -2.55531
7870.39  0.916711  -2.57592
7881.15  0.891942  -2.59541
7891.92  0.870564  -2.61396
7902.69  0.852211  -2.63172
7913.45  0.836582  -2.64882
7924.22  0.823433  -2.66535
7934.99  0.812562  -2.68141
7945.75  0.803809  -2.69708
7956.52  0.797043  -2.71243
7967.29  0.792164  -2.7275
7978.05  0.789096  -2.74237
7988.82  0.787786  -2.75707
7999.58  0.788202  -2.77165
8010.35  0.79033  -2.78617
8021.12  0.794179  -2.80065
8031.88  0.799775  -2.81515
8042.65  0.807163  -2.8297
8053.42  0.816411  -2.84435
8064.18  0.827608  -2.85915
8074.95  0.840868  -2.87413
8085.72  0.856333  -2.88935
8096.48  0.874178  -2.90487
8107.25  0.894613  -2.92075
8118.02  0.917893  -2.93706
8128.78  0.944325  -2.95389
8139.55  0.974277  -2.97131
8150.32  1.0082  -2.98945
8161.08  1.04662  -3.00843
8171.85  1.09022  -3.0284
8182.62  1.13979  -3.04956
8193.38  1.19633  -3.07214
8204.15  1.26108  -3.09642
8214.92  1.33561  -3.12277
8225.68  1.42189  3.13153
8236.45  1.52244  3.09951
8247.22  1.64056  3.06355
8257.98  1.7805  3.02258
8268.75  1.94786  2.97511
8279.52  2.14996  2.91911
8290.28  2.39627  2.85164
8301.05  2.69833  2.76853
8311.82  3.0683  2.66379
8322.58  3.51284  2.52912
8333.35  4.01572  2.35439
8344.12  4.50332  2.13132
8354.88  4.81959  1.8637
8365.65  4.80545  1.57778
8376.42  4.46805  1.3124
8387.18  3.97204  1.09241
8397.95  3.46894  0.920428
8408.72  3.02728  0.787848
8419.48  2.66069  0.68458
8430.25  2.36162  0.602489
8441.02  2.11774  0.53571
8451.78  1.91751  0.480156
8462.55  1.75159  0.432974
8473.32  1.61273  0.392152
8484.08  1.49541  0.356245
8494.85  1.39542  0.3242
8505.62  1.30953  0.295228
8516.38  1.23524  0.268734
8527.15  1.1706  0.244261
8537.92  1.11406  0.221448
8548.68  1.06439  0.200012
8559.45  1.02061  0.179723
8570.21  0.981919  0.160395
8580.98  0.947653  0.141874
8591.75  0.917278  0.124031
8602.51  0.890348  0.106758
8613.28  0.866492  0.0899611
8624.05  0.845402  0.0735606
8634.81  0.82682  0.0574854
8645.58  0.810531  0.0416725
8656.35  0.796355  0.026065
8667.11  0.784142  0.010611
8677.88  0.773771  -0.00473818
8688.65  0.765141  -0.0200283
8699.41  0.758174  -0.0353037
8710.18  0.75281  -0.0506075
8720.95  0.749006  -0.065983
8731.71  0.746736  -0.0814739
8742.48  0.74599  -0.0971253
8753.25  0.746774  -0.112985
8764.01  0.749109  -0.129102
8774.78  0.753033  -0.145532
8785.55  0.758602  -0.162334
8796.31  0.765893  -0.179575
8807.08  0.775002  -0.197326
8817.85  0.786051  -0.215674
8828.61  0.799188  -0.234712
8839.38  0.814595  -0.254552
8850.15  0.832491  -0.275323
8860.91  0.853141  -0.297177
8871.68  0.876863  -0.320295
8882.45  0.904038  -0.344896
8893.21  0.93513  -0.371243
8903.98  0.970694  -0.399662
8914.75  1.0114  -0.430558
8925.51  1.05806  -0.464444
8936.28  1.11162  -0.501982
8947.05  1.1732  -0.544047
8957.81  1.2439  -0.591799
8968.58  1.32441  -0.646626
8979.35  1.41447  -0.709188
8990.11  1.5166  -0.778804
9000.88  1.63698  -0.859208
9011.65  1.77444  -0.956178
9022.41  1.92294  -1.07311
9033.18  2.07168  -1.21259
9043.95  2.20163  -1.37569
9054.71  2.28592  -1.55972
9065.48  2.29885  -1.75652
9076.25  2.231  -1.95349
9087.01  2.09669  -2.13799
9097.78  1.92463  -2.30173
9108.54  1.74225  -2.44201
9119.31  1.56754  -2.56005
9130.08  1.40908  -2.65889
9140.84  1.2694  -2.7419
9151.61  1.14784  -2.81214
9162.38  1.0425  -2.8721
9173.14  0.951111  -2.92377
9183.91  0.871519  -2.96867
9194.68  0.801801  -3.00794
9205.44  0.74031  -3.04244
9216.21  0.685655  -3.07274
9226.98  0.636662  -3.09919
9237.74  0.592332  -3.12189
9248.51  0.551807  -3.14062
9259.28  0.514345  3.12843
9270.04  0.479324  3.12025
9280.81  0.446314  3.12055
9291.58  0.415333  3.13401
9302.34  0.387652  -3.11443
9313.11  0.367946  -3.04733
9323.88  0.368198  -2.94811
9334.64  0.40413  -2.87109
9345.41  0.462729  -2.90309
9356.18  0.496532  -3.02117
9366.94  0.493548  -3.13954
9377.71  0.473795  3.05617
9388.48  0.45099  2.99474
9399.24  0.429761  2.95011
9410.01  0.411071  2.91584
9420.78  0.394818  2.88811
9431.54  0.380681  2.86466
9442.31  0.368353  2.84407
9453.08  0.357529  2.82529
9463.84  0.347912  2.8078
9474.61  0.339329  2.79138
9485.38  0.331672  2.7758
9496.14  0.324842  2.76086
9506.91  0.318758  2.74642
9517.68  0.313352  2.73234
9528.44  0.30857  2.71855
9539.21  0.304367  2.70498
9549.98  0.300709  2.69156
9560.74  0.297569  2.67825
9571.51  0.294928  2.665
9582.28  0.292773  2.65176
9593.04  0.291097  2.6385
9603.81  0.289897  2.62516
9614.58  0.289179  2.61173
9625.34  0.288953  2.59813
9636.11  0.289237  2.58433
9646.88  0.290055  2.57027
9657.64  0.291442  2.55587
9668.41  0.293444  2.54108
9679.17  0.296118  2.52578
9689.94  0.299539  2.50987
9700.71  0.303804  2.4932
9711.47  0.309036  2.47559
9722.24  0.315396  2.4568
9733.01  0.323093  2.43654
9743.77  0.332407  2.41436
9754.54  0.343714  2.3897
9765.31  0.357529  2.36173
9776.07  0.374576  2.32926
9786.84  0.395885  2.29047
9797.61  0.42296  2.2425
9808.37  0.458005  2.18068
9819.14  0.504178  2.09695
9829.91  0.56535  1.97682
9840.67  0.642739  1.7942
9851.44  0.71821  1.50909
9862.21  0.719464  1.10474
9872.97  0.586304  0.682827
9883.74  0.408758  0.380721
9894.51  0.268794  0.215951
9905.27  0.17219  0.162931
9916.04  0.106662  0.227474
9926.81  0.064213  0.485321
9937.57  0.0452667  1.05795
9948.34  0.0502652  1.65065
9959.11  0.06574  1.95276
9969.87  0.082668  2.08943
9980.64  0.098827  2.15563
9991.41  0.113919  2.18896
