num_points: 929
frequency_Hz  magnitude  phase_rad
0.1  2.80735e-05  1.66156
10.7666  0.00465246  1.6244
21.5332  0.00962543  1.57598
32.2998  0.014732  1.53698
43.0664  0.0199856  1.50134
53.833  0.0254195  1.46731
64.5996  0.0310778  1.43416
75.3662  0.0370143  1.40148
86.1328  0.0432942  1.36901
96.8994  0.0499964  1.3365
107.666  0.0572169  1.30371
118.433  0.0650733  1.27035
129.199  0.073711  1.23609
139.966  0.0833116  1.20052
150.732  0.094104  1.16312
161.499  0.10638  1.12322
172.266  0.120515  1.07995
183.032  0.136996  1.03215
193.799  0.156461  0.978273
204.565  0.17974  0.916176
215.332  0.207896  0.842891
226.099  0.242223  0.754253
236.865  0.28407  0.644488
247.632  0.334199  0.505975
258.398  0.391047  0.330078
269.165  0.447565  0.111064
279.932  0.489317  -0.145323
290.698  0.501532  -0.415052
301.465  0.483014  -0.665445
312.231  0.446456  -0.875579
322.998  0.405373  -1.04245
333.765  0.367182  -1.17277
344.531  0.334368  -1.27516
355.298  0.307068  -1.3569
366.064  0.284625  -1.42344
376.831  0.266232  -1.47868
387.598  0.251162  -1.5254
398.364  0.238818  -1.56559
409.131  0.228731  -1.60071
419.897  0.220539  -1.63184
430.664  0.213964  -1.65979
441.431  0.208796  -1.68518
452.197  0.204878  -1.7085
462.964  0.202096  -1.73015
473.73  0.200375  -1.75045
484.497  0.199669  -1.76966
495.264  0.199961  -1.78801
506.03  0.201262  -1.80571
516.797  0.203615  -1.82293
527.563  0.207092  -1.83987
538.33  0.211806  -1.8567
549.097  0.217917  -1.8736
559.863  0.225648  -1.89079
570.63  0.235305  -1.90851
581.396  0.247312  -1.92708
592.163  0.262264  -1.94688
602.93  0.281015  -1.96845
613.696  0.30482  -1.99258
624.463  0.335594  -2.02042
635.229  0.376395  -2.05381
645.996  0.432383  -2.09589
656.763  0.512893  -2.15243
667.529  0.636331  -2.2353
678.296  0.842336  -2.37243
689.063  1.21399  -2.64092
699.829  1.72319  3.04964
710.596  1.49844  2.24873
721.362  0.968145  1.80983
732.129  0.664465  1.60783
742.896  0.49363  1.49767
753.662  0.387823  1.42807
764.429  0.316794  1.37936
775.195  0.266162  1.34269
785.962  0.228408  1.31358
796.729  0.199264  1.28951
807.495  0.176146  1.26896
818.262  0.1574  1.25099
829.028  0.141922  1.23495
839.795  0.128948  1.22039
850.562  0.117934  1.20701
861.328  0.10848  1.19457
872.095  0.100289  1.1829
882.861  0.0931319  1.17186
893.628  0.0868332  1.16136
904.395  0.0812535  1.1513
915.161  0.076282  1.14163
925.928  0.0718294  1.13229
936.694  0.0678225  1.12323
947.461  0.0642014  1.11443
958.228  0.0609162  1.10585
968.994  0.057925  1.09747
979.761  0.0551927  1.08925
990.527  0.0526893  1.0812
1001.29  0.0503893  1.07328
1012.06  0.0482707  1.06549
1022.83  0.0463146  1.05781
1033.59  0.0445046  1.05023
1044.36  0.0428263  1.04275
1055.13  0.0412672  1.03535
1065.89  0.0398162  1.02803
1076.66  0.0384636  1.02078
1087.43  0.0372008  1.01359
1098.19  0.0360201  1.00647
1108.96  0.0349148  0.9994
1119.73  0.0338787  0.992382
1130.49  0.0329063  0.985412
1141.26  0.0319929  0.978486
1152.03  0.0311339  0.9716
1162.79  0.0303254  0.964752
1173.56  0.0295637  0.957939
1184.33  0.0288456  0.951158
1195.09  0.0281682  0.944408
1205.86  0.0275287  0.937687
1216.63  0.0269246  0.930992
1227.39  0.0263538  0.924321
1238.16  0.0258141  0.917673
1248.93  0.0253037  0.911047
1259.69  0.0248209  0.904441
1270.46  0.024364  0.897854
1281.23  0.0239316  0.891284
1291.99  0.0235224  0.88473
1302.76  0.0231352  0.878192
1313.53  0.0227687  0.871668
1324.29  0.022422  0.865157
1335.06  0.022094  0.858658
1345.83  0.021784  0.852171
1356.59  0.021491  0.845695
1367.36  0.0212143  0.839228
1378.13  0.0209531  0.832771
1388.89  0.020707  0.826322
1399.66  0.0204751  0.819881
1410.42  0.020257  0.813447
1421.19  0.0200522  0.807019
1431.96  0.0198601  0.800598
1442.72  0.0196804  0.794182
1453.49  0.0195126  0.787771
1464.26  0.0193564  0.781364
1475.02  0.0192114  0.774961
1485.79  0.0190774  0.768561
1496.56  0.0189539  0.762164
1507.32  0.0188409  0.755769
1518.09  0.018738  0.749376
1528.86  0.018645  0.742985
1539.62  0.0185618  0.736595
1550.39  0.0184882  0.730205
1561.16  0.0184241  0.723816
1571.92  0.0183693  0.717426
1582.69  0.0183237  0.711035
1593.46  0.0182873  0.704643
1604.22  0.01826  0.69825
1614.99  0.0182417  0.691854
1625.76  0.0182325  0.685457
1636.52  0.0182323  0.679056
1647.29  0.0182412  0.672651
1658.06  0.0182592  0.666243
1668.82  0.0182863  0.659831
1679.59  0.0183226  0.653414
1690.36  0.0183683  0.646992
1701.12  0.0184234  0.640564
1711.89  0.0184882  0.63413
1722.66  0.0185626  0.627689
1733.42  0.0186471  0.62124
1744.19  0.0187416  0.614784
1754.96  0.0188466  0.608319
1765.72  0.0189623  0.601845
1776.49  0.0190889  0.595361
1787.26  0.0192268  0.588867
1798.02  0.0193764  0.582362
1808.79  0.019538  0.575844
1819.56  0.0197122  0.569314
1830.32  0.0198993  0.562771
1841.09  0.0200999  0.556212
1851.86  0.0203145  0.549639
1862.62  0.0205439  0.543049
1873.39  0.0207886  0.536441
1884.16  0.0210494  0.529814
1894.92  0.0213271  0.523168
1905.69  0.0216226  0.5165
1916.46  0.0219369  0.50981
1927.22  0.0222709  0.503095
1937.99  0.022626  0.496354
1948.75  0.0230033  0.489585
1959.52  0.0234041  0.482786
1970.29  0.0238302  0.475955
1981.05  0.024283  0.46909
1991.82  0.0247645  0.462188
2002.59  0.0252766  0.455246
2013.35  0.0258217  0.448261
2024.12  0.0264023  0.441229
2034.89  0.027021  0.434147
2045.65  0.0276811  0.427011
2056.42  0.0283859  0.419816
2067.19  0.0291393  0.412556
2077.95  0.0299456  0.405225
2088.72  0.0308098  0.397818
2099.49  0.0317372  0.390326
2110.25  0.0327343  0.382742
2121.02  0.0338081  0.375055
2131.79  0.0349668  0.367254
2142.55  0.0362197  0.359327
2153.32  0.0375777  0.35126
2164.09  0.0390533  0.343035
2174.85  0.0406611  0.334634
2185.62  0.0424183  0.326032
2196.39  0.0443452  0.317203
2207.15  0.0464661  0.308114
2217.92  0.0488098  0.298726
2228.69  0.0514114  0.288993
2239.45  0.0543137  0.278858
2250.22  0.0575695  0.268248
2260.99  0.0612447  0.257077
2271.75  0.0654225  0.245232
2282.52  0.0702098  0.232569
2293.29  0.0757455  0.218901
2304.05  0.0822142  0.203979
2314.82  0.0898661  0.187464
2325.59  0.0990484  0.168884
2336.35  0.110257  0.147562
2347.12  0.124225  0.12249
2357.89  0.142077  0.0921065
2368.65  0.165628  0.0538587
2379.42  0.197968  0.00329729
2390.19  0.244739  -0.0680002
2400.95  0.316947  -0.177715
2411.72  0.436341  -0.367625
2422.49  0.627246  -0.740265
2433.25  0.751215  -1.40379
2444.02  0.588421  -2.0134
2454.79  0.414123  -2.33429
2465.55  0.308056  -2.50145
2476.32  0.242955  -2.60072
2487.08  0.20011  -2.6666
2497.85  0.170108  -2.71405
2508.62  0.14805  -2.75037
2519.38  0.131207  -2.77949
2530.15  0.117955  -2.8037
2540.92  0.107275  -2.82441
2551.68  0.0984979  -2.84255
2562.45  0.0911666  -2.85874
2573.22  0.0849589  -2.87343
2583.98  0.0796414  -2.88692
2594.75  0.0750412  -2.89946
2605.52  0.0710274  -2.91122
2616.28  0.0674991  -2.92234
2627.05  0.0643774  -2.93291
2637.82  0.0615997  -2.94304
2648.58  0.0591157  -2.95278
2659.35  0.0568845  -2.96219
2670.12  0.0548727  -2.97132
2680.88  0.0530525  -2.98019
2691.65  0.0514007  -2.98885
2702.42  0.0498978  -2.99733
2713.18  0.0485274  -3.00563
2723.95  0.0472755  -3.01378
2734.72  0.0461298  -3.0218
2745.48  0.0450802  -3.02971
2756.25  0.0441176  -3.03751
2767.02  0.0432342  -3.04521
2777.78  0.0424231  -3.05282
2788.55  0.0416785  -3.06036
2799.32  0.0409951  -3.06783
2810.08  0.0403682  -3.07523
2820.85  0.0397938  -3.08258
2831.62  0.0392683  -3.08987
2842.38  0.0387883  -3.09711
2853.15  0.0383512  -3.10431
2863.92  0.0379543  -3.11147
2874.68  0.0375954  -3.1186
2885.45  0.0372724  -3.12569
2896.22  0.0369837  -3.13275
2906.98  0.0367275  -3.13978
2917.75  0.0365024  3.1364
2928.52  0.0363073  3.12942
2939.28  0.0361409  3.12246
2950.05  0.0360023  3.11552
2960.82  0.0358907  3.1086
2971.58  0.0358052  3.10169
2982.35  0.0357453  3.0948
2993.12  0.0357103  3.08792
3003.88  0.0356999  3.08105
3014.65  0.0357136  3.07419
3025.42  0.0357512  3.06734
3036.18  0.0358124  3.0605
3046.95  0.0358971  3.05367
3057.71  0.0360052  3.04685
3068.48  0.0361367  3.04002
3079.25  0.0362917  3.03321
3090.01  0.0364703  3.02639
3100.78  0.0366727  3.01958
3111.55  0.0368991  3.01277
3122.31  0.0371499  3.00596
3133.08  0.0374255  2.99914
3143.85  0.0377264  2.99233
3154.61  0.038053  2.98552
3165.38  0.038406  2.9787
3176.15  0.0387861  2.97188
3186.91  0.0391939  2.96505
3197.68  0.0396304  2.95822
3208.45  0.0400965  2.95138
3219.21  0.0405931  2.94454
3229.98  0.0411214  2.93769
3240.75  0.0416826  2.93083
3251.51  0.0422779  2.92396
3262.28  0.0429088  2.91708
3273.05  0.0435769  2.91019
3283.81  0.0442837  2.90329
3294.58  0.0450312  2.89637
3305.35  0.0458212  2.88944
3316.11  0.0466558  2.8825
3326.88  0.0475374  2.87554
3337.65  0.0484685  2.86856
3348.41  0.0494516  2.86157
3359.18  0.0504898  2.85455
3369.95  0.0515861  2.84752
3380.71  0.052744  2.84046
3391.48  0.0539672  2.83338
3402.25  0.0552596  2.82628
3413.01  0.0566258  2.81915
3423.78  0.0580703  2.81199
3434.55  0.0595985  2.8048
3445.31  0.061216  2.79758
3456.08  0.0629288  2.79033
3466.85  0.0647439  2.78304
3477.61  0.0666686  2.77571
3488.38  0.0687109  2.76835
3499.15  0.0708798  2.76094
3509.91  0.0731852  2.75348
3520.68  0.0756377  2.74598
3531.45  0.0782493  2.73842
3542.21  0.0810333  2.73081
3552.98  0.0840042  2.72314
3563.75  0.0871784  2.7154
3574.51  0.0905738  2.7076
3585.28  0.0942109  2.69972
3596.04  0.0981121  2.69176
3606.81  0.102303  2.68371
3617.58  0.106812  2.67557
3628.34  0.111671  2.66733
3639.11  0.116918  2.65898
3649.88  0.122593  2.65051
3660.64  0.128744  2.64191
3671.41  0.135425  2.63316
3682.18  0.142699  2.62426
3692.94  0.150637  2.61518
3703.71  0.159323  2.60591
3714.48  0.168854  2.59643
3725.24  0.179344  2.5867
3736.01  0.190928  2.57671
3746.78  0.203764  2.56642
3757.54  0.218042  2.55578
3768.31  0.233991  2.54476
3779.08  0.251888  2.53329
3789.84  0.272071  2.52131
3800.61  0.294958  2.50873
3811.38  0.32107  2.49545
3822.14  0.351064  2.48133
3832.91  0.385782  2.46622
3843.68  0.426313  2.44989
3854.44  0.474098  2.43208
3865.21  0.531071  2.4124
3875.98  0.59989  2.39034
3886.74  0.684296  2.36518
3897.51  0.789712  2.33587
3908.28  0.92426  2.30085
3919.04  1.10059  2.2576
3929.81  1.3393  2.20202
3940.58  1.6755  2.12678
3951.34  2.17144  2.01792
3962.11  2.93444  1.84685
3972.88  4.08136  1.55512
3983.64  5.26225  1.0703
3994.41  5.17373  0.503378
4005.18  4.17305  0.103089
4015.94  3.32188  -0.12953
4026.71  2.75321  -0.271135
4037.48  2.37726  -0.365669
4048.24  2.1226  -0.434209
4059.01  1.94691  -0.487371
4069.78  1.82564  -0.530954
4080.54  1.7443  -0.568393
4091.31  1.69428  -0.601887
4102.08  1.67066  -0.63297
4112.84  1.67103  -0.662818
4123.61  1.69501  -0.692443
4134.38  1.74418  -0.722842
4145.14  1.82229  -0.75514
4155.91  1.93613  -0.790772
4166.67  2.09706  -0.831785
4177.44  2.32412  -0.881375
4188.21  2.6502  -0.945002
4198.97  3.13457  -1.03289
4209.74  3.88711  -1.16626
4220.51  5.08783  -1.39321
4231.27  6.69798  -1.81348
4242.04  6.99556  -2.45171
4252.81  5.24119  -2.97463
4263.57  3.68678  3.02041
4274.34  2.71856  2.85947
4285.11  2.10842  2.75908
4295.87  1.70062  2.69014
4306.64  1.41289  2.63922
4317.41  1.20081  2.59948
4328.17  1.03899  2.56712
4338.94  0.912031  2.53989
4349.71  0.810154  2.51636
4360.47  0.726866  2.49558
4371.24  0.657704  2.47692
4382.01  0.599508  2.45991
4392.77  0.549979  2.44423
4403.54  0.50741  2.42962
4414.31  0.470506  2.41588
4425.07  0.43827  2.40289
4435.84  0.409923  2.3905
4446.61  0.384845  2.37865
4457.37  0.362539  2.36724
4468.14  0.342605  2.35622
4478.91  0.324711  2.34554
4489.67  0.308586  2.33515
4500.44  0.294002  2.32502
4511.21  0.28077  2.31512
4521.97  0.268729  2.30541
4532.74  0.257742  2.29589
4543.51  0.247692  2.28653
4554.27  0.23848  2.2773
4565.04  0.230019  2.26821
4575.81  0.222233  2.25922
4586.57  0.215057  2.25034
4597.34  0.208435  2.24155
4608.11  0.202315  2.23284
4618.87  0.196654  2.2242
4629.64  0.191413  2.21563
4640.41  0.186557  2.20711
4651.17  0.182055  2.19865
4661.94  0.17788  2.19023
4672.71  0.174008  2.18185
4683.47  0.170417  2.1735
4694.24  0.167088  2.16518
4705  0.164003  2.15688
4715.77  0.161145  2.1486
4726.54  0.158502  2.14034
4737.3  0.156061  2.13209
4748.07  0.15381  2.12384
4758.84  0.151738  2.1156
4769.6  0.149837  2.10735
4780.37  0.148098  2.0991
4791.14  0.146515  2.09084
4801.9  0.145079  2.08256
4812.67  0.143786  2.07427
4823.44  0.14263  2.06595
4834.2  0.141606  2.05761
4844.97  0.140711  2.04923
4855.74  0.13994  2.04082
4866.5  0.139291  2.03237
4877.27  0.138761  2.02387
4888.04  0.138349  2.01531
4898.8  0.138051  2.0067
4909.57  0.137868  1.99803
4920.34  0.137799  1.98928
4931.1  0.137842  1.98045
4941.87  0.137998  1.97153
4952.64  0.138268  1.96251
4963.4  0.138652  1.95339
4974.17  0.139151  1.94414
4984.94  0.139767  1.93475
4995.7  0.140503  1.92522
5006.47  0.14136  1.91551
5017.24  0.142341  1.90562
5028  0.143451  1.89552
5038.77  0.144693  1.88518
5049.54  0.146072  1.87457
5060.3  0.147592  1.86365
5071.07  0.14926  1.85238
5081.84  0.151082  1.84071
5092.6  0.153064  1.82856
5103.37  0.155214  1.81587
5114.14  0.15754  1.80254
5124.9  0.160051  1.78843
5135.67  0.162755  1.7734
5146.44  0.165659  1.75723
5157.2  0.168772  1.73966
5167.97  0.172096  1.72032
5178.74  0.175628  1.69869
5189.5  0.179353  1.67405
5200.27  0.183227  1.64533
5211.04  0.187155  1.61089
5221.8  0.190917  1.5681
5232.57  0.194016  1.51254
5243.33  0.195239  1.43637
5254.1  0.191375  1.32537
5264.87  0.173394  1.15735
5275.63  0.12013  0.957077
5286.4  0.0512027  1.63887
5297.17  0.116161  2.30677
5307.93  0.172077  2.19926
5318.7  0.205788  2.08961
5329.47  0.229346  2.00902
5340.23  0.248594  1.94875
5351  0.26619  1.90142
5361.77  0.283487  1.86242
5372.53  0.301285  1.82891
5383.3  0.320151  1.79906
5394.07  0.340557  1.77165
5404.83  0.362964  1.74579
5415.6  0.387863  1.7208
5426.37  0.415824  1.69612
5437.13  0.447536  1.67125
5447.9  0.483861  1.64569
5458.67  0.525906  1.61889
5469.43  0.575125  1.59024
5480.2  0.633471  1.55896
5490.97  0.703625  1.52402
5501.73  0.789354  1.48399
5512.5  0.896088  1.43681
5523.27  1.03182  1.37935
5534.03  1.20855  1.30666
5544.8  1.44415  1.21056
5555.57  1.76326  1.07713
5566.33  2.18796  0.883078
5577.1  2.68285  0.596528
5587.87  3.02388  0.208005
5598.63  2.9148  -0.20543
5609.4  2.48915  -0.536301
5620.17  2.0505  -0.764111
5630.93  1.70411  -0.91837
5641.7  1.44602  -1.02681
5652.47  1.25316  -1.10675
5663.23  1.10621  -1.16833
5674  0.99173  -1.21758
5684.77  0.900681  -1.25824
5695.53  0.826944  -1.29268
5706.3  0.766295  -1.32252
5717.07  0.715753  -1.34884
5727.83  0.673166  -1.37244
5738.6  0.636951  -1.39388
5749.37  0.605919  -1.41359
5760.13  0.579164  -1.43189
5770.9  0.555985  -1.44903
5781.67  0.535829  -1.4652
5792.43  0.518261  -1.48057
5803.2  0.50293  -1.49526
5813.96  0.489553  -1.50937
5824.73  0.4779  -1.52299
5835.5  0.467782  -1.53619
5846.26  0.459045  -1.54904
5857.03  0.451559  -1.56159
5867.8  0.445222  -1.57388
5878.56  0.439946  -1.58596
5889.33  0.435664  -1.59786
5900.1  0.432319  -1.60962
5910.86  0.42987  -1.62127
5921.63  0.428287  -1.63285
5932.4  0.427551  -1.64439
5943.16  0.427656  -1.65594
5953.93  0.428611  -1.66754
5964.7  0.43044  -1.67927
5975.46  0.433192  -1.69125
5986.23  0.436947  -1.70371
5997  0.441828  -1.71711
6007.76  0.447967  -1.73257
6018.53  0.455084  -1.75295
6029.3  0.459539  -1.78277
6040.06  0.453887  -1.80218
6050.83  0.455436  -1.79426
6061.6  0.465661  -1.79352
6072.36  0.477763  -1.80018
6083.13  0.490713  -1.81002
6093.9  0.504646  -1.82138
6104.66  0.519808  -1.83364
6115.43  0.536438  -1.84659
6126.2  0.554779  -1.86014
6136.96  0.575085  -1.87429
6147.73  0.597644  -1.88906
6158.5  0.622786  -1.90454
6169.26  0.650901  -1.9208
6180.03  0.682454  -1.93797
6190.8  0.718012  -1.95619
6201.56  0.758266  -1.97565
6212.33  0.804073  -1.99658
6223.1  0.856507  -2.01927
6233.86  0.916928  -2.04409
6244.63  0.987081  -2.07153
6255.4  1.06923  -2.10223
6266.16  1.16634  -2.13705
6276.93  1.28238  -2.17716
6287.7  1.42267  -2.2242
6298.46  1.59439  -2.2805
6309.23  1.80713  -2.34944
6320  2.07321  -2.43607
6330.76  2.40646  -2.54779
6341.53  2.81563  -2.69522
6352.29  3.28314  -2.8914
6363.06  3.72139  3.13775
6373.83  3.95403  2.83712
6384.59  3.8507  2.53165
6395.36  3.49321  2.26694
6406.13  3.06139  2.06
6416.89  2.66497  1.90401
6427.66  2.33576  1.78591
6438.43  2.07115  1.69447
6449.19  1.85964  1.62171
6459.96  1.68972  1.56222
6470.73  1.55205  1.51234
6481.49  1.43955  1.46955
6492.26  1.34692  1.43209
6503.03  1.27024  1.39869
6513.79  1.20657  1.36841
6524.56  1.15371  1.34054
6535.33  1.11001  1.31452
6546.09  1.07421  1.28991
6556.86  1.04538  1.2663
6567.63  1.02284  1.24336
6578.39  1.00608  1.22072
6589.16  0.994663  1.198
6599.93  0.98805  1.17494
6610.69  0.98582  1.15203
6621.46  0.989117  1.12997
6632.23  0.999434  1.10756
6642.99  1.01701  1.08356
6653.76  1.04234  1.05746
6664.53  1.07661  1.02877
6675.29  1.12172  0.996744
6686.06  1.18041  0.960246
6696.83  1.25666  0.917596
6707.59  1.35624  0.866243
6718.36  1.48772  0.802177
6729.13  1.66369  0.718839
6739.89  1.9016  0.605079
6750.66  2.21926  0.441696
6761.43  2.60401  0.198356
6772.19  2.91117  -0.153141
6782.96  2.83356  -0.576609
6793.73  2.36185  -0.95352
6804.49  1.8349  -1.22143
6815.26  1.4198  -1.40009
6826.03  1.11869  -1.52197
6836.79  0.90015  -1.60891
6847.56  0.737857  -1.67367
6858.33  0.614083  -1.72367
6869.09  0.5173  -1.76337
6879.86  0.439936  -1.79555
6890.63  0.376895  -1.82198
6901.39  0.32466  -1.84382
6912.16  0.280743  -1.86182
6922.92  0.243338  -1.87643
6933.69  0.21111  -1.88788
6944.46  0.183052  -1.8962
6955.22  0.158391  -1.90123
6965.99  0.136529  -1.90254
6976.76  0.116993  -1.89941
6987.52  0.0994091  -1.89063
6998.29  0.0834838  -1.87418
7009.06  0.0689899  -1.84668
7019.82  0.0557674  -1.80208
7030.59  0.0437419  -1.72886
7041.36  0.0329904  -1.6032
7052.12  0.0239495  -1.37346
7062.89  0.0179659  -0.950827
7073.66  0.0173706  -0.370647
7084.42  0.022043  0.0721424
7095.19  0.0293022  0.315513
7105.96  0.0375509  0.448541
7116.72  0.0462216  0.526366
7127.49  0.0551318  0.574482
7138.26  0.0642383  0.605161
7149.02  0.073556  0.624822
7159.79  0.0831281  0.637084
7170.56  0.093015  0.644115
7181.32  0.10329  0.647282
7192.09  0.114041  0.647475
7202.86  0.125365  0.645288
7213.62  0.137377  0.641122
7224.39  0.150214  0.635247
7235.16  0.164031  0.627834
7245.92  0.179016  0.618981
7256.69  0.195398  0.608723
7267.46  0.21345  0.597039
7278.22  0.233516  0.583853
7288.99  0.256022  0.569026
7299.76  0.281512  0.552345
7310.52  0.310689  0.533508
7321.29  0.344476  0.512087
7332.06  0.384112  0.487485
7342.82  0.431285  0.458853
7353.59  0.48836  0.424973
7364.36  0.558719  0.384039
7375.12  0.647316  0.333305
7385.89  0.761542  0.268431
7396.66  0.912461  0.182302
7407.42  1.1158  0.0628757
7418.19  1.38861  -0.110174
7428.96  1.72383  -0.366871
7439.72  2.01111  -0.727428
7450.49  2.03277  -1.14042
7461.25  1.78811  -1.49394
7472.02  1.48721  -1.74363
7482.79  1.23729  -1.91216
7493.55  1.04848  -2.02905
7504.32  0.907046  -2.11391
7515.09  0.799372  -2.1783
7525.85  0.7156  -2.2291
7536.62  0.649029  -2.2705
7547.39  0.595116  -2.30519
7558.15  0.550729  -2.33493
7568.92  0.513665  -2.36093
7579.69  0.482339  -2.38405
7590.45  0.455588  -2.40488
7601.22  0.432542  -2.4239
7611.99  0.412539  -2.44144
7622.75  0.395065  -2.45776
7633.52  0.379719  -2.47308
7644.29  0.366182  -2.48756
7655.05  0.354197  -2.50131
7665.82  0.343557  -2.51446
7676.59  0.334091  -2.52708
7687.35  0.325659  -2.53925
7698.12  0.318145  -2.55102
7708.89  0.31145  -2.56245
7719.65  0.305492  -2.57358
7730.42  0.300204  -2.58445
7741.19  0.295524  -2.59508
7751.95  0.291405  -2.6055
7762.72  0.287804  -2.61574
7773.49  0.284685  -2.62581
7784.25  0.282017  -2.63574
7795.02  0.279774  -2.64554
7805.79  0.277936  -2.65522
7816.55  0.276483  -2.6648
7827.32  0.275402  -2.67428
7838.09  0.274681  -2.68369
7848.85  0.274311  -2.69302
7859.62  0.274286  -2.70228
7870.39  0.274601  -2.71149
7881.15  0.275255  -2.72065
7891.92  0.27625  -2.72977
7902.69  0.277588  -2.73885
7913.45  0.279274  -2.74791
7924.22  0.281318  -2.75694
7934.99  0.283728  -2.76597
7945.75  0.28652  -2.77499
7956.52  0.28971  -2.78402
7967.29  0.293319  -2.79309
7978.05  0.29737  -2.8022
7988.82  0.301892  -2.81139
7999.58  0.306919  -2.82072
8010.35  0.312485  -2.83027
8021.12  0.318619  -2.84016
8031.88  0.325324  -2.8506
8042.65  0.332516  -2.86178
8053.42  0.339973  -2.8735
8064.18  0.347548  -2.88442
8074.95  0.355769  -2.8931
8085.72  0.365417  -2.90039
8096.48  0.376645  -2.90793
8107.25  0.389336  -2.91632
8118.02  0.403472  -2.92559
8128.78  0.419152  -2.93569
8139.55  0.436549  -2.94665
8150.32  0.455885  -2.95856
8161.08  0.477414  -2.97159
8171.85  0.501425  -2.98595
8182.62  0.528238  -3.00187
8193.38  0.558201  -3.01964
8204.15  0.591676  -3.03953
8214.92  0.629065  -3.06172
8225.68  0.670845  -3.08636
8236.45  0.717617  -3.11351
8247.22  0.770185  3.13997
8257.98  0.829656  3.10766
8268.75  0.897567  3.07258
8279.52  0.97604  3.03436
8290.28  1.06797  2.99229
8301.05  1.17732  2.94522
8311.82  1.30947  2.8914
8322.58  1.47178  2.82814
8333.35  1.67419  2.75143
8344.12  1.92946  2.6552
8354.88  2.25144  2.53026
8365.65  2.6458  2.36343
8376.42  3.08087  2.13926
8387.18  3.43571  1.85116
8397.95  3.51881  1.52422
8408.72  3.27551  1.21483
8419.48  2.86713  0.964372
8430.25  2.45748  0.776732
8441.02  2.11094  0.637968
8451.78  1.8336  0.53346
8462.55  1.61401  0.452477
8473.32  1.43906  0.387841
8484.08  1.298  0.334818
8494.85  1.18272  0.29025
8505.62  1.08728  0.25198
8516.38  1.00732  0.218503
8527.15  0.939613  0.188739
8537.92  0.881736  0.1619
8548.68  0.831854  0.137394
8559.45  0.788553  0.114776
8570.21  0.750731  0.0936958
8580.98  0.717519  0.0738826
8591.75  0.68822  0.0551188
8602.51  0.662277  0.0372287
8613.28  0.639233  0.0200689
8624.05  0.618714  0.00352071
8634.81  0.600411  -0.0125152
8645.58  0.584067  -0.0281229
8656.35  0.569465  -0.0433742
8667.11  0.556424  -0.0583309
8677.88  0.544789  -0.073047
8688.65  0.534429  -0.0875692
8699.41  0.525233  -0.101938
8710.18  0.517104  -0.116188
8720.95  0.509962  -0.130342
8731.71  0.503745  -0.144413
8742.48  0.498425  -0.158418
8753.25  0.493992  -0.172505
8764.01  0.490321  -0.186857
8774.78  0.487302  -0.201347
8785.55  0.484946  -0.2159
8796.31  0.483254  -0.230556
8807.08  0.482213  -0.245367
8817.85  0.481807  -0.260375
8828.61  0.482021  -0.275618
8839.38  0.482846  -0.291138
8850.15  0.484274  -0.306974
8860.91  0.486299  -0.323171
8871.68  0.48892  -0.339774
8882.45  0.492135  -0.356838
8893.21  0.495944  -0.374419
8903.98  0.500348  -0.392582
8914.75  0.505349  -0.411402
8925.51  0.510944  -0.430961
8936.28  0.517129  -0.451355
8947.05  0.523895  -0.472695
8957.81  0.531222  -0.495108
8968.58  0.53908  -0.518743
8979.35  0.547416  -0.543774
8990.11  0.556149  -0.570402
9000.88  0.565155  -0.598867
9011.65  0.574247  -0.629445
9022.41  0.583142  -0.662454
9033.18  0.591423  -0.698253
9043.95  0.598467  -0.737218
9054.71  0.603353  -0.779699
9065.48  0.604728  -0.825889
9076.25  0.600635  -0.875534
9087.01  0.588345  -0.92726
9097.78  0.564366  -0.977047
9108.54  0.525135  -1.01477
9119.31  0.469748  -1.01683
9130.08  0.407427  -0.935136
9140.84  0.370556  -0.715191
9151.61  0.406635  -0.43097
9162.38  0.519227  -0.26317
9173.14  0.670563  -0.229253
9183.91  0.832914  -0.267781
9194.68  0.996124  -0.338429
9205.44  1.15956  -0.423072
9216.21  1.32644  -0.514935
9226.98  1.50098  -0.612494
9237.74  1.68708  -0.716683
9248.51  1.8873  -0.829659
9259.28  2.10151  -0.954169
9270.04  2.32491  -1.09301
9280.81  2.54536  -1.24824
9291.58  2.74173  -1.42001
9302.34  2.88624  -1.60524
9313.11  2.95368  -1.79702
9323.88  2.9341  -1.98592
9334.64  2.83874  -2.16297
9345.41  2.69197  -2.3224
9356.18  2.51998  -2.46178
9366.94  2.34299  -2.58159
9377.71  2.17313  -2.68371
9388.48  2.01623  -2.77033
9399.24  1.87426  -2.84333
9410.01  1.74732  -2.9038
9420.78  1.63547  -2.95175
9431.54  1.54111  -2.98598
9442.31  1.47274  -3.00636
9453.08  1.44336  -3.023
9463.84  1.44256  -3.05976
9474.61  1.42913  -3.11888
9485.38  1.39187  3.10435
9496.14  1.34559  3.05352
9506.91  1.30054  3.01116
9517.68  1.26016  2.97483
9528.44  1.22504  2.94262
9539.21  1.19492  2.91332
9549.98  1.1693  2.88616
9560.74  1.14775  2.86063
9571.51  1.12987  2.83636
9582.28  1.11535  2.8131
9593.04  1.10394  2.79065
9603.81  1.09544  2.76884
9614.58  1.08972  2.74755
9625.34  1.08667  2.72666
9636.11  1.08623  2.70609
9646.88  1.08838  2.68573
9657.64  1.09312  2.66551
9668.41  1.10049  2.64535
9679.17  1.11056  2.62517
9689.94  1.12346  2.60489
9700.71  1.13931  2.58443
9711.47  1.15832  2.56371
9722.24  1.18072  2.54264
9733.01  1.2068  2.52111
9743.77  1.23693  2.49901
9754.54  1.27154  2.47623
9765.31  1.31117  2.45261
9776.07  1.35646  2.42799
9786.84  1.40822  2.40216
9797.61  1.46741  2.37488
9808.37  1.53524  2.34586
9819.14  1.61321  2.31474
9829.91  1.70319  2.28106
9840.67  1.80757  2.24424
9851.44  1.92936  2.20352
9862.21  2.07244  2.15792
9872.97  2.24182  2.10611
9883.74  2.44392  2.04626
9894.51  2.68692  1.97584
9905.27  2.98075  1.89127
9916.04  3.33612  1.78742
9926.81  3.76041  1.65704
9937.57  4.24539  1.49042
9948.34  4.73868  1.27676
9959.11  5.10292  1.01036
9969.87  5.13084  0.703278
9980.64  4.71062  0.391003
9991.41  3.95976  0.114443
