0	nan	-nan(ind)
10.7666	0.00426035	1.67124
21.5332	0.00902799	1.62065
32.2998	0.0139933	1.57885
43.0664	0.0191446	1.54078
53.833	0.0245055	1.50464
64.5996	0.0301153	1.46958
75.3662	0.0360257	1.4351
86.1328	0.0423013	1.40087
96.8994	0.0490211	1.36661
107.666	0.0562826	1.33203
118.433	0.0642061	1.29682
129.199	0.072941	1.26061
139.966	0.0826745	1.22295
150.732	0.0936437	1.18326
161.499	0.106151	1.14082
172.266	0.120587	1.09467
183.032	0.137457	1.04355
193.799	0.157419	0.985734
204.565	0.181322	0.918876
215.332	0.21023	0.839707
226.099	0.245377	0.743692
236.865	0.287886	0.624662
247.632	0.337901	0.474862
258.398	0.392564	0.286514
269.165	0.443107	0.0569699
279.932	0.475092	-0.202746
290.698	0.477832	-0.465452
301.465	0.454786	-0.701885
312.231	0.418792	-0.897348
322.998	0.380808	-1.05235
333.765	0.346242	-1.17417
344.531	0.316711	-1.27076
355.298	0.292135	-1.34864
366.064	0.271879	-1.41264
376.831	0.255233	-1.46623
387.598	0.241562	-1.51192
398.364	0.230348	-1.55151
409.131	0.221185	-1.58633
419.897	0.213755	-1.61738
430.664	0.207815	-1.64541
441.431	0.203183	-1.67101
452.197	0.199723	-1.69464
462.964	0.197336	-1.71667
473.73	0.195958	-1.73742
484.497	0.195555	-1.75715
495.264	0.196117	-1.77607
506.03	0.197664	-1.79439
516.797	0.200242	-1.81231
527.563	0.203933	-1.83
538.33	0.208853	-1.84764
549.097	0.21517	-1.86545
559.863	0.223113	-1.88365
570.63	0.233	-1.90252
581.396	0.245266	-1.92238
592.163	0.260528	-1.9437
602.93	0.279664	-1.96708
613.696	0.303975	-1.99342
624.463	0.335446	-2.02404
635.229	0.377254	-2.0611
645.996	0.434766	-2.10825
656.763	0.517678	-2.17229
667.529	0.6449	-2.26723
678.296	0.855495	-2.42594
689.062	1.21607	-2.73472
699.829	1.59173	2.92591
710.596	1.3086	2.21262
721.362	0.874586	1.82398
732.129	0.61673	1.63272
742.896	0.465538	1.52383
753.662	0.369418	1.45334
764.429	0.303799	1.40326
775.195	0.256485	1.36522
785.962	0.220913	1.33482
796.729	0.193284	1.30959
807.495	0.171261	1.28801
818.262	0.153335	1.26909
829.028	0.138488	1.25219
839.795	0.12601	1.23685
850.562	0.115394	1.22274
861.328	0.106265	1.20963
872.095	0.0983423	1.19733
882.861	0.0914101	1.1857
893.628	0.0853014	1.17463
904.395	0.0798839	1.16404
915.161	0.0750522	1.15386
925.928	0.0707208	1.14404
936.694	0.0668199	1.13451
947.461	0.0632919	1.12526
958.228	0.060089	1.11624
968.994	0.0571711	1.10742
979.761	0.0545041	1.0988
990.527	0.0520593	1.09033
1001.29	0.0498121	1.08202
1012.06	0.0477413	1.07384
1022.83	0.0458286	1.06578
1033.59	0.044058	1.05782
1044.36	0.0424158	1.04997
1055.13	0.0408897	1.04221
1065.89	0.039469	1.03453
1076.66	0.0381444	1.02692
1087.43	0.0369075	1.01938
1098.19	0.0357508	1.01191
1108.96	0.0346677	1.00449
1119.73	0.0336523	0.997131
1130.49	0.0326993	0.989818
1141.26	0.031804	0.982551
1152.03	0.0309619	0.975326
1162.79	0.0301694	0.968141
1173.56	0.0294227	0.960991
1184.33	0.0287188	0.953875
1195.09	0.0280548	0.94679
1205.86	0.027428	0.939734
1216.63	0.026836	0.932704
1227.39	0.0262767	0.925699
1238.16	0.0257479	0.918717
1248.93	0.025248	0.911756
1259.69	0.0247752	0.904814
1270.46	0.024328	0.897891
1281.23	0.0239049	0.890984
1291.99	0.0235046	0.884093
1302.76	0.023126	0.877215
1313.53	0.0227679	0.870351
1324.29	0.0224293	0.863498
1335.06	0.0221093	0.856657
1345.83	0.0218069	0.849825
1356.59	0.0215214	0.843001
1367.36	0.0212521	0.836186
1378.12	0.0209982	0.829378
1388.89	0.0207591	0.822576
1399.66	0.0205342	0.815779
1410.42	0.020323	0.808987
1421.19	0.020125	0.802199
1431.96	0.0199397	0.795413
1442.72	0.0197667	0.788631
1453.49	0.0196056	0.78185
1464.26	0.0194561	0.775069
1475.02	0.0193178	0.76829
1485.79	0.0191904	0.761509
1496.56	0.0190737	0.754728
1507.32	0.0189674	0.747945
1518.09	0.0188713	0.74116
1528.86	0.0187852	0.734372
1539.62	0.0187089	0.727581
1550.39	0.0186423	0.720785
1561.16	0.0185853	0.713984
1571.92	0.0185377	0.707178
1582.69	0.0184995	0.700365
1593.46	0.0184706	0.693546
1604.22	0.018451	0.686719
1614.99	0.0184406	0.679884
1625.76	0.0184394	0.67304
1636.52	0.0184474	0.666187
1647.29	0.0184648	0.659323
1658.06	0.0184915	0.652448
1668.82	0.0185276	0.645561
1679.59	0.0185732	0.638661
1690.36	0.0186284	0.631747
1701.12	0.0186935	0.624819
1711.89	0.0187684	0.617876
1722.66	0.0188535	0.610916
1733.42	0.018949	0.603938
1744.19	0.019055	0.596942
1754.96	0.0191719	0.589927
1765.72	0.0193	0.582891
1776.49	0.0194396	0.575832
1787.26	0.0195911	0.568751
1798.02	0.0197548	0.561645
1808.79	0.0199313	0.554512
1819.56	0.0201209	0.547352
1830.32	0.0203243	0.540162
1841.09	0.0205421	0.532941
1851.86	0.0207747	0.525687
1862.62	0.021023	0.518398
1873.39	0.0212878	0.511072
1884.16	0.0215697	0.503705
1894.92	0.0218697	0.496297
1905.69	0.0221889	0.488844
1916.46	0.0225282	0.481342
1927.22	0.0228889	0.47379
1937.99	0.0232722	0.466182
1948.75	0.0236796	0.458517
1959.52	0.0241126	0.450789
1970.29	0.0245729	0.442993
1981.05	0.0250624	0.435126
1991.82	0.0255831	0.427181
2002.59	0.0261374	0.419153
2013.35	0.0267279	0.411035
2024.12	0.0273573	0.402819
2034.89	0.0280287	0.394497
2045.65	0.0287458	0.386061
2056.42	0.0295124	0.377501
2067.19	0.0303329	0.368804
2077.95	0.0312124	0.359959
2088.72	0.0321564	0.35095
2099.49	0.0331714	0.341762
2110.25	0.0342645	0.332376
2121.02	0.035444	0.322772
2131.79	0.0367196	0.312923
2142.55	0.0381021	0.302804
2153.32	0.0396043	0.292381
2164.09	0.041241	0.281617
2174.85	0.0430296	0.270467
2185.62	0.0449907	0.258879
2196.39	0.0471484	0.24679
2207.15	0.0495321	0.234127
2217.92	0.0521768	0.220799
2228.69	0.0551254	0.206696
2239.45	0.0584302	0.191682
2250.22	0.0621565	0.17559
2260.99	0.0663861	0.158206
2271.75	0.071223	0.139258
2282.52	0.0768013	0.118393
2293.29	0.0832966	0.0951461
2304.05	0.0909424	0.0688881
2314.82	0.100056	0.0387556
2325.59	0.111074	0.00353014
2336.35	0.124616	-0.0385555
2347.12	0.141569	-0.0901464
2357.89	0.163228	-0.155338
2368.65	0.191462	-0.24069
2379.42	0.228799	-0.356985
2390.19	0.277729	-0.521803
2400.95	0.33666	-0.760356
2411.72	0.388337	-1.09113
2422.49	0.397237	-1.47915
2433.25	0.356097	-1.83039
2444.02	0.298564	-2.09093
2454.79	0.247913	-2.27132
2465.55	0.208623	-2.3976
2476.32	0.178841	-2.48938
2487.08	0.156049	-2.55883
2497.85	0.138275	-2.61337
2508.62	0.124136	-2.65756
2519.38	0.112677	-2.69436
2530.15	0.103236	-2.72569
2540.92	0.0953439	-2.75291
2551.68	0.088663	-2.77693
2562.45	0.0829451	-2.79844
2573.22	0.0780044	-2.81794
2583.98	0.0736992	-2.83581
2594.75	0.0699202	-2.85234
2605.52	0.0665815	-2.86775
2616.28	0.0636147	-2.88222
2627.05	0.0609652	-2.89589
2637.82	0.0585883	-2.90888
2648.58	0.0564475	-2.92129
2659.35	0.0545126	-2.93319
2670.12	0.0527584	-2.94465
2680.88	0.0511638	-2.95571
2691.65	0.0497107	-2.96644
2702.42	0.048384	-2.97686
2713.18	0.0471706	-2.98702
2723.95	0.0460593	-2.99693
2734.72	0.0450404	-3.00663
2745.48	0.0441054	-3.01614
2756.25	0.043247	-3.02547
2767.02	0.0424588	-3.03464
2777.78	0.0417352	-3.04368
2788.55	0.041071	-3.05259
2799.32	0.040462	-3.06138
2810.08	0.0399043	-3.07006
2820.85	0.0393944	-3.07865
2831.62	0.0389292	-3.08714
2842.38	0.038506	-3.09556
2853.15	0.0381225	-3.10391
2863.92	0.0377764	-3.11218
2874.68	0.0374657	-3.1204
2885.45	0.0371889	-3.12856
2896.22	0.0369443	-3.13667
2906.98	0.0367306	3.13846
2917.75	0.0365466	3.13044
2928.52	0.0363912	3.12246
2939.28	0.0362635	3.11452
2950.05	0.0361626	3.1066
2960.82	0.036088	3.09872
2971.58	0.0360389	3.09087
2982.35	0.0360148	3.08303
2993.12	0.0360154	3.07522
3003.88	0.0360402	3.06743
3014.65	0.036089	3.05966
3025.42	0.0361617	3.0519
3036.18	0.036258	3.04415
3046.95	0.0363781	3.03641
3057.71	0.0365218	3.02868
3068.48	0.0366894	3.02096
3079.25	0.0368808	3.01324
3090.01	0.0370965	3.00552
3100.78	0.0373366	2.99781
3111.55	0.0376016	2.9901
3122.31	0.0378919	2.98238
3133.08	0.0382079	2.97466
3143.85	0.0385502	2.96694
3154.61	0.0389196	2.95921
3165.38	0.0393166	2.95148
3176.15	0.0397421	2.94373
3186.91	0.0401971	2.93597
3197.68	0.0406824	2.9282
3208.45	0.0411991	2.92042
3219.21	0.0417484	2.91262
3229.98	0.0423315	2.9048
3240.75	0.0429498	2.89697
3251.51	0.0436049	2.88911
3262.28	0.0442982	2.88123
3273.05	0.0450316	2.87333
3283.81	0.045807	2.8654
3294.58	0.0466264	2.85745
3305.35	0.047492	2.84946
3316.11	0.0484062	2.84145
3326.88	0.0493717	2.8334
3337.65	0.0503911	2.82531
3348.41	0.0514677	2.81719
3359.18	0.0526046	2.80902
3369.95	0.0538055	2.80081
3380.71	0.0550743	2.79256
3391.48	0.0564151	2.78425
3402.25	0.0578326	2.7759
3413.01	0.0593318	2.76749
3423.78	0.060918	2.75902
3434.55	0.0625974	2.75048
3445.31	0.0643763	2.74188
3456.08	0.0662619	2.73321
3466.85	0.0682619	2.72447
3477.61	0.0703849	2.71564
3488.38	0.0726403	2.70673
3499.15	0.0750384	2.69773
3509.91	0.0775906	2.68863
3520.68	0.0803094	2.67943
3531.45	0.083209	2.67011
3542.21	0.0863046	2.66067
3552.98	0.0896135	2.65111
3563.75	0.0931549	2.64141
3574.51	0.0969501	2.63156
3585.28	0.101023	2.62155
3596.04	0.105401	2.61136
3606.81	0.110114	2.60099
3617.58	0.115196	2.59041
3628.34	0.120686	2.57961
3639.11	0.126629	2.56857
3649.88	0.133074	2.55727
3660.64	0.140079	2.54567
3671.41	0.14771	2.53376
3682.18	0.156044	2.52149
3692.94	0.16517	2.50883
3703.71	0.175191	2.49574
3714.48	0.186227	2.48216
3725.24	0.198422	2.46803
3736.01	0.211945	2.4533
3746.78	0.226996	2.43786
3757.54	0.243818	2.42164
3768.31	0.262704	2.4045
3779.08	0.284009	2.38632
3789.84	0.308172	2.3669
3800.61	0.335738	2.34605
3811.38	0.367388	2.3235
3822.14	0.403987	2.29891
3832.91	0.446644	2.27185
3843.68	0.496799	2.24175
3854.44	0.556347	2.20788
3865.21	0.627814	2.16923
3875.98	0.714611	2.12442
3886.74	0.821393	2.07152
3897.51	0.954529	2.00776
3908.28	1.12263	1.92908
3919.04	1.33676	1.8295
3929.81	1.60887	1.70036
3940.58	1.94437	1.52997
3951.34	2.32053	1.30633
3962.11	2.65266	1.02776
3972.88	2.81078	0.719367
3983.64	2.74637	0.428
3994.41	2.54594	0.18696
4005.18	2.31587	0.000449567
4015.94	2.11035	-0.142272
4026.71	1.94405	-0.253548
4037.48	1.81578	-0.343012
4048.24	1.72024	-0.417442
4059.01	1.65219	-0.481524
4069.78	1.60758	-0.538569
4080.54	1.58367	-0.591019
4091.31	1.57894	-0.640796
4102.08	1.59295	-0.689538
4112.84	1.6264	-0.738798
4123.61	1.68118	-0.790213
4134.38	1.76061	-0.845702
4145.14	1.86985	-0.907739
4155.91	2.01646	-0.97975
4166.67	2.21101	-1.06676
4177.44	2.46684	-1.17641
4188.21	2.79601	-1.32043
4198.97	3.19183	-1.51564
4209.74	3.57951	-1.7798
4220.51	3.76127	-2.11129
4231.27	3.55216	-2.46187
4242.04	3.05756	-2.7648
4252.81	2.52333	-2.99414
4263.57	2.07293	3.12236
4274.34	1.72234	2.99982
4285.11	1.4536	2.90697
4295.87	1.24596	2.83424
4306.64	1.08301	2.77549
4317.41	0.952963	2.72674
4328.17	0.847479	2.68534
4338.94	0.760654	2.64947
4349.71	0.688243	2.61788
4360.47	0.627147	2.58965
4371.24	0.575066	2.5641
4382.01	0.530262	2.54074
4392.77	0.491405	2.51917
4403.54	0.457461	2.4991
4414.31	0.427615	2.48028
4425.07	0.401221	2.46253
4435.84	0.377755	2.4457
4446.61	0.356794	2.42965
4457.37	0.33799	2.41429
4468.14	0.321054	2.39953
4478.91	0.305748	2.38529
4489.67	0.291868	2.3715
4500.44	0.279246	2.35813
4511.21	0.267737	2.34512
4521.97	0.257217	2.33243
4532.74	0.24758	2.32003
4543.51	0.238734	2.30789
4554.27	0.2306	2.29597
4565.04	0.223109	2.28426
4575.81	0.2162	2.27274
4586.57	0.20982	2.26138
4597.34	0.203923	2.25017
4608.11	0.198468	2.23909
4618.87	0.193417	2.22813
4629.64	0.188739	2.21727
4640.41	0.184405	2.2065
4651.17	0.180389	2.19582
4661.94	0.176668	2.1852
4672.71	0.173222	2.17465
4683.47	0.170033	2.16415
4694.24	0.167084	2.15368
4705	0.16436	2.14326
4715.77	0.161849	2.13285
4726.54	0.159537	2.12246
4737.3	0.157416	2.11208
4748.07	0.155474	2.10171
4758.84	0.153704	2.09132
4769.6	0.152097	2.08092
4780.37	0.150648	2.0705
4791.14	0.14935	2.06004
4801.9	0.148197	2.04955
4812.67	0.147186	2.03901
4823.44	0.146311	2.02841
4834.2	0.145571	2.01775
4844.97	0.144961	2.00701
4855.74	0.14448	1.99619
4866.5	0.144125	1.98527
4877.27	0.143896	1.97424
4888.04	0.143792	1.96309
4898.8	0.143812	1.95181
4909.57	0.143957	1.94037
4920.34	0.144227	1.92877
4931.1	0.144624	1.91698
4941.87	0.145149	1.90498
4952.64	0.145804	1.89276
4963.4	0.146594	1.88028
4974.17	0.14752	1.86751
4984.94	0.148587	1.85443
4995.7	0.1498	1.841
5006.47	0.151165	1.82716
5017.24	0.152687	1.81288
5028	0.154375	1.79809
5038.77	0.156236	1.78272
5049.54	0.158279	1.76669
5060.3	0.160515	1.7499
5071.07	0.162955	1.73224
5081.84	0.165612	1.71355
5092.6	0.168498	1.69368
5103.37	0.171628	1.67238
5114.14	0.175016	1.6494
5124.9	0.178675	1.62438
5135.67	0.182617	1.59686
5146.44	0.186845	1.56625
5157.2	0.19135	1.53176
5167.97	0.196094	1.49232
5178.74	0.200988	1.44644
5189.5	0.205839	1.39207
5200.27	0.210256	1.32629
5211.04	0.21345	1.24503
5221.8	0.213871	1.14287
5232.57	0.208599	1.01372
5243.33	0.192789	0.854852
5254.1	0.160854	0.680644
5264.87	0.112436	0.559738
5275.63	0.0621081	0.742638
5286.4	0.0520428	1.60586
5297.17	0.0853622	1.99693
5307.93	0.121173	2.04159
5318.7	0.152305	2.01261
5329.47	0.179424	1.96796
5340.23	0.203915	1.92173
5351	0.226955	1.87748
5361.77	0.249463	1.83577
5372.53	0.27217	1.79631
5383.3	0.295695	1.75853
5394.07	0.320611	1.7218
5404.83	0.347485	1.68552
5415.6	0.376927	1.64907
5426.37	0.409627	1.61182
5437.13	0.446398	1.57308
5447.9	0.488235	1.53208
5458.67	0.536374	1.48788
5469.43	0.592378	1.43932
5480.2	0.658239	1.38488
5490.97	0.736489	1.32255
5501.73	0.830268	1.24961
5512.5	0.943244	1.16229
5523.27	1.079	1.05548
5534.03	1.23904	0.922512
5544.8	1.41798	0.755756
5555.57	1.59483	0.549556
5566.33	1.72709	0.306838
5577.1	1.76731	0.0458141
5587.87	1.70367	-0.204726
5598.63	1.57125	-0.42213
5609.4	1.41639	-0.59931
5620.17	1.26839	-0.740191
5630.93	1.13871	-0.852245
5641.7	1.02908	-0.942531
5652.47	0.93752	-1.0166
5663.23	0.861131	-1.07852
5674	0.797133	-1.13124
5684.77	0.743183	-1.1769
5695.53	0.697397	-1.21705
5706.3	0.658282	-1.25284
5717.07	0.624668	-1.28513
5727.83	0.595629	-1.31458
5738.6	0.570432	-1.3417
5749.37	0.548493	-1.36689
5760.13	0.529343	-1.39048
5770.9	0.512601	-1.41271
5781.67	0.497958	-1.4338
5792.43	0.485161	-1.45392
5803.2	0.474003	-1.47322
5813.96	0.46431	-1.49181
5824.73	0.45594	-1.5098
5835.5	0.448776	-1.52728
5846.26	0.44272	-1.54433
5857.03	0.437692	-1.56101
5867.8	0.433626	-1.5774
5878.56	0.43047	-1.59355
5889.33	0.428183	-1.60951
5900.1	0.426734	-1.62534
5910.86	0.426103	-1.6411
5921.63	0.426276	-1.65684
5932.4	0.427252	-1.67265
5943.16	0.429035	-1.68859
5953.93	0.431635	-1.70481
5964.7	0.435063	-1.72146
5975.46	0.439309	-1.73882
5986.23	0.444288	-1.75728
5997	0.449701	-1.77728
6007.76	0.454832	-1.79863
6018.53	0.458956	-1.81878
6029.3	0.46321	-1.83388
6040.06	0.469979	-1.84522
6050.83	0.479607	-1.85699
6061.6	0.49129	-1.87072
6072.36	0.504547	-1.88626
6083.13	0.519266	-1.90321
6093.9	0.535519	-1.92133
6104.66	0.553461	-1.94051
6115.43	0.573292	-1.96074
6126.2	0.59525	-1.98207
6136.96	0.619615	-2.00459
6147.73	0.646716	-2.02845
6158.5	0.676937	-2.05383
6169.26	0.710734	-2.08094
6180.03	0.748648	-2.11007
6190.8	0.791322	-2.14157
6201.56	0.839523	-2.17586
6212.33	0.894166	-2.21345
6223.1	0.956337	-2.25502
6233.86	1.02731	-2.30136
6244.63	1.10856	-2.35353
6255.4	1.2017	-2.4128
6266.16	1.30837	-2.48079
6276.93	1.42996	-2.55951
6287.7	1.56693	-2.65132
6298.46	1.7177	-2.75885
6309.23	1.87681	-2.88461
6320	2.03276	-3.03016
6330.76	2.16695	3.08842
6341.53	2.25673	2.90916
6352.29	2.28417	2.72357
6363.06	2.24576	2.54197
6373.83	2.1543	2.37331
6384.59	2.03098	2.22287
6395.36	1.8957	2.09202
6406.13	1.76229	1.97956
6416.89	1.63834	1.88308
6427.66	1.52703	1.79991
6438.43	1.42902	1.7276
6449.19	1.34366	1.66403
6459.96	1.26983	1.60748
6470.73	1.20625	1.55657
6481.49	1.1517	1.51016
6492.26	1.1051	1.46735
6503.03	1.06554	1.42738
6513.79	1.03226	1.38963
6524.56	1.00463	1.35357
6535.33	0.982148	1.31872
6546.09	0.964437	1.28466
6556.86	0.951202	1.25101
6567.63	0.942245	1.21743
6578.39	0.937488	1.18362
6589.16	0.937018	1.14927
6599.93	0.941086	1.11396
6610.69	0.950037	1.07712
6621.46	0.964263	1.03803
6632.23	0.98424	0.99587
6642.99	1.01059	0.949699
6653.76	1.04413	0.898326
6664.53	1.08582	0.840211
6675.29	1.13672	0.773323
6686.06	1.19778	0.694976
6696.83	1.2693	0.601652
6707.59	1.34984	0.488923
6718.36	1.43407	0.351732
6729.13	1.50969	0.185634
6739.89	1.55528	-0.0102903
6750.66	1.54541	-0.229297
6761.43	1.46658	-0.455449
6772.19	1.33096	-0.66919
6782.96	1.16838	-0.85649
6793.73	1.00636	-1.01268
6804.49	0.860141	-1.13981
6815.26	0.734617	-1.24261
6826.03	0.629187	-1.32599
6836.79	0.541217	-1.39408
6847.56	0.467708	-1.45007
6858.33	0.405943	-1.49637
6869.09	0.353662	-1.53471
6879.86	0.309048	-1.56631
6890.62	0.270662	-1.59203
6901.39	0.237369	-1.61239
6912.16	0.208271	-1.62767
6922.92	0.182655	-1.63787
6933.69	0.159954	-1.64274
6944.46	0.139715	-1.64171
6955.22	0.121575	-1.63382
6965.99	0.10525	-1.61757
6976.76	0.0905222	-1.59066
6987.52	0.0772374	-1.54961
6998.29	0.0653139	-1.4891
7009.06	0.0547611	-1.4011
7019.82	0.0457193	-1.27404
7030.59	0.038518	-1.09389
7041.36	0.0337013	-0.852411
7052.12	0.0318484	-0.566516
7062.89	0.0331009	-0.284976
7073.66	0.0369264	-0.0527236
7084.42	0.0425208	0.118904
7095.19	0.0492409	0.240213
7105.96	0.0566954	0.325151
7116.72	0.0646768	0.384723
7127.49	0.073089	0.426494
7138.26	0.0819016	0.45549
7149.02	0.0911248	0.475054
7159.79	0.100796	0.487443
7170.56	0.110972	0.494198
7181.32	0.121729	0.496388
7192.09	0.13316	0.494754
7202.86	0.145376	0.489801
7213.62	0.15851	0.481867
7224.39	0.172718	0.47115
7235.16	0.18819	0.457739
7245.92	0.205149	0.44162
7256.69	0.223868	0.422683
7267.46	0.244677	0.400718
7278.22	0.26798	0.375396
7288.99	0.294272	0.346256
7299.76	0.324165	0.312662
7310.52	0.358415	0.273761
7321.29	0.397947	0.228413
7332.06	0.443877	0.175096
7342.82	0.497498	0.111785
7353.59	0.560173	0.0358136
7364.36	0.633022	-0.056251
7375.12	0.716162	-0.168581
7385.89	0.807189	-0.305619
7396.66	0.89885	-0.470632
7407.42	0.977285	-0.66285
7418.19	1.02473	-0.8742
7428.96	1.0291	-1.08925
7439.72	0.992964	-1.29096
7450.49	0.93073	-1.46796
7461.25	0.85829	-1.61686
7472.02	0.786475	-1.73971
7482.79	0.720611	-1.84075
7493.55	0.662464	-1.92436
7504.32	0.612015	-1.99434
7515.09	0.568525	-2.05365
7525.85	0.531057	-2.10462
7536.62	0.498698	-2.14898
7547.39	0.470645	-2.18806
7558.15	0.446217	-2.22288
7568.92	0.42485	-2.25422
7579.69	0.406081	-2.28271
7590.45	0.389528	-2.30881
7601.22	0.374879	-2.33292
7611.99	0.361876	-2.35534
7622.75	0.350307	-2.37632
7633.52	0.339995	-2.39607
7644.29	0.33079	-2.41475
7655.05	0.32257	-2.43251
7665.82	0.31523	-2.44947
7676.59	0.30868	-2.46572
7687.35	0.302847	-2.48135
7698.12	0.297667	-2.49643
7708.89	0.293085	-2.51103
7719.65	0.289055	-2.52521
7730.42	0.285539	-2.53899
7741.19	0.282501	-2.55244
7751.95	0.279915	-2.56559
7762.72	0.277757	-2.57847
7773.49	0.276006	-2.59112
7784.25	0.274647	-2.60355
7795.02	0.273667	-2.6158
7805.79	0.273056	-2.6279
7816.55	0.272806	-2.63986
7827.32	0.272914	-2.65171
7838.09	0.273378	-2.66346
7848.85	0.274197	-2.67516
7859.62	0.275374	-2.68681
7870.39	0.276916	-2.69844
7881.15	0.278828	-2.71008
7891.92	0.281121	-2.72175
7902.69	0.283807	-2.73349
7913.45	0.2869	-2.74532
7924.22	0.290417	-2.75729
7934.99	0.294378	-2.76943
7945.75	0.298803	-2.7818
7956.52	0.303717	-2.79443
7967.29	0.309144	-2.80738
7978.05	0.31511	-2.82072
7988.82	0.321642	-2.8345
7999.58	0.328763	-2.84879
8010.35	0.336497	-2.86364
8021.12	0.344864	-2.87907
8031.88	0.353889	-2.89508
8042.65	0.363612	-2.91162
8053.42	0.374096	-2.92865
8064.18	0.385436	-2.94614
8074.95	0.397747	-2.96415
8085.72	0.411144	-2.98279
8096.48	0.425739	-3.00219
8107.25	0.441641	-3.02247
8118.02	0.458966	-3.04372
8128.78	0.477854	-3.06602
8139.55	0.498468	-3.08944
8150.32	0.521013	-3.11405
8161.08	0.545735	-3.13996
8171.85	0.57293	3.11591
8182.62	0.602957	3.08701
8193.38	0.63625	3.05634
8204.15	0.673328	3.02361
8214.92	0.714819	2.98849
8225.68	0.761479	2.95052
8236.45	0.814214	2.90915
8247.22	0.874106	2.86364
8257.98	0.942431	2.81308
8268.75	1.02065	2.75628
8279.52	1.11038	2.69174
8290.28	1.21317	2.61755
8301.05	1.3302	2.53133
8311.82	1.46139	2.43028
8322.58	1.60399	2.31135
8333.35	1.75033	2.17183
8344.12	1.8856	2.01067
8354.88	1.98813	1.83024
8365.65	2.03567	1.63771
8376.42	2.01688	1.44422
8387.18	1.93863	1.26127
8397.95	1.82114	1.09686
8408.72	1.68661	0.954103
8419.48	1.55146	0.832397
8430.25	1.42491	0.729219
8441.02	1.31087	0.641518
8451.78	1.21013	0.566415
8462.55	1.12199	0.501461
8473.32	1.04513	0.444672
8484.08	0.978087	0.39447
8494.85	0.919502	0.349616
8505.62	0.868152	0.309131
8516.38	0.82299	0.272242
8527.15	0.783132	0.238334
8537.92	0.747836	0.206912
8548.68	0.716483	0.177579
8559.45	0.688553	0.150005
8570.21	0.663612	0.123924
8580.98	0.641295	0.0991116
8591.75	0.621294	0.0753801
8602.51	0.603347	0.0525712
8613.28	0.587235	0.03055
8624.05	0.572768	0.00920023
8634.81	0.559784	-0.0115789
8645.58	0.548145	-0.0318754
8656.35	0.537732	-0.0517668
8667.11	0.528443	-0.0713222
8677.88	0.520188	-0.0906029
8688.65	0.512893	-0.109665
8699.41	0.506493	-0.12856
8710.18	0.500934	-0.147341
8720.95	0.496171	-0.166066
8731.71	0.492157	-0.184799
8742.48	0.488844	-0.203592
8753.25	0.486191	-0.222476
8764.01	0.484169	-0.241475
8774.78	0.482757	-0.260622
8785.55	0.481939	-0.279957
8796.31	0.4817	-0.299524
8807.08	0.482026	-0.31937
8817.85	0.482904	-0.339544
8828.61	0.484322	-0.360098
8839.38	0.486271	-0.381084
8850.15	0.48874	-0.402561
8860.91	0.491718	-0.42459
8871.68	0.495192	-0.447237
8882.45	0.499148	-0.470575
8893.21	0.503567	-0.494681
8903.98	0.508424	-0.519641
8914.75	0.513685	-0.545548
8925.51	0.519304	-0.5725
8936.28	0.525219	-0.600605
8947.05	0.531348	-0.629976
8957.81	0.537575	-0.660728
8968.58	0.543748	-0.692974
8979.35	0.549664	-0.726812
8990.11	0.555051	-0.762311
9000.88	0.559553	-0.799481
9011.65	0.56271	-0.838222
9022.41	0.563939	-0.878241
9033.18	0.562527	-0.918927
9043.95	0.557658	-0.959132
9054.71	0.548496	-0.996851
9065.48	0.534399	-1.02874
9076.25	0.515331	-1.04954
9087.01	0.492589	-1.05161
9097.78	0.469799	-1.02558
9108.54	0.45378	-0.96427
9119.31	0.453983	-0.871438
9130.08	0.478984	-0.768806
9140.84	0.531766	-0.68637
9151.61	0.608914	-0.642418
9162.38	0.704184	-0.638194
9173.14	0.811897	-0.66641
9183.91	0.928091	-0.718931
9194.68	1.05025	-0.789631
9205.44	1.17659	-0.874625
9216.21	1.30531	-0.971689
9226.98	1.43386	-1.07959
9237.74	1.55852	-1.19748
9248.51	1.67406	-1.3244
9259.28	1.77413	-1.45884
9270.04	1.85216	-1.59853
9280.81	1.90288	-1.74043
9291.58	1.92387	-1.88107
9302.34	1.91619	-2.01708
9313.11	1.88407	-2.14567
9323.88	1.83354	-2.26494
9334.64	1.77091	-2.37393
9345.41	1.70183	-2.47238
9356.18	1.63082	-2.56053
9366.94	1.56128	-2.63892
9377.71	1.49573	-2.70821
9388.48	1.43616	-2.76923
9399.24	1.38429	-2.82314
9410.01	1.34137	-2.87179
9420.78	1.30749	-2.9179
9431.54	1.28059	-2.96433
9442.31	1.2569	-3.01249
9453.08	1.23316	-3.06164
9463.84	1.20824	-3.1099
9474.61	1.1828	3.12738
9485.38	1.15803	3.08442
9496.14	1.13486	3.0444
9506.91	1.11388	3.00699
9517.68	1.09534	2.97181
9528.44	1.07933	2.93847
9539.21	1.06584	2.90667
9549.98	1.05479	2.87612
9560.74	1.04612	2.8466
9571.51	1.03977	2.81791
9582.28	1.03567	2.78989
9593.04	1.03379	2.76239
9603.81	1.0341	2.73529
9614.58	1.0366	2.70845
9625.34	1.04132	2.68177
9636.11	1.04829	2.65513
9646.88	1.05757	2.62844
9657.64	1.06926	2.60158
9668.41	1.08347	2.57445
9679.17	1.10034	2.54693
9689.94	1.12004	2.51889
9700.71	1.1428	2.49021
9711.47	1.16884	2.46073
9722.24	1.19849	2.4303
9733.01	1.23208	2.39873
9743.77	1.27004	2.3658
9754.54	1.31284	2.33128
9765.31	1.36105	2.29487
9776.07	1.41533	2.25623
9786.84	1.47645	2.21497
9797.61	1.54528	2.17059
9808.37	1.62281	2.12252
9819.14	1.71014	2.07003
9829.91	1.80843	2.01227
9840.67	1.91882	1.94818
9851.44	2.04224	1.87647
9862.21	2.17906	1.79562
9872.97	2.32851	1.70381
9883.74	2.48765	1.59906
9894.51	2.64998	1.47936
9905.27	2.8037	1.3431
9916.04	2.93054	1.18975
9926.81	3.00678	1.02079
9937.57	3.00847	0.840528
9948.34	2.92002	0.656208
9959.11	2.74153	0.477322
9969.87	2.48968	0.314867
9980.64	2.19402	0.181826
9991.41	1.89532	0.0939057
10002.2	1.64503	0.0637429
10012.9	1.48853	0.0811852
10023.7	1.42856	0.105266
10034.5	1.42242	0.101584
10045.2	1.42595	0.0676988
10056	1.41867	0.0160904
10066.8	1.39754	-0.0422337
10077.5	1.36607	-0.101031
10088.3	1.32861	-0.157438
10099.1	1.28861	-0.210408
10109.8	1.24839	-0.259762
10120.6	1.2094	-0.305695
10131.4	1.17247	-0.348546
10142.1	1.13806	-0.388687
10152.9	1.10635	-0.426476
10163.7	1.07742	-0.462241
10174.4	1.05121	-0.496275
10185.2	1.02768	-0.528834
10196	1.0067	-0.560148
10206.7	0.988192	-0.590417
10217.5	0.972043	-0.619821
10228.3	0.958165	-0.648524
10239	0.946478	-0.676674
10249.8	0.936917	-0.704407
10260.6	0.929431	-0.731854
10271.3	0.923986	-0.759139
10282.1	0.920566	-0.786382
10292.9	0.91917	-0.813705
10303.6	0.919818	-0.84123
10314.4	0.922547	-0.869084
10325.2	0.927416	-0.897402
10335.9	0.934504	-0.926326
10346.7	0.943915	-0.956012
10357.5	0.955777	-0.986634
10368.2	0.970249	-1.01839
10379	0.987515	-1.05148
10389.8	1.00779	-1.08618
10400.5	1.03134	-1.12278
10411.3	1.05844	-1.1616
10422.1	1.0894	-1.20304
10432.8	1.12458	-1.24758
10443.6	1.16433	-1.29577
10454.4	1.20897	-1.34824
10465.1	1.25879	-1.40578
10475.9	1.31389	-1.46925
10486.7	1.37411	-1.53968
10497.4	1.4388	-1.61817
10508.2	1.50654	-1.70587
10519	1.5748	-1.80383
10529.7	1.63961	-1.9128
10540.5	1.69539	-2.03289
10551.3	1.73543	-2.16321
10562	1.75298	-2.30156
10572.8	1.7432	-2.44444
10583.6	1.70493	-2.5875
10594.3	1.64133	-2.72635
10605.1	1.55883	-2.85739
10615.9	1.4651	-2.97827
10626.6	1.36719	-3.08798
10637.4	1.27043	3.09663
10648.2	1.17834	3.0085
10658.9	1.09282	2.92978
10669.7	1.01467	2.85931
10680.5	0.943997	2.79597
10691.2	0.880471	2.73874
10702	0.823571	2.68668
10712.8	0.772687	2.63898
10723.5	0.727194	2.59497
10734.3	0.686496	2.55405
10745.1	0.650058	2.51576
10755.8	0.617413	2.47967
10766.6	0.58816	2.44546
10777.4	0.561953	2.41279
10788.1	0.538499	2.38138
10798.9	0.517545	2.35095
10809.7	0.498879	2.32125
10820.4	0.482323	2.29202
10831.2	0.467735	2.26299
10842	0.455001	2.23389
10852.7	0.444039	2.20441
10863.5	0.434795	2.17421
10874.3	0.427244	2.14287
10885	0.42139	2.10988
10895.8	0.417266	2.07464
10906.6	0.414936	2.03634
10917.3	0.414484	1.99394
10928.1	0.416009	1.94605
10938.9	0.419587	1.8908
10949.6	0.4252	1.82569
10960.4	0.432577	1.74734
10971.2	0.440881	1.65135
10981.9	0.448136	1.53253
10992.7	0.450457	1.38594
11003.5	0.441743	1.21008
11014.2	0.415624	1.01172
11025	0.370521	0.808723
11035.8	0.312979	0.624289
11046.5	0.253549	0.476053
11057.3	0.200083	0.371292
11068.1	0.155697	0.310276
11078.8	0.120402	0.291338
11089.6	0.092988	0.313936
11100.4	0.0720598	0.379699
11111.1	0.056417	0.491965
11121.9	0.0451258	0.653592
11132.7	0.0374572	0.862756
11143.4	0.0327828	1.10891
11154.2	0.0305215	1.37441
11165	0.0302195	1.64255
11175.7	0.0317257	1.90222
11186.5	0.0353183	2.14327
11197.3	0.0416805	2.35001
11208	0.0517092	2.50239
11218.8	0.0661586	2.58344
11229.6	0.0849935	2.58495
11240.3	0.106355	2.51076
11251.1	0.126089	2.38046
11261.9	0.139834	2.22702
11272.6	0.146355	2.08176
11283.4	0.147559	1.96076
11294.2	0.146002	1.86597
11304.9	0.143441	1.79296
11315.7	0.140786	1.73622
11326.5	0.138432	1.69113
11337.2	0.136517	1.65426
11348	0.135067	1.62315
11358.8	0.134067	1.59607
11369.5	0.133491	1.57179
11380.3	0.133311	1.54937
11391.1	0.133509	1.5281
11401.8	0.134069	1.50735
11412.6	0.134977	1.48656
11423.4	0.136215	1.46515
11434.1	0.137743	1.44257
11444.9	0.139492	1.41844
11455.7	0.141369	1.3927
11466.4	0.143299	1.36586
11477.2	0.145292	1.33869
11488	0.14746	1.31172
11498.7	0.149969	1.28481
11509.5	0.152968	1.2572
11520.3	0.156567	1.22784
11531	0.160847	1.19552
11541.8	0.165872	1.1589
11552.6	0.171689	1.11633
11563.3	0.178308	1.0657
11574.1	0.185625	1.00425
11584.9	0.193283	0.928352
11595.6	0.200394	0.833806
11606.4	0.205143	0.716995
11617.2	0.204578	0.578279
11627.9	0.195536	0.427606
11638.7	0.177304	0.287794
11649.5	0.153514	0.187762
11660.2	0.130011	0.148262
11671	0.111179	0.172574
11681.8	0.0986722	0.246093
11692.5	0.0921088	0.342978
11703.3	0.0901197	0.43817
11714.1	0.0911832	0.516705
11724.8	0.0940735	0.574107
11735.6	0.0979528	0.611816
11746.4	0.102288	0.633238
11757.1	0.106734	0.641839
11767.9	0.111043	0.640588
11778.7	0.115004	0.632009
11789.4	0.118399	0.61848
11800.2	0.120986	0.602727
11811	0.122517	0.588535
11821.7	0.122833	0.5818
11832.5	0.122141	0.591623
11843.3	0.12158	0.629591
11854	0.123914	0.701781
11864.8	0.133154	0.791242
11875.6	0.151746	0.856953
11886.3	0.178123	0.870165
11897.1	0.20839	0.834112
11907.9	0.23933	0.766057
11918.6	0.269406	0.68063
11929.4	0.29826	0.586221
11940.2	0.326026	0.486682
11950.9	0.352883	0.383412
11961.7	0.378869	0.27673
11972.5	0.403816	0.166628
11983.2	0.427365	0.053161
11994	0.449018	-0.0633545
12004.8	0.468229	-0.18227
12015.5	0.484519	-0.302629
12026.3	0.497581	-0.423258
12037.1	0.507364	-0.542922
12047.8	0.514096	-0.660483
12058.6	0.518255	-0.775037
12069.4	0.5205	-0.886011
12080.1	0.521584	-0.993187
12090.9	0.522285	-1.09669
12101.7	0.523358	-1.19695
12112.4	0.525519	-1.29464
12123.2	0.529446	-1.39066
12134	0.535808	-1.48608
12144.7	0.545292	-1.58216
12155.5	0.558651	-1.68034
12166.3	0.576743	-1.78229
12177	0.600582	-1.89
12187.8	0.631366	-2.00583
12198.6	0.670472	-2.13261
12209.3	0.719354	-2.2738
12220.1	0.779203	-2.43344
12230.9	0.850205	-2.61601
12241.6	0.930206	-2.82563
12252.4	1.01308	-3.06451
12263.2	1.08813	2.9524
12273.9	1.14268	2.66622
12284.7	1.16803	2.37262
12295.5	1.16499	2.08554
12306.2	1.14357	1.81566
12317	1.11697	1.56764
12327.8	1.09579	1.34087
12338.5	1.08642	1.13183
12349.3	1.09192	0.936127
12360.1	1.11344	0.749458
12370.8	1.15123	0.567951
12381.6	1.20494	0.388228
12392.4	1.2737	0.207418
12403.1	1.35584	0.0232399
12413.9	1.44861	-0.165836
12424.7	1.54803	-0.360384
12435.4	1.64912	-0.55987
12446.2	1.74673	-0.762678
12457	1.83673	-0.966427
12467.7	1.91726	-1.16854
12478.5	1.98928	-1.36691
12489.3	2.05611	-1.56046
12500	2.12249	-1.74934
12510.8	2.19336	-1.93487
12521.6	2.27299	-2.11932
12532.3	2.36421	-2.30562
12543.1	2.46768	-2.49705
12553.9	2.58097	-2.69695
12564.6	2.69732	-2.90821
12575.4	2.80489	-3.13257
12586.2	2.88754	2.91336
12596.9	2.92872	2.66599
12607.7	2.91794	2.41353
12618.5	2.85578	2.16179
12629.2	2.75332	1.91548
12640	2.62637	1.67689
12650.8	2.489	1.44579
12661.5	2.35011	1.22022
12672.3	2.21295	0.997561
12683.1	2.07656	0.775515
12693.8	1.93774	0.552943
12704.6	1.79341	0.330395
12715.4	1.64268	0.110199
12726.1	1.48788	-0.104054
12736.9	1.33405	-0.308498
12747.7	1.18713	-0.500003
12758.4	1.05209	-0.676765
12769.2	0.931878	-0.838336
12780	0.827449	-0.985301
12790.7	0.738268	-1.11885
12801.5	0.662963	-1.24045
12812.3	0.599825	-1.35155
12823	0.547123	-1.45355
12833.8	0.503261	-1.54767
12844.6	0.466848	-1.63499
12855.3	0.436713	-1.71643
12866.1	0.411886	-1.79279
12876.9	0.391575	-1.86478
12887.6	0.375143	-1.93301
12898.4	0.362077	-1.99804
12909.2	0.351975	-2.06038
12919.9	0.344519	-2.12049
12930.7	0.339471	-2.17884
12941.5	0.336652	-2.23587
12952.2	0.335944	-2.29202
12963	0.337275	-2.34774
12973.8	0.34062	-2.40352
12984.5	0.345996	-2.45985
12995.3	0.353461	-2.51731
13006.1	0.363111	-2.5765
13016.8	0.375078	-2.63815
13027.6	0.389524	-2.70306
13038.4	0.406628	-2.77218
13049.1	0.426565	-2.84662
13059.9	0.449467	-2.92768
13070.7	0.475342	-3.01683
13081.4	0.503959	-3.11572
13092.2	0.534664	3.05715
13103	0.56614	2.93391
13113.7	0.596182	2.79683
13124.5	0.621648	2.64622
13135.3	0.638863	2.48422
13146	0.644612	2.31503
13156.8	0.637393	2.14445
13167.6	0.618131	1.97851
13178.3	0.589759	1.82209
13189.1	0.556013	1.67804
13199.9	0.520278	1.54719
13210.6	0.485011	1.4289
13221.4	0.45169	1.32167
13232.2	0.421032	1.22364
13242.9	0.393244	1.1329
13253.7	0.36823	1.04758
13264.5	0.345721	0.965934
13275.2	0.325357	0.886339
13286	0.306721	0.807263
13296.8	0.289347	0.727286
13307.5	0.272719	0.645152
13318.3	0.256267	0.559911
13329.1	0.239382	0.471215
13339.8	0.221482	0.379795
13350.6	0.202155	0.28812
13361.4	0.181374	0.201013
13372.1	0.159689	0.125782
13382.9	0.138231	0.0713243
13393.7	0.118412	0.0461169
13404.4	0.101496	0.0555447
13415.2	0.0882603	0.0991918
13426	0.0788707	0.169167
13436.7	0.0729229	0.251664
13447.5	0.0696436	0.332297
13458.3	0.0681695	0.401365
13469	0.0677665	0.455179
13479.8	0.0679113	0.494225
13490.6	0.0682731	0.520824
13501.3	0.0686608	0.537661
13512.1	0.0689721	0.54713
13522.9	0.069157	0.551171
13533.6	0.0691951	0.551287
13544.4	0.0690812	0.548632
13555.2	0.0688175	0.544092
13565.9	0.0684086	0.538352
13576.7	0.067857	0.531964
13587.5	0.0671623	0.525427
13598.2	0.0663223	0.519241
13609	0.065334	0.513919
13619.8	0.0641927	0.510014
13630.5	0.0628913	0.508167
13641.3	0.0614211	0.509182
13652.1	0.0597734	0.514105
13662.8	0.0579423	0.52435
13673.6	0.05593	0.541863
13684.4	0.0537564	0.569366
13695.1	0.0514767	0.610645
13705.9	0.0492127	0.670832
13716.7	0.0472066	0.756295
13727.4	0.0459019	0.873185
13738.2	0.0460289	1.02295
13749	0.0486062	1.19485
13759.7	0.0547454	1.36308
13770.5	0.0653444	1.49779
13781.2	0.080952	1.58051
13792	0.101803	1.6068
13802.8	0.127718	1.57985
13813.5	0.157719	1.5057
13824.3	0.189559	1.39256
13835.1	0.219778	1.25193
13845.8	0.244814	1.0982
13856.6	0.262648	0.945669
13867.4	0.273487	0.804731
13878.1	0.279006	0.680423
13888.9	0.281195	0.573491
13899.7	0.281671	0.482349
13910.4	0.281527	0.404605
13921.2	0.281427	0.337886
13932	0.28175	0.280164
13942.7	0.282705	0.229844
13953.5	0.28441	0.185732
13964.3	0.28694	0.146991
13975	0.290363	0.113087
13985.8	0.294763	0.0837488
13996.6	0.300271	0.0589349
14007.3	0.307095	0.0388017
14018.1	0.31557	0.0236546
14028.9	0.326227	0.0138537
14039.6	0.339901	0.00962722
14050.4	0.357867	0.0107294
14061.2	0.38201	0.015894
14071.9	0.414949	0.0221393
14082.7	0.460008	0.0242253
14093.5	0.52082	0.0148475
14104.2	0.600422	-0.0139211
14115	0.699947	-0.0681788
14125.8	0.817547	-0.149938
14136.5	0.948543	-0.256457
14147.3	1.08732	-0.381657
14158.1	1.22996	-0.518786
14168.8	1.37592	-0.66279
14179.6	1.52769	-0.811379
14190.4	1.68947	-0.964892
14201.1	1.86545	-1.12564
14211.9	2.05815	-1.29722
14222.7	2.26612	-1.48393
14233.4	2.48075	-1.69004
14244.2	2.68232	-1.91856
14255	2.83844	-2.16936
14265.7	2.91107	-2.43709
14276.5	2.87464	-2.711
14287.3	2.73313	-2.97802
14298	2.51775	3.05557
14308.8	2.26776	2.82866
14319.6	2.01389	2.62501
14330.3	1.77381	2.44258
14341.1	1.55502	2.27854
14351.9	1.35919	2.13036
14362.6	1.18534	1.99611
14373.4	1.03151	1.87459
14384.2	0.895625	1.76521
14394.9	0.775755	1.66788
14405.7	0.670196	1.58296
14416.5	0.577476	1.51127
14427.2	0.49634	1.45414
14438	0.425752	1.41348
14448.8	0.364911	1.39188
14459.5	0.313281	1.39261
14470.3	0.270624	1.41917
14481.1	0.236995	1.47415
14491.8	0.212645	1.55681
14502.6	0.197752	1.66021
14513.4	0.192024	1.77053
14524.1	0.194458	1.87138
14534.9	0.203492	1.95039
14545.7	0.21743	2.00233
14556.4	0.234788	2.02764
14567.2	0.254412	2.02947
14578	0.275443	2.01163
14588.7	0.297224	1.97757
14599.5	0.319219	1.9302
14610.3	0.340959	1.87188
14621	0.362004	1.80458
14631.8	0.381943	1.72998
14642.6	0.400398	1.6496
14653.3	0.417053	1.56484
14664.1	0.431671	1.47695
14674.9	0.444115	1.3871
14685.6	0.454346	1.29632
14696.4	0.462416	1.2055
14707.2	0.468467	1.11543
14717.9	0.472728	1.02679
14728.7	0.475498	0.940049
14739.5	0.477118	0.855536
14750.2	0.477938	0.773375
14761	0.478287	0.693524
14771.8	0.478458	0.615807
14782.5	0.478701	0.539929
14793.3	0.479215	0.465495
14804.1	0.480143	0.392012
14814.8	0.481566	0.318891
14825.6	0.483485	0.245435
14836.4	0.485785	0.170838
14847.1	0.488182	0.0941928
14857.9	0.490136	0.0145469
14868.7	0.490725	-0.0689168
14879.4	0.488525	-0.156459
14890.2	0.481613	-0.246935
14901	0.467979	-0.336433
14911.7	0.446698	-0.416912
14922.5	0.419624	-0.476585
14933.3	0.392108	-0.504451
14944	0.371053	-0.49816
14954.8	0.361359	-0.468079
14965.6	0.364059	-0.431351
14976.3	0.377413	-0.40177
14987.1	0.399023	-0.385728
14997.9	0.427033	-0.384468
15008.6	0.460205	-0.397225
15019.4	0.497536	-0.422647
15030.2	0.538014	-0.458851
15040.9	0.580755	-0.503356
15051.7	0.625329	-0.553518
15062.5	0.671905	-0.607172
15073.2	0.721123	-0.662967
15084	0.773874	-0.720299
15094.8	0.831142	-0.779076
15105.5	0.893936	-0.839494
15116.3	0.963283	-0.901896
15127.1	1.04024	-0.9667
15137.8	1.12593	-1.03436
15148.6	1.22152	-1.10536
15159.4	1.32823	-1.18019
15170.1	1.44732	-1.2594
15180.9	1.58001	-1.34351
15191.7	1.7274	-1.43306
15202.4	1.89034	-1.52859
15213.2	2.06924	-1.63056
15224	2.26387	-1.73934
15234.7	2.4731	-1.85513
15245.5	2.69477	-1.97791
15256.3	2.92561	-2.1074
15267	3.16151	-2.24299
15277.8	3.39792	-2.38386
15288.6	3.63029	-2.52903
15299.3	3.85447	-2.67747
15310.1	4.06725	-2.82812
15320.9	4.26704	-2.98001
15331.6	4.45395	-3.13252
15342.4	4.62921	2.99778
15353.2	4.79427	2.84434
15363.9	4.95002	2.68988
15374.7	5.09602	2.53372
15385.5	5.22998	2.37511
15396.2	5.34752	2.2134
15407	5.44223	2.04819
15417.8	5.50633	1.87944
15428.5	5.53181	1.70758
15439.3	5.51203	1.53355
15450.1	5.44337	1.35865
15460.8	5.32636	1.18441
15471.6	5.16578	1.01231
15482.4	4.96962	0.84352
15493.1	4.74732	0.678746
15503.9	4.50795	0.518178
15514.7	4.2589	0.361547
15525.4	4.00528	0.208238
15536.2	3.74983	0.0574551
15547	3.49321	-0.0916106
15557.7	3.23457	-0.239595
15568.5	2.97213	-0.386738
15579.3	2.704	-0.532566
15590	2.42911	-0.675408
15600.8	2.14889	-0.81165
15611.6	1.86977	-0.935024
15622.3	1.60535	-1.03742
15633.1	1.37318	-1.11368
15643.9	1.18332	-1.16757
15654.6	1.03082	-1.20902
15665.4	0.903475	-1.24433
15676.2	0.792406	-1.27295
15686.9	0.694097	-1.29106
15697.7	0.607987	-1.29479
15708.5	0.534353	-1.28143
15719.2	0.473386	-1.24993
15730	0.424912	-1.20112
15740.8	0.388339	-1.13809
15751.5	0.362649	-1.0659
15762.3	0.346453	-0.990803
15773.1	0.33812	-0.918771
15783.8	0.335973	-0.854323
15794.6	0.338471	-0.800003
15805.4	0.344326	-0.756594
15816.1	0.352545	-0.723683
15826.9	0.362408	-0.700233
15837.7	0.373419	-0.684987
15848.4	0.385259	-0.676711
15859.2	0.397735	-0.674317
15870	0.410744	-0.676906
15880.7	0.424232	-0.683765
15891.5	0.438174	-0.694327
15902.3	0.452551	-0.708119
15913	0.467364	-0.724719
15923.8	0.482641	-0.74375
15934.6	0.498442	-0.764908
15945.3	0.514856	-0.787969
15956.1	0.531988	-0.812798
15966.9	0.54995	-0.839332
15977.6	0.568856	-0.867566
15988.4	0.588821	-0.897549
15999.2	0.609958	-0.929377
16009.9	0.632375	-0.963197
16020.7	0.656167	-0.999209
16031.5	0.681407	-1.03768
16042.2	0.708118	-1.07894
16053	0.736248	-1.12343
16063.8	0.7656	-1.17165
16074.5	0.795739	-1.22423
16085.3	0.825832	-1.28184
16096.1	0.8544	-1.34513
16106.8	0.878993	-1.41439
16117.6	0.895884	-1.48894
16128.4	0.900191	-1.56586
16139.1	0.88739	-1.63795
16149.9	0.857345	-1.69223
16160.7	0.819745	-1.71248
16171.4	0.79469	-1.69092
16182.2	0.802267	-1.64195
16193	0.849267	-1.59559
16203.7	0.928869	-1.57342
16214.5	1.03043	-1.57981
16225.3	1.14607	-1.61017
16236	1.27151	-1.65868
16246.8	1.40482	-1.72094
16257.6	1.54517	-1.79412
16268.3	1.69198	-1.87655
16279.1	1.8444	-1.96724
16289.9	2.00103	-2.06553
16300.6	2.15966	-2.17085
16311.4	2.31736	-2.28258
16322.2	2.47056	-2.39988
16332.9	2.61548	-2.52169
16343.7	2.74866	-2.64679
16354.5	2.86749	-2.77381
16365.2	2.97069	-2.90143
16376	3.05846	-3.02849
16386.8	3.13241	3.12905
16397.5	3.19519	3.00536
16408.3	3.25008	2.88377
16419.1	3.30066	2.76408
16429.8	3.35046	2.64574
16440.6	3.40272	2.52788
16451.4	3.45996	2.40927
16462.1	3.52361	2.28842
16472.9	3.59362	2.16363
16483.7	3.66798	2.03311
16494.4	3.74211	1.89505
16505.2	3.8082	1.7478
16516	3.85462	1.59025
16526.7	3.86641	1.42222
16537.5	3.82757	1.24503
16548.3	3.72568	1.06178
16559	3.55725	0.877204
16569.8	3.33057	0.696733
16580.6	3.06354	0.525348
16591.3	2.7776	0.366636
16602.1	2.49179	0.222525
16612.9	2.2196	0.0935766
16623.6	1.96875	-0.0204632
16634.4	1.74257	-0.120151
16645.2	1.54158	-0.205974
16655.9	1.36497	-0.278146
16666.7	1.21143	-0.336551
16677.5	1.07977	-0.380867
16688.2	0.969167	-0.410904
16699	0.879154	-0.427193
16709.8	0.809412	-0.431765
16720.5	0.759329	-0.428762
16731.3	0.727527	-0.424343
16742.1	0.711576	-0.425539
16752.8	0.708114	-0.438565
16763.6	0.713283	-0.467576
16774.4	0.723233	-0.514467
16785.1	0.734424	-0.579468
16795.9	0.743663	-0.661911
16806.7	0.747944	-0.760733
16817.4	0.744279	-0.87453
16828.2	0.729726	-1.00119
16839	0.701861	-1.13722
16849.7	0.659722	-1.27722
16860.5	0.604797	-1.41385
16871.3	0.541219	-1.5388
16882	0.474712	-1.64427
16892.8	0.410872	-1.72439
16903.6	0.353852	-1.77596
16914.3	0.30595	-1.79871
16925.1	0.267858	-1.79539
16935.9	0.239126	-1.77163
16946.6	0.218604	-1.73513
16957.4	0.204806	-1.69401
16968.2	0.196226	-1.6552
16978.9	0.19153	-1.62352
16989.7	0.18963	-1.60163
17000.5	0.189687	-1.59046
17011.2	0.19109	-1.58982
17022	0.193417	-1.59889
17032.8	0.196396	-1.61667
17043.5	0.199856	-1.64218
17054.3	0.203703	-1.6746
17065.1	0.207886	-1.71325
17075.8	0.212388	-1.7576
17086.6	0.217209	-1.80731
17097.4	0.222358	-1.8621
17108.1	0.227847	-1.92184
17118.9	0.233681	-1.98644
17129.7	0.239853	-2.05587
17140.4	0.246335	-2.13013
17151.2	0.253066	-2.20919
17162	0.259945	-2.29292
17172.7	0.266824	-2.381
17183.5	0.273522	-2.47278
17194.3	0.279879	-2.56714
17205	0.285874	-2.66249
17215.8	0.291762	-2.75712
17226.6	0.298125	-2.85005
17237.3	0.30568	-2.94176
17248.1	0.314917	-3.03401
17258.9	0.325892	-3.12874
17269.6	0.338327	3.05618
17280.4	0.351854	2.95436
17291.2	0.366187	2.84967
17301.9	0.38119	2.74299
17312.7	0.396864	2.6352
17323.5	0.41332	2.52699
17334.2	0.430754	2.41885
17345	0.449433	2.31108
17355.8	0.469687	2.20381
17366.5	0.491909	2.09694
17377.3	0.516549	1.99018
17388.1	0.54411	1.88309
17398.8	0.575145	1.77497
17409.6	0.610249	1.66499
17420.4	0.650032	1.55207
17431.1	0.695072	1.43495
17441.9	0.745822	1.31213
17452.7	0.802441	1.18198
17463.4	0.864533	1.04277
17474.2	0.930765	0.892886
17485	0.998448	0.731187
17495.7	1.06327	0.557496
17506.5	1.11955	0.37314
17517.3	1.16142	0.181262
17528	1.18472	-0.0134717
17538.8	1.18862	-0.205856
17549.6	1.17588	-0.391439
17560.3	1.15162	-0.567463
17571.1	1.12147	-0.733097
17581.9	1.09026	-0.889123
17592.6	1.06156	-1.0374
17603.4	1.03769	-1.18043
17614.2	1.02007	-1.32104
17624.9	1.00946	-1.46227
17635.7	1.00625	-1.60732
17646.5	1.01044	-1.75955
17657.2	1.02171	-1.92249
17668	1.03923	-2.09976
17678.8	1.06147	-2.29491
17689.5	1.08594	-2.51102
17700.3	1.10917	-2.75018
17711.1	1.12715	-3.01278
17721.8	1.13647	2.98611
17732.6	1.13585	2.68383
17743.4	1.127	2.36821
17754.1	1.11387	2.04349
17764.9	1.10058	1.7127
17775.7	1.08922	1.3777
17786.4	1.07859	1.04012
17797.2	1.06436	0.70254
17808	1.0408	0.369448
17818.7	1.00354	0.04712
17829.5	0.951693	-0.257703
17840.3	0.887767	-0.539548
17851	0.815859	-0.794944
17861.8	0.740035	-1.02173
17872.6	0.663983	-1.21785
17883.3	0.591372	-1.38099
17894.1	0.525852	-1.50957
17904.9	0.470362	-1.60457
17915.6	0.426331	-1.67046
17926.4	0.393479	-1.71452
17937.2	0.370299	-1.74475
17947.9	0.354778	-1.76798
17958.7	0.344934	-1.78891
17969.5	0.339097	-1.81014
17980.2	0.33601	-1.83258
17991	0.334821	-1.85617
18001.8	0.335018	-1.8804
18012.5	0.336334	-1.90472
18023.3	0.338653	-1.9287
18034.1	0.341945	-1.95203
18044.8	0.346234	-1.97449
18055.6	0.351582	-1.99595
18066.4	0.358097	-2.01626
18077.1	0.365943	-2.03532
18087.9	0.375365	-2.05304
18098.7	0.386726	-2.06942
18109.4	0.400544	-2.08465
18120.2	0.417533	-2.09931
18131	0.438597	-2.11462
18141.7	0.464719	-2.13265
18152.5	0.496673	-2.1563
18163.3	0.534593	-2.18856
18174	0.577671	-2.2314
18184.8	0.624369	-2.28472
18195.6	0.67318	-2.34658
18206.3	0.723373	-2.41439
18217.1	0.775211	-2.48611
18227.9	0.829657	-2.56084
18238.6	0.887941	-2.63878
18249.4	0.951222	-2.72083
18260.2	1.02035	-2.80839
18270.9	1.09567	-2.90306
18281.7	1.17669	-3.00655
18292.5	1.26177	-3.12041
18303.2	1.3476	3.03737
18314	1.42897	2.90003
18324.8	1.49895	2.75156
18335.5	1.55003	2.59428
18346.3	1.57614	2.43198
18357.1	1.57465	2.26919
18367.8	1.54729	2.11025
18378.6	1.49902	1.95836
18389.4	1.43605	1.81514
18400.1	1.36379	1.68083
18410.9	1.2858	1.55486
18421.7	1.20362	1.43665
18432.4	1.11743	1.32673
18443.2	1.0275	1.22784
18454	0.936312	1.14535
18464.7	0.850026	1.0854
18475.5	0.776745	1.05015
18486.3	0.721944	1.03411
18497	0.685518	1.02667
18507.8	0.663285	1.01844
18518.6	0.650296	1.0046
18529.3	0.642773	0.98417
18540.1	0.638403	0.957905
18550.9	0.635946	0.926992
18561.6	0.634796	0.892462
18572.4	0.634684	0.855057
18583.2	0.635502	0.815246
18593.9	0.637213	0.773284
18604.7	0.639805	0.729272
18615.5	0.643263	0.683196
18626.2	0.647559	0.634967
18637	0.652639	0.584439
18647.8	0.658421	0.53143
18658.5	0.664785	0.475738
18669.3	0.671566	0.417157
18680.1	0.67855	0.355492
18690.8	0.685471	0.290581
18701.6	0.692005	0.222309
18712.4	0.69778	0.150634
18723.1	0.702387	0.075607
18733.9	0.705399	-0.00261032
18744.7	0.706405	-0.0837377
18755.4	0.705045	-0.167379
18766.2	0.701047	-0.253044
18777	0.694254	-0.340182
18787.7	0.684634	-0.42823
18798.5	0.672269	-0.516655
18809.3	0.657329	-0.604993
18820	0.640032	-0.692868
18830.8	0.620605	-0.780002
18841.6	0.599229	-0.866191
18852.3	0.576008	-0.951244
18863.1	0.550945	-1.03485
18873.9	0.52398	-1.11635
18884.6	0.4951	-1.19451
18895.4	0.464529	-1.2673
18906.2	0.432917	-1.332
18916.9	0.401403	-1.38557
18927.7	0.371467	-1.42552
18938.5	0.344614	-1.45071
18949.2	0.32204	-1.46191
18960	0.304427	-1.46177
18970.8	0.291932	-1.45434
18981.5	0.284307	-1.44415
18992.3	0.281063	-1.43544
19003.1	0.281616	-1.43173
19013.8	0.285377	-1.43563
19024.6	0.291784	-1.44899
19035.4	0.300291	-1.473
19046.1	0.310331	-1.50841
19056.9	0.321277	-1.55555
19067.7	0.332415	-1.61429
19078.4	0.342955	-1.68406
19089.2	0.35208	-1.76375
19100	0.359047	-1.85174
19110.7	0.363298	-1.94609
19121.5	0.364551	-2.04469
19132.3	0.362821	-2.14551
19143	0.358396	-2.24678
19153.8	0.351766	-2.34714
19164.6	0.343535	-2.44566
19175.3	0.334335	-2.54194
19186.1	0.324748	-2.63606
19196.9	0.315265	-2.72852
19207.6	0.306267	-2.82018
19218.4	0.298025	-2.91216
19229.2	0.290711	-3.00583
19239.9	0.284412	-3.10276
19250.7	0.27913	3.07848
19261.5	0.274776	2.96959
19272.2	0.271144	2.85177
19283	0.267885	2.72304
19293.8	0.264484	2.58181
19304.5	0.260266	2.42722
19315.3	0.25449	2.25975
19326	0.246555	2.0817
19336.8	0.236279	1.89721
19347.6	0.224085	1.71159
19358.3	0.210936	1.53011
19369.1	0.198026	1.35677
19379.9	0.186428	1.1937
19390.6	0.176894	1.04127
19401.4	0.169833	0.898528
19412.2	0.165382	0.763683
19422.9	0.163494	0.634468
19433.7	0.163995	0.508367
19444.5	0.16659	0.382816
19455.2	0.170825	0.255463
19466	0.176025	0.124617
19476.8	0.181247	-0.0100386
19487.5	0.185358	-0.146568
19498.3	0.187319	-0.280171
19509.1	0.186641	-0.403569
19519.8	0.18374	-0.508801
19530.6	0.179882	-0.589823
19541.4	0.176747	-0.644627
19552.1	0.175939	-0.67596
19562.9	0.178699	-0.690559
19573.7	0.185834	-0.697274
19584.4	0.197795	-0.704899
19595.2	0.214799	-0.720612
19606	0.23693	-0.749525
19616.7	0.264142	-0.795036
19627.5	0.29613	-0.859337
19638.3	0.332075	-0.943631
19649	0.370338	-1.04793
19659.8	0.408283	-1.17052
19670.6	0.442508	-1.30757
19681.3	0.469662	-1.4531
19692.1	0.487563	-1.60006
19702.9	0.495907	-1.74179
19713.6	0.496089	-1.87333
19724.4	0.490394	-1.99192
19735.2	0.481189	-2.09664
19745.9	0.470487	-2.18775
19756.7	0.459858	-2.26626
19767.5	0.450467	-2.33366
19778.2	0.443119	-2.39185
19789	0.438274	-2.44294
19799.8	0.436091	-2.48904
19810.5	0.436496	-2.532
19821.3	0.43928	-2.57322
19832.1	0.44419	-2.61358
19842.8	0.451044	-2.65346
19853.6	0.459833	-2.69293
19864.4	0.470768	-2.73205
19875.1	0.484274	-2.77115
19885.9	0.500928	-2.81103
19896.7	0.521331	-2.85311
19907.4	0.545898	-2.89938
19918.2	0.574566	-2.95199
19929	0.606603	-3.01253
19939.7	0.64073	-3.08137
19950.5	0.675636	3.12559
19961.3	0.710503	3.0435
19972	0.745122	2.95674
19982.8	0.779567	2.86572
19993.6	0.813747	2.77021
