0	nan	nan
10.7666	0.00402613	1.46057
21.5332	0.00778377	1.47275
32.2998	0.0115111	1.4729
43.0664	0.0152369	1.4687
53.833	0.0189763	1.46234
64.5996	0.0227404	1.45477
75.3662	0.0265392	1.44646
86.1328	0.0303822	1.43769
96.8994	0.0342792	1.42863
107.666	0.0382403	1.4194
118.433	0.0422763	1.41008
129.199	0.0463986	1.40073
139.966	0.0506194	1.39137
150.732	0.0549521	1.38205
161.499	0.0594109	1.37276
172.266	0.0640114	1.36354
183.032	0.0687702	1.35437
193.799	0.0737054	1.34526
204.565	0.0788369	1.3362
215.332	0.084186	1.32718
226.099	0.0897761	1.31821
236.865	0.0956329	1.30925
247.632	0.101785	1.30031
258.398	0.108262	1.29136
269.165	0.115099	1.28239
279.932	0.122334	1.27339
290.698	0.13001	1.26433
301.465	0.138172	1.25519
312.231	0.146874	1.24596
322.998	0.156175	1.23661
333.765	0.166142	1.22712
344.531	0.176851	1.21747
355.298	0.188389	1.20762
366.064	0.200855	1.19754
376.831	0.214362	1.18721
387.598	0.229043	1.17658
398.364	0.24505	1.16561
409.131	0.262561	1.15425
419.897	0.281787	1.14245
430.664	0.302976	1.13014
441.431	0.326423	1.11725
452.197	0.352481	1.10368
462.964	0.38158	1.08933
473.73	0.41424	1.07406
484.497	0.451104	1.05772
495.264	0.492969	1.04011
506.03	0.540838	1.02097
516.797	0.595985	1
527.563	0.660052	0.976785
538.33	0.735186	0.950784
549.097	0.824234	0.921279
559.863	0.931036	0.887287
570.63	1.06086	0.847431
581.396	1.22103	0.799741
592.163	1.42186	0.741314
602.93	1.67785	0.667766
613.696	2.00869	0.572342
624.463	2.43776	0.444615
635.229	2.97958	0.269375
645.996	3.59442	0.029161
656.763	4.1053	-0.280081
667.529	4.24418	-0.621428
678.296	3.97506	-0.929273
689.063	3.52998	-1.16796
699.829	3.0971	-1.34228
710.596	2.73833	-1.46974
721.362	2.45549	-1.56545
732.129	2.23488	-1.63971
742.896	2.06238	-1.69922
753.662	1.92674	-1.74831
764.429	1.81961	-1.78988
775.195	1.73493	-1.82589
785.962	1.66832	-1.85773
796.729	1.61659	-1.88639
807.495	1.57743	-1.9126
818.262	1.54916	-1.93695
829.028	1.53058	-1.95987
839.795	1.5209	-1.98173
850.562	1.51962	-2.00281
861.328	1.52652	-2.0234
872.095	1.54161	-2.04373
882.861	1.56519	-2.06403
893.628	1.59778	-2.08454
904.395	1.64023	-2.10549
915.161	1.69375	-2.12717
925.928	1.76	-2.14991
936.694	1.84123	-2.17409
947.461	1.94054	-2.20021
958.228	2.06211	-2.22894
968.994	2.21181	-2.26116
979.761	2.39787	-2.29813
990.527	2.63218	-2.34169
1001.29	2.93222	-2.39461
1012.06	3.32417	-2.4613
1022.83	3.84731	-2.54902
1033.59	4.55734	-2.67025
1044.36	5.51265	-2.84652
1055.13	6.67162	-3.11077
1065.89	7.57146	2.79668
1076.66	7.36549	2.36693
1087.43	6.20101	2.00639
1098.19	4.95632	1.75715
1108.96	3.98236	1.591
1119.73	3.26984	1.47635
1130.49	2.74638	1.39322
1141.26	2.35298	1.33006
1152.03	2.04972	1.28015
1162.79	1.8104	1.23939
1173.56	1.61759	1.20517
1184.33	1.45947	1.17578
1195.09	1.32781	1.15006
1205.86	1.21673	1.12717
1216.63	1.12193	1.10653
1227.39	1.04021	1.08769
1238.16	0.969161	1.07032
1248.93	0.906903	1.05417
1259.69	0.851976	1.03903
1270.46	0.803219	1.02475
1281.23	0.759703	1.0112
1291.99	0.720673	0.998272
1302.76	0.68551	0.985888
1313.53	0.653704	0.973975
1324.29	0.62483	0.962476
1335.06	0.598529	0.95134
1345.83	0.574501	0.940525
1356.59	0.552488	0.929996
1367.36	0.53227	0.919723
1378.13	0.513659	0.909677
1388.89	0.496491	0.899837
1399.66	0.480624	0.890181
1410.42	0.465934	0.880692
1421.19	0.452313	0.871355
1431.96	0.439664	0.862155
1442.72	0.427905	0.85308
1453.49	0.41696	0.844118
1464.26	0.406762	0.83526
1475.02	0.397254	0.826498
1485.79	0.388382	0.817821
1496.56	0.380099	0.809224
1507.32	0.372363	0.8007
1518.09	0.365136	0.792243
1528.86	0.358383	0.783846
1539.62	0.352073	0.775505
1550.39	0.346179	0.767215
1561.16	0.340676	0.758972
1571.92	0.335539	0.750771
1582.69	0.330749	0.742609
1593.46	0.326286	0.734483
1604.22	0.322134	0.726388
1614.99	0.318276	0.718323
1625.76	0.314698	0.710284
1636.52	0.311389	0.702267
1647.29	0.308335	0.694272
1658.06	0.305526	0.686295
1668.82	0.302953	0.678334
1679.59	0.300607	0.670386
1690.36	0.29848	0.66245
1701.12	0.296564	0.654524
1711.89	0.294855	0.646605
1722.66	0.293345	0.638691
1733.42	0.292031	0.630781
1744.19	0.290907	0.622873
1754.96	0.289969	0.614965
1765.72	0.289216	0.607055
1776.49	0.288643	0.599142
1787.26	0.288249	0.591223
1798.02	0.288032	0.583298
1808.79	0.287991	0.575363
1819.56	0.288125	0.567419
1830.32	0.288434	0.559462
1841.09	0.288917	0.551492
1851.86	0.289576	0.543506
1862.62	0.290412	0.535502
1873.39	0.291427	0.52748
1884.16	0.292622	0.519437
1894.92	0.293999	0.51137
1905.69	0.295563	0.503279
1916.46	0.297317	0.495161
1927.22	0.299264	0.487014
1937.99	0.30141	0.478836
1948.75	0.30376	0.470625
1959.52	0.306319	0.462378
1970.29	0.309095	0.454093
1981.05	0.312094	0.445768
1991.82	0.315324	0.437399
2002.59	0.318795	0.428984
2013.35	0.322516	0.420521
2024.12	0.326498	0.412004
2034.89	0.330752	0.403432
2045.65	0.335291	0.394801
2056.42	0.340128	0.386107
2067.19	0.34528	0.377346
2077.95	0.350762	0.368514
2088.72	0.356592	0.359605
2099.49	0.362791	0.350615
2110.25	0.36938	0.341539
2121.02	0.376383	0.33237
2131.79	0.383825	0.323103
2142.55	0.391736	0.31373
2153.32	0.400146	0.304244
2164.09	0.409091	0.294637
2174.85	0.418608	0.2849
2185.62	0.428739	0.275023
2196.39	0.439531	0.264995
2207.15	0.451035	0.254805
2217.92	0.463308	0.244439
2228.69	0.476415	0.233884
2239.45	0.490426	0.223122
2250.22	0.505421	0.212137
2260.99	0.521489	0.200908
2271.75	0.53873	0.189412
2282.52	0.557258	0.177624
2293.29	0.577202	0.165516
2304.05	0.598707	0.153056
2314.82	0.621939	0.140205
2325.59	0.647091	0.126922
2336.35	0.674379	0.113158
2347.12	0.704059	0.0988563
2357.89	0.736424	0.0839517
2368.65	0.771818	0.0683674
2379.42	0.810642	0.0520132
2390.19	0.853371	0.0347825
2400.95	0.900568	0.016548
2411.72	0.952907	-0.00284298
2422.49	1.01119	-0.0235755
2433.25	1.07641	-0.0458755
2444.02	1.14974	-0.0700215
2454.79	1.23266	-0.0963601
2465.55	1.32697	-0.125328
2476.32	1.43492	-0.157479
2487.08	1.55934	-0.19353
2497.85	1.70374	-0.234411
2508.62	1.87256	-0.28135
2519.38	2.07123	-0.335983
2530.15	2.30632	-0.400505
2540.92	2.58512	-0.47786
2551.68	2.91435	-0.571947
2562.45	3.29653	-0.687696
2573.22	3.72186	-0.830676
2583.98	4.15441	-1.00546
2594.75	4.5196	-1.21191
2605.52	4.71867	-1.44048
2616.28	4.68909	-1.67191
2627.05	4.45763	-1.88551
2637.82	4.11309	-2.06892
2648.58	3.73995	-2.21997
2659.35	3.38769	-2.34247
2670.12	3.07593	-2.44196
2680.88	2.80793	-2.52361
2691.65	2.58014	-2.59158
2702.42	2.38695	-2.64905
2713.18	2.22275	-2.69838
2723.95	2.08257	-2.74134
2734.72	1.9623	-2.77925
2745.48	1.85857	-2.81312
2756.25	1.76867	-2.84371
2767.02	1.69043	-2.87161
2777.78	1.62208	-2.89729
2788.55	1.5622	-2.92111
2799.32	1.50962	-2.94338
2810.08	1.46339	-2.96434
2820.85	1.42273	-2.98418
2831.62	1.38699	-3.00306
2842.38	1.35563	-3.02113
2853.15	1.32819	-3.03849
2863.92	1.30432	-3.05525
2874.68	1.28368	-3.07149
2885.45	1.26603	-3.08728
2896.22	1.25113	-3.10269
2906.98	1.23882	-3.11777
2917.75	1.22893	-3.13257
2928.52	1.22135	3.13605
2939.28	1.21597	3.12168
2950.05	1.21274	3.10746
2960.82	1.21158	3.09336
2971.58	1.21248	3.07935
2982.35	1.2154	3.06539
2993.12	1.22035	3.05146
3003.88	1.22736	3.03753
3014.65	1.23645	3.02356
3025.42	1.24768	3.00953
3036.18	1.26112	2.99541
3046.95	1.27687	2.98117
3057.71	1.29505	2.96676
3068.48	1.31578	2.95217
3079.25	1.33924	2.93734
3090.01	1.36563	2.92225
3100.78	1.39518	2.90684
3111.55	1.42815	2.89106
3122.31	1.46487	2.87486
3133.08	1.50572	2.85818
3143.85	1.55113	2.84093
3154.61	1.60162	2.82304
3165.38	1.65781	2.80441
3176.15	1.72042	2.78493
3186.91	1.79031	2.76445
3197.68	1.86852	2.74282
3208.45	1.9563	2.71984
3219.21	2.05516	2.69526
3229.98	2.16693	2.6688
3240.75	2.29388	2.6401
3251.51	2.43879	2.60868
3262.28	2.60511	2.57396
3273.05	2.79713	2.5352
3283.81	3.0202	2.49141
3294.58	3.2809	2.44131
3305.35	3.58722	2.38317
3316.11	3.94842	2.31471
3326.88	4.37413	2.23287
3337.65	4.87162	2.13364
3348.41	5.43913	2.01209
3359.18	6.05231	1.86289
3369.95	6.64382	1.68229
3380.71	7.09206	1.47193
3391.48	7.25803	1.24297
3402.25	7.0799	1.01492
3413.01	6.62789	0.80679
3423.78	6.04183	0.628848
3434.55	5.43925	0.482081
3445.31	4.88354	0.362457
3456.08	4.39699	0.264639
3466.85	3.98066	0.183756
3477.61	3.62725	0.115898
3488.38	3.32733	0.0580799
3499.15	3.07191	0.00806582
3509.91	2.85324	-0.035818
3520.68	2.66491	-0.0748315
3531.45	2.50174	-0.109933
3542.21	2.35958	-0.141858
3552.98	2.23505	-0.171181
3563.75	2.12545	-0.198354
3574.51	2.02857	-0.223737
3585.28	1.94263	-0.247621
3596.04	1.86614	-0.270243
3606.81	1.79789	-0.291797
3617.58	1.73686	-0.312447
3628.34	1.68222	-0.33233
3639.11	1.63324	-0.35156
3649.88	1.58934	-0.37024
3660.64	1.55001	-0.388454
3671.41	1.51481	-0.406278
3682.18	1.48338	-0.42378
3692.94	1.4554	-0.44102
3703.71	1.43062	-0.458053
3714.48	1.40881	-0.474927
3725.24	1.38977	-0.49169
3736.01	1.37334	-0.508385
3746.78	1.3594	-0.525053
3757.54	1.34782	-0.541736
3768.31	1.33853	-0.558472
3779.08	1.33145	-0.5753
3789.84	1.32653	-0.592261
3800.61	1.32373	-0.609393
3811.38	1.32305	-0.62674
3822.14	1.32447	-0.644344
3832.91	1.32803	-0.662251
3843.68	1.33375	-0.680511
3854.44	1.34168	-0.699177
3865.21	1.35189	-0.718306
3875.98	1.36446	-0.737962
3886.74	1.37952	-0.758215
3897.51	1.39717	-0.779143
3908.28	1.41759	-0.800832
3919.04	1.44094	-0.823382
3929.81	1.46744	-0.846904
3940.58	1.49733	-0.871526
3951.34	1.53087	-0.897392
3962.11	1.5684	-0.924671
3972.88	1.61025	-0.953556
3983.64	1.65683	-0.984272
3994.41	1.70857	-1.01708
4005.18	1.76596	-1.05229
4015.94	1.82951	-1.09025
4026.71	1.89974	-1.13139
4037.48	1.97718	-1.17618
4048.24	2.06226	-1.22521
4059.01	2.15528	-1.27912
4069.78	2.25623	-1.33865
4080.54	2.36464	-1.40463
4091.31	2.47924	-1.47793
4102.08	2.5976	-1.55942
4112.84	2.71574	-1.64983
4123.61	2.82775	-1.74963
4134.38	2.9257	-1.85877
4145.14	3.00025	-1.97645
4155.91	3.04207	-2.10093
4166.67	3.04401	-2.22955
4177.44	3.00327	-2.35901
4188.21	2.92249	-2.48587
4198.97	2.80897	-2.60709
4209.74	2.67265	-2.72047
4220.51	2.52365	-2.82478
4231.27	2.37065	-2.91963
4242.04	2.22006	-3.00527
4252.81	2.0761	-3.08232
4263.57	1.94116	3.13158
4274.34	1.81632	3.06918
4285.11	1.70179	3.01281
4295.87	1.59726	2.96169
4306.64	1.50212	2.91514
4317.41	1.41563	2.87253
4328.17	1.33701	2.83334
4338.94	1.2655	2.79714
4349.71	1.20036	2.76352
4360.47	1.14096	2.73217
4371.24	1.08667	2.70281
4382.01	1.03699	2.67519
4392.77	0.991416	2.64911
4403.54	0.949544	2.6244
4414.31	0.910999	2.60089
4425.07	0.875452	2.57847
4435.84	0.842612	2.55701
4446.61	0.812223	2.53641
4457.37	0.784059	2.51658
4468.14	0.757916	2.49746
4478.91	0.733616	2.47896
4489.67	0.711	2.46103
4500.44	0.689926	2.44362
4511.21	0.670267	2.42668
4521.97	0.651909	2.41016
4532.74	0.63475	2.39403
4543.51	0.618699	2.37825
4554.27	0.603674	2.36279
4565.04	0.5896	2.34763
4575.81	0.576411	2.33274
4586.57	0.564045	2.31808
4597.34	0.552448	2.30366
4608.11	0.54157	2.28943
4618.87	0.531366	2.2754
4629.64	0.521795	2.26153
4640.41	0.512819	2.24781
4651.17	0.504404	2.23424
4661.94	0.496519	2.22079
4672.71	0.489135	2.20745
4683.47	0.482228	2.19422
4694.24	0.475773	2.18108
4705	0.469749	2.16802
4715.77	0.464135	2.15503
4726.54	0.458916	2.1421
4737.3	0.454072	2.12922
4748.07	0.449592	2.11639
4758.84	0.445459	2.1036
4769.6	0.441664	2.09084
4780.37	0.438194	2.07809
4791.14	0.435039	2.06536
4801.9	0.432191	2.05264
4812.67	0.429643	2.03991
4823.44	0.427386	2.02718
4834.2	0.425416	2.01443
4844.97	0.423727	2.00166
4855.74	0.422314	1.98886
4866.5	0.421174	1.97602
4877.27	0.420305	1.96314
4888.04	0.419705	1.95021
4898.8	0.419371	1.93722
4909.57	0.419305	1.92417
4920.34	0.419505	1.91104
4931.1	0.419973	1.89784
4941.87	0.420711	1.88454
4952.64	0.421722	1.87115
4963.4	0.423007	1.85766
4974.17	0.424573	1.84405
4984.94	0.426423	1.83031
4995.7	0.428563	1.81644
5006.47	0.431	1.80243
5017.24	0.433742	1.78827
5028	0.436796	1.77393
5038.77	0.440173	1.75942
5049.54	0.443883	1.74472
5060.3	0.447939	1.72981
5071.07	0.452352	1.71468
5081.84	0.457138	1.69931
5092.6	0.462313	1.68369
5103.37	0.467893	1.6678
5114.14	0.473898	1.65162
5124.9	0.480348	1.63513
5135.67	0.487267	1.6183
5146.44	0.494679	1.60112
5157.2	0.50261	1.58354
5167.97	0.511091	1.56555
5178.74	0.520153	1.54712
5189.5	0.529832	1.5282
5200.27	0.540164	1.50876
5211.04	0.551192	1.48876
5221.8	0.562959	1.46815
5232.57	0.575515	1.44689
5243.33	0.588912	1.42491
5254.1	0.603206	1.40217
5264.87	0.618459	1.37858
5275.63	0.634735	1.35408
5286.4	0.652105	1.32858
5297.17	0.670642	1.302
5307.93	0.690426	1.27423
5318.7	0.711536	1.24516
5329.47	0.734055	1.21468
5340.23	0.758065	1.18263
5351	0.783646	1.14889
5361.77	0.810875	1.11329
5372.53	0.839825	1.07566
5383.3	0.870551	1.03579
5394.07	0.903076	0.99348
5404.83	0.937388	0.948499
5415.6	0.973422	0.900617
5426.37	1.01104	0.849597
5437.13	1.05003	0.795205
5447.9	1.09004	0.737224
5458.67	1.1306	0.675468
5469.43	1.17107	0.609803
5480.2	1.21065	0.540171
5490.97	1.24834	0.46662
5501.73	1.28303	0.389333
5512.5	1.31352	0.308644
5523.27	1.3386	0.225061
5534.03	1.35719	0.139253
5544.8	1.36846	0.052029
5555.57	1.37193	-0.0357063
5566.33	1.36754	-0.123016
5577.1	1.35566	-0.208995
5587.87	1.33703	-0.292834
5598.63	1.31265	-0.373862
5609.4	1.28367	-0.451571
5620.17	1.25127	-0.525625
5630.93	1.21658	-0.595842
5641.7	1.18058	-0.662173
5652.47	1.14412	-0.724677
5663.23	1.10785	-0.783487
5674	1.0723	-0.838791
5684.77	1.03784	-0.890809
5695.53	1.00473	-0.939775
5706.3	0.973144	-0.985928
5717.07	0.943168	-1.0295
5727.83	0.914846	-1.07072
5738.6	0.888182	-1.1098
5749.37	0.863148	-1.14693
5760.13	0.839699	-1.1823
5770.9	0.817777	-1.21607
5781.67	0.797318	-1.2484
5792.43	0.778252	-1.27942
5803.2	0.760511	-1.30927
5813.96	0.744028	-1.33805
5824.73	0.728736	-1.36588
5835.5	0.714575	-1.39284
5846.26	0.701485	-1.41904
5857.03	0.689414	-1.44454
5867.8	0.678312	-1.46943
5878.56	0.668135	-1.49378
5889.33	0.658842	-1.51765
5900.1	0.650398	-1.54111
5910.86	0.642771	-1.56422
5921.63	0.635936	-1.58703
5932.4	0.62987	-1.60961
5943.16	0.624555	-1.63202
5953.93	0.61998	-1.65431
5964.7	0.616134	-1.67655
5975.46	0.613017	-1.69881
5986.23	0.61063	-1.72117
5997	0.60898	-1.74371
6007.76	0.608082	-1.76653
6018.53	0.607956	-1.78975
6029.3	0.608627	-1.81352
6040.06	0.610128	-1.83802
6050.83	0.612494	-1.86348
6061.6	0.615758	-1.89022
6072.36	0.619947	-1.91863
6083.13	0.62505	-1.94927
6093.9	0.630987	-1.98289
6104.66	0.637519	-2.02046
6115.43	0.644088	-2.06332
6126.2	0.64952	-2.11298
6136.96	0.651573	-2.17082
6147.73	0.646521	-2.23667
6158.5	0.629723	-2.30604
6169.26	0.598912	-2.36685
6180.03	0.55934	-2.40193
6190.8	0.5232	-2.40206
6201.56	0.500356	-2.37633
6212.33	0.492249	-2.34348
6223.1	0.494961	-2.31696
6233.86	0.504058	-2.30134
6244.63	0.516503	-2.29611
6255.4	0.53061	-2.29927
6266.16	0.545552	-2.30882
6276.93	0.56097	-2.32325
6287.7	0.576743	-2.34146
6298.46	0.592866	-2.36273
6309.23	0.609388	-2.38658
6320	0.626378	-2.41268
6330.76	0.643913	-2.44085
6341.53	0.662067	-2.471
6352.29	0.680908	-2.50309
6363.06	0.700491	-2.53714
6373.83	0.720862	-2.57319
6384.59	0.742048	-2.61133
6395.36	0.764055	-2.65166
6406.13	0.786863	-2.69431
6416.89	0.810419	-2.73942
6427.66	0.834631	-2.78713
6438.43	0.859357	-2.83758
6449.19	0.884394	-2.89092
6459.96	0.909473	-2.94727
6470.73	0.93425	-3.00671
6481.49	0.958299	-3.06932
6492.26	0.981113	-3.13507
6503.03	1.00212	3.0793
6513.79	1.02069	3.00759
6524.56	1.03618	2.93326
6535.33	1.04799	2.85669
6546.09	1.05557	2.77836
6556.86	1.05853	2.69884
6567.63	1.05664	2.61878
6578.39	1.0499	2.53884
6589.16	1.03849	2.45968
6599.93	1.02283	2.38192
6610.69	1.00344	2.30607
6621.46	0.980972	2.23257
6632.23	0.956059	2.16172
6642.99	0.929351	2.09378
6653.76	0.901459	2.02887
6664.53	0.872933	1.96706
6675.29	0.844244	1.90832
6686.06	0.815774	1.8526
6696.83	0.787827	1.79976
6707.59	0.760627	1.74968
6718.36	0.734338	1.70218
6729.13	0.709067	1.65711
6739.89	0.684881	1.6143
6750.66	0.661812	1.57357
6761.43	0.639867	1.53478
6772.19	0.619032	1.49778
6782.96	0.599282	1.46241
6793.73	0.580582	1.42855
6804.49	0.562888	1.39607
6815.26	0.546155	1.36487
6826.03	0.530335	1.33484
6836.79	0.51538	1.30588
6847.56	0.501243	1.27791
6858.33	0.487876	1.25084
6869.09	0.475234	1.22461
6879.86	0.463274	1.19914
6890.63	0.451955	1.17438
6901.39	0.441239	1.15027
6912.16	0.431088	1.12675
6922.92	0.421468	1.10378
6933.69	0.412347	1.08132
6944.46	0.403694	1.05933
6955.22	0.39548	1.03777
6965.99	0.387678	1.0166
6976.76	0.380264	0.995799
6987.52	0.373214	0.975334
6998.29	0.366505	0.955178
7009.06	0.360117	0.935306
7019.82	0.354029	0.915697
7030.59	0.348223	0.896328
7041.36	0.342682	0.877181
7052.12	0.337387	0.858238
7062.89	0.332322	0.839481
7073.66	0.327473	0.820897
7084.42	0.322823	0.80247
7095.19	0.318358	0.784191
7105.96	0.314064	0.766046
7116.72	0.309925	0.748029
7127.49	0.305927	0.730131
7138.26	0.302056	0.712348
7149.02	0.298297	0.694677
7159.79	0.294634	0.677118
7170.56	0.291052	0.659676
7181.32	0.287534	0.642358
7192.09	0.284063	0.625178
7202.86	0.28062	0.608155
7213.62	0.277185	0.59132
7224.39	0.273735	0.574711
7235.16	0.270249	0.558385
7245.92	0.266699	0.542413
7256.69	0.263059	0.526896
7267.46	0.2593	0.511964
7278.22	0.25539	0.497795
7288.99	0.251298	0.484625
7299.76	0.246995	0.472767
7310.52	0.242455	0.462643
7321.29	0.237665	0.45481
7332.06	0.232631	0.450009
7342.82	0.227398	0.4492
7353.59	0.222069	0.453596
7364.36	0.216845	0.464653
7375.12	0.212072	0.483933
7385.89	0.20829	0.512757
7396.66	0.206265	0.551489
7407.42	0.206954	0.598501
7418.19	0.211329	0.649282
7428.96	0.220066	0.696661
7439.72	0.233204	0.732797
7450.49	0.249991	0.752014
7461.25	0.269061	0.752532
7472.02	0.288828	0.736172
7482.79	0.307905	0.706812
7493.55	0.325349	0.66879
7504.32	0.340707	0.625893
7515.09	0.35392	0.580953
7525.85	0.365179	0.535857
7536.62	0.374788	0.491732
7547.39	0.383084	0.449162
7558.15	0.39038	0.40838
7568.92	0.396947	0.369408
7579.69	0.403008	0.332148
7590.45	0.408742	0.296443
7601.22	0.414292	0.262114
7611.99	0.419769	0.228978
7622.75	0.42526	0.196858
7633.52	0.430836	0.165593
7644.29	0.436553	0.135032
7655.05	0.442455	0.105042
7665.82	0.44858	0.0755016
7676.59	0.454959	0.0463008
7687.35	0.46162	0.0173411
7698.12	0.468586	-0.0114674
7708.89	0.475878	-0.040207
7719.65	0.483517	-0.0689536
7730.42	0.49152	-0.0977776
7741.19	0.499904	-0.126746
7751.95	0.508686	-0.15592
7762.72	0.517882	-0.185362
7773.49	0.527506	-0.215128
7784.25	0.537574	-0.245275
7795.02	0.548098	-0.275859
7805.79	0.559092	-0.306935
7816.55	0.570568	-0.338555
7827.32	0.582535	-0.370775
7838.09	0.595003	-0.403648
7848.85	0.607978	-0.437229
7859.62	0.621465	-0.471574
7870.39	0.635462	-0.506737
7881.15	0.649967	-0.542776
7891.92	0.664969	-0.579749
7902.69	0.680448	-0.61771
7913.45	0.696378	-0.65671
7924.22	0.712722	-0.696791
7934.99	0.72944	-0.737988
7945.75	0.746486	-0.780336
7956.52	0.763803	-0.823869
7967.29	0.781325	-0.86862
7978.05	0.798965	-0.914615
7988.82	0.816626	-0.961871
7999.58	0.834193	-1.01039
8010.35	0.851539	-1.06017
8021.12	0.868524	-1.11117
8031.88	0.884997	-1.16336
8042.65	0.900801	-1.21669
8053.42	0.915774	-1.27106
8064.18	0.929754	-1.3264
8074.95	0.942584	-1.38257
8085.72	0.954118	-1.43946
8096.48	0.964226	-1.49692
8107.25	0.9728	-1.55479
8118.02	0.979757	-1.61291
8128.78	0.985042	-1.6711
8139.55	0.988633	-1.72918
8150.32	0.990539	-1.787
8161.08	0.9908	-1.84439
8171.85	0.989484	-1.90118
8182.62	0.986684	-1.95726
8193.38	0.982513	-2.01248
8204.15	0.9771	-2.06675
8214.92	0.970584	-2.11998
8225.68	0.96311	-2.17209
8236.45	0.954821	-2.22304
8247.22	0.94586	-2.27279
8257.98	0.936364	-2.32132
8268.75	0.926461	-2.36862
8279.52	0.916268	-2.4147
8290.28	0.905894	-2.45956
8301.05	0.895435	-2.50325
8311.82	0.884976	-2.54578
8322.58	0.874591	-2.58719
8333.35	0.864344	-2.62752
8344.12	0.85429	-2.66681
8354.88	0.844475	-2.70512
8365.65	0.834936	-2.74248
8376.42	0.825705	-2.77894
8387.18	0.816808	-2.81455
8397.95	0.808263	-2.84936
8408.72	0.800086	-2.8834
8419.48	0.792289	-2.91672
8430.25	0.784879	-2.94938
8441.02	0.777861	-2.98139
8451.78	0.77124	-3.01282
8462.55	0.765016	-3.04369
8473.32	0.759189	-3.07404
8484.08	0.753758	-3.1039
8494.85	0.748719	-3.13332
8505.62	0.744071	3.12087
8516.38	0.73981	3.09225
8527.15	0.735931	3.064
8537.92	0.732431	3.03608
8548.68	0.729306	3.00846
8559.45	0.726552	2.98112
8570.21	0.724164	2.95404
8580.98	0.722139	2.92718
8591.75	0.720473	2.90053
8602.51	0.719163	2.87407
8613.28	0.718205	2.84777
8624.05	0.717598	2.82162
8634.81	0.717338	2.7956
8645.58	0.717424	2.76968
8656.35	0.717853	2.74385
8667.11	0.718624	2.71809
8677.88	0.719737	2.69238
8688.65	0.72119	2.66672
8699.41	0.722983	2.64107
8710.18	0.725117	2.61543
8720.95	0.727592	2.58978
8731.71	0.73041	2.56411
8742.48	0.733573	2.5384
8753.25	0.737085	2.51264
8764.01	0.740948	2.48681
8774.78	0.745166	2.4609
8785.55	0.749745	2.43489
8796.31	0.754689	2.40877
8807.08	0.760003	2.38251
8817.85	0.765694	2.35612
8828.61	0.771768	2.32956
8839.38	0.778231	2.30283
8850.15	0.78509	2.27591
8860.91	0.792355	2.24877
8871.68	0.800032	2.2214
8882.45	0.808131	2.19379
8893.21	0.816661	2.16591
8903.98	0.825631	2.13775
8914.75	0.835054	2.10929
8925.51	0.844939	2.0805
8936.28	0.855299	2.05136
8947.05	0.866146	2.02185
8957.81	0.877493	1.99195
8968.58	0.889353	1.96163
8979.35	0.901741	1.93087
8990.11	0.914672	1.89963
9000.88	0.928161	1.86788
9011.65	0.942224	1.8356
9022.41	0.956877	1.80275
9033.18	0.972139	1.76929
9043.95	0.988026	1.73518
9054.71	1.00456	1.70038
9065.48	1.02175	1.66484
9076.25	1.03962	1.62851
9087.01	1.0582	1.59133
9097.78	1.07749	1.55323
9108.54	1.09752	1.51416
9119.31	1.1183	1.47404
9130.08	1.13985	1.43277
9140.84	1.1622	1.39026
9151.61	1.18534	1.34641
9162.38	1.20929	1.30109
9173.14	1.23406	1.25416
9183.91	1.25965	1.20547
9194.68	1.28604	1.15482
9205.44	1.3132	1.10201
9216.21	1.34111	1.04679
9226.98	1.36968	0.988864
9237.74	1.39881	0.927892
9248.51	1.42834	0.863468
9259.28	1.45803	0.795113
9270.04	1.48753	0.722255
9280.81	1.51636	0.64422
9291.58	1.5438	0.560205
9302.34	1.56885	0.469274
9313.11	1.5901	0.370342
9323.88	1.60563	0.262185
9334.64	1.61291	0.143475
9345.41	1.60876	0.0128511
9356.18	1.58946	-0.13096
9366.94	1.55124	-0.288993
9377.71	1.49113	-0.461924
9388.48	1.40817	-0.650102
9399.24	1.30461	-0.853903
9410.01	1.18651	-1.07444
9420.78	1.06338	-1.3144
9431.54	0.94712	-1.57836
9442.31	0.8508	-1.87104
9453.08	0.787347	-2.19215
9463.84	0.767108	-2.52943
9474.61	0.794471	-2.85913
9485.38	0.866678	3.12412
9496.14	0.976772	2.86296
9506.91	1.11745	2.63762
9517.68	1.28279	2.4402
9528.44	1.46808	2.26272
9539.21	1.66914	2.09881
9549.98	1.88171	1.944
9560.74	2.10116	1.79537
9571.51	2.32251	1.65122
9582.28	2.54068	1.51074
9593.04	2.75089	1.37369
9603.81	2.94904	1.24021
9614.58	3.13205	1.11059
9625.34	3.29803	0.98517
9636.11	3.44623	0.864248
9646.88	3.57688	0.748012
9657.64	3.69097	0.636537
9668.41	3.79	0.529794
9679.17	3.87571	0.427659
9689.94	3.94997	0.329943
9700.71	4.01455	0.23641
9711.47	4.07117	0.146799
9722.24	4.12134	0.0608351
9733.01	4.16642	-0.0217543
9743.77	4.2076	-0.101237
9754.54	4.24591	-0.177867
9765.31	4.28223	-0.251886
9776.07	4.31733	-0.323517
9786.84	4.35187	-0.39297
9797.61	4.38641	-0.460438
9808.37	4.42147	-0.5261
9819.14	4.45747	-0.59012
9829.91	4.49481	-0.652652
9840.67	4.53384	-0.713838
9851.44	4.57488	-0.773811
9862.21	4.61823	-0.832693
9872.97	4.66417	-0.8906
9883.74	4.71295	-0.947643
9894.51	4.76483	-1.00393
9905.27	4.82007	-1.05954
9916.04	4.8789	-1.1146
9926.81	4.94158	-1.16917
9937.57	5.00834	-1.22336
9948.34	5.07944	-1.27725
9959.11	5.15513	-1.33093
9969.87	5.23567	-1.38448
9980.64	5.32133	-1.43798
9991.41	5.41238	-1.49153
10002.2	5.5091	-1.5452
10012.9	5.61177	-1.59909
10023.7	5.72068	-1.65329
10034.5	5.83613	-1.70788
10045.2	5.95838	-1.76297
10056	6.08772	-1.81865
10066.8	6.2244	-1.87503
10077.5	6.36867	-1.9322
10088.3	6.5207	-1.99029
10099.1	6.68065	-2.04941
10109.8	6.84858	-2.10967
10120.6	7.02445	-2.17121
10131.4	7.20813	-2.23414
10142.1	7.39928	-2.2986
10152.9	7.59741	-2.36471
10163.7	7.80175	-2.4326
10174.4	8.01126	-2.5024
10185.2	8.22456	-2.5742
10196	8.43986	-2.6481
10206.7	8.65499	-2.72419
10217.5	8.86728	-2.8025
10228.3	9.07366	-2.88304
10239	9.27062	-2.96578
10249.8	9.45434	-3.05063
10260.6	9.62081	-3.13744
10271.3	9.76601	3.05718
10282.1	9.88613	2.96712
10292.9	9.97785	2.87589
10303.6	10.0386	2.78388
10314.4	10.0666	2.69149
10325.2	10.0613	2.59914
10335.9	10.0234	2.50727
10346.7	9.95423	2.41626
10357.5	9.8565	2.3265
10368.2	9.73343	2.23829
10379	9.58875	2.15189
10389.8	9.42643	2.06751
10400.5	9.25043	1.98528
10411.3	9.06453	1.90527
10422.1	8.87222	1.82752
10432.8	8.67656	1.752
10443.6	8.48021	1.67866
10454.4	8.28538	1.60742
10465.1	8.09386	1.53819
10475.9	7.90708	1.47083
10486.7	7.72612	1.40524
10497.4	7.55177	1.34128
10508.2	7.38461	1.27882
10519	7.22497	1.21771
10529.7	7.07307	1.15784
10540.5	6.92897	1.09908
10551.3	6.79264	1.04129
10562	6.66398	0.984368
10572.8	6.54281	0.928185
10583.6	6.42893	0.872634
10594.3	6.32209	0.817606
10605.1	6.22202	0.762997
10615.9	6.12844	0.708705
10626.6	6.04105	0.654635
10637.4	5.95955	0.600691
10648.2	5.88363	0.546781
10658.9	5.81296	0.492815
10669.7	5.74721	0.438707
10680.5	5.68607	0.384369
10691.2	5.62918	0.32972
10702	5.5762	0.274676
10712.8	5.52677	0.219157
10723.5	5.48051	0.163085
10734.3	5.43704	0.106384
10745.1	5.39595	0.0489802
10755.8	5.35681	-0.00919888
10766.6	5.31917	-0.0682209
10777.4	5.28257	-0.128151
10788.1	5.24651	-0.189048
10798.9	5.21048	-0.25097
10809.7	5.17395	-0.313965
10820.4	5.13636	-0.378079
10831.2	5.09714	-0.443347
10842	5.05572	-0.509801
10852.7	5.01152	-0.577463
10863.5	4.96397	-0.64635
10874.3	4.9125	-0.716471
10885	4.85655	-0.787828
10895.8	4.79561	-0.860421
10906.6	4.72916	-0.934245
10917.3	4.6567	-1.00929
10928.1	4.57777	-1.08556
10938.9	4.49188	-1.16305
10949.6	4.39851	-1.24174
10960.4	4.29713	-1.32165
10971.2	4.18707	-1.40275
10981.9	4.0676	-1.48503
10992.7	3.93785	-1.56838
11003.5	3.79684	-1.65266
11014.2	3.64355	-1.73757
11025	3.4771	-1.82256
11035.8	3.29701	-1.90681
11046.5	3.10365	-1.98901
11057.3	2.89877	-2.06734
11068.1	2.68599	-2.13944
11078.8	2.47112	-2.20252
11089.6	2.26182	-2.25379
11100.4	2.06668	-2.29109
11111.1	1.89357	-2.31366
11121.9	1.74805	-2.32283
11132.7	1.63215	-2.32197
11143.4	1.54429	-2.31571
11154.2	1.48023	-2.30874
11165	1.43446	-2.30465
11175.7	1.40152	-2.30554
11186.5	1.37683	-2.31218
11197.3	1.35694	-2.32438
11208	1.33946	-2.34151
11218.8	1.32288	-2.36273
11229.6	1.30631	-2.38724
11240.3	1.28928	-2.41431
11251.1	1.27161	-2.44332
11261.9	1.25326	-2.47379
11272.6	1.2343	-2.50534
11283.4	1.21485	-2.53765
11294.2	1.19502	-2.57049
11304.9	1.17497	-2.6037
11315.7	1.15482	-2.63713
11326.5	1.13468	-2.6707
11337.2	1.11466	-2.70433
11348	1.09483	-2.73798
11358.8	1.07529	-2.77161
11369.5	1.05607	-2.8052
11380.3	1.03724	-2.83876
11391.1	1.01882	-2.87226
11401.8	1.00086	-2.90574
11412.6	0.983354	-2.93919
11423.4	0.966329	-2.97263
11434.1	0.949789	-3.00608
11444.9	0.933732	-3.03957
11455.7	0.918156	-3.07311
11466.4	0.903048	-3.10674
11477.2	0.888397	-3.14049
11488	0.874183	3.10881
11498.7	0.860382	3.07476
11509.5	0.846969	3.04051
11520.3	0.833911	3.00604
11531	0.82117	2.97134
11541.8	0.808705	2.93638
11552.6	0.796466	2.90117
11563.3	0.784398	2.86572
11574.1	0.77244	2.83004
11584.9	0.760525	2.7942
11595.6	0.748579	2.75828
11606.4	0.736527	2.72244
11617.2	0.724297	2.68688
11627.9	0.711831	2.65193
11638.7	0.699102	2.61802
11649.5	0.686149	2.58579
11660.2	0.673122	2.55606
11671	0.660373	2.52992
11681.8	0.648572	2.50868
11692.5	0.638889	2.49373
11703.3	0.633197	2.48613
11714.1	0.634243	2.48579
11724.8	0.645615	2.49027
11735.6	0.671246	2.49373
11746.4	0.714342	2.48715
11757.1	0.775989	2.46053
11767.9	0.854123	2.40614
11778.7	0.943371	2.32057
11789.4	1.03579	2.2046
11800.2	1.12211	2.06197
11811	1.19325	1.89789
11821.7	1.24172	1.71812
11832.5	1.2629	1.52851
11843.3	1.25581	1.33456
11854	1.22315	1.14115
11864.8	1.17034	0.952162
11875.6	1.10412	0.77024
11886.3	1.03108	0.596801
11897.1	0.956676	0.432212
11907.9	0.884857	0.276096
11918.6	0.818176	0.127638
11929.4	0.758058	-0.0141574
11940.2	0.705137	-0.150283
11950.9	0.659542	-0.281613
11961.7	0.6211	-0.408834
11972.5	0.589488	-0.532428
11983.2	0.564316	-0.652667
11994	0.545184	-0.769655
12004.8	0.531717	-0.883366
12015.5	0.523577	-0.993703
12026.3	0.520483	-1.10056
12037.1	0.522211	-1.20386
12047.8	0.528603	-1.30363
12058.6	0.539572	-1.39997
12069.4	0.555107	-1.49314
12080.1	0.575271	-1.58346
12090.9	0.600213	-1.67141
12101.7	0.630164	-1.75755
12112.4	0.665443	-1.8425
12123.2	0.706463	-1.92698
12134	0.753726	-2.01178
12144.7	0.807828	-2.09774
12155.5	0.869448	-2.1858
12166.3	0.939323	-2.27698
12177	1.0182	-2.3724
12187.8	1.10672	-2.47334
12198.6	1.20526	-2.58115
12209.3	1.3136	-2.69734
12220.1	1.43046	-2.82337
12230.9	1.55286	-2.96053
12241.6	1.67553	-3.10958
12252.4	1.79064	3.01289
12263.2	1.88866	2.84214
12273.9	1.96048	2.66441
12284.7	2.00024	2.48367
12295.5	2.00707	2.30368
12306.2	1.98435	2.12701
12317	1.93705	1.95455
12327.8	1.86911	1.78602
12338.5	1.78237	1.62092
12349.3	1.67751	1.45964
12360.1	1.556	1.30399
12370.8	1.42161	1.15695
12381.6	1.28049	1.0219
12392.4	1.13964	0.901583
12403.1	1.00509	0.797614
12413.9	0.880864	0.710499
12424.7	0.7689	0.64
12435.4	0.669539	0.585586
12446.2	0.582164	0.546816
12457	0.505711	0.523611
12467.7	0.439004	0.516438
12478.5	0.380953	0.526459
12489.3	0.330656	0.555657
12500	0.287457	0.606954
12510.8	0.251004	0.684231
12521.6	0.221319	0.791992
12532.3	0.198889	0.934056
12543.1	0.18473	1.11048
12553.9	0.180299	1.31294
12564.6	0.18716	1.52242
12575.4	0.206571	1.71457
12586.2	0.239361	1.86984
12596.9	0.286053	1.9786
12607.7	0.346753	2.03938
12618.5	0.42061	2.05545
12629.2	0.505183	2.03299
12640	0.596376	1.98015
12650.8	0.689363	1.90615
12661.5	0.78014	1.81967
12672.3	0.86666	1.72748
12683.1	0.94889	1.63375
12693.8	1.02808	1.5403
12704.6	1.10587	1.44726
12715.4	1.1837	1.35382
12726.1	1.26238	1.25874
12736.9	1.34195	1.16067
12747.7	1.42152	1.05843
12758.4	1.49922	0.951109
12769.2	1.57218	0.838279
12780	1.6367	0.720084
12790.7	1.68873	0.59735
12801.5	1.72454	0.471578
12812.3	1.74156	0.344808
12823	1.739	0.219348
12833.8	1.71803	0.09744
12844.6	1.68149	-0.0190456
12855.3	1.6331	-0.128795
12866.1	1.57679	-0.23109
12876.9	1.51612	-0.325736
12887.6	1.45395	-0.412933
12898.4	1.39239	-0.493139
12909.2	1.3329	-0.56695
12919.9	1.27636	-0.635017
12930.7	1.22327	-0.69799
12941.5	1.17383	-0.756484
12952.2	1.12806	-0.811063
12963	1.08585	-0.862235
12973.8	1.04704	-0.910449
12984.5	1.01142	-0.956104
12995.3	0.978763	-0.999549
13006.1	0.948853	-1.04109
13016.8	0.921476	-1.081
13027.6	0.896434	-1.11952
13038.4	0.873539	-1.15686
13049.1	0.852623	-1.19322
13059.9	0.833532	-1.22876
13070.7	0.816127	-1.26364
13081.4	0.800286	-1.29801
13092.2	0.785896	-1.33201
13103	0.772861	-1.36577
13113.7	0.761093	-1.39943
13124.5	0.750512	-1.43311
13135.3	0.741045	-1.46696
13146	0.732619	-1.50113
13156.8	0.725153	-1.53579
13167.6	0.718562	-1.57109
13178.3	0.712749	-1.6072
13189.1	0.707611	-1.64426
13199.9	0.703038	-1.68244
13210.6	0.698915	-1.72187
13221.4	0.695122	-1.76272
13232.2	0.691521	-1.80513
13242.9	0.687955	-1.8493
13253.7	0.684233	-1.89538
13264.5	0.68013	-1.94355
13275.2	0.67537	-1.99397
13286	0.669631	-2.04675
13296.8	0.662534	-2.10196
13307.5	0.653654	-2.15954
13318.3	0.642533	-2.21932
13329.1	0.628709	-2.28091
13339.8	0.61176	-2.34366
13350.6	0.591369	-2.40659
13361.4	0.5674	-2.46836
13372.1	0.539973	-2.52718
13382.9	0.509526	-2.58084
13393.7	0.476834	-2.62675
13404.4	0.442995	-2.66205
13415.2	0.409365	-2.68375
13426	0.377461	-2.68912
13436.7	0.34885	-2.67617
13447.5	0.325017	-2.64443
13458.3	0.307202	-2.5958
13469	0.296226	-2.53503
13479.8	0.292345	-2.46917
13490.6	0.29522	-2.40589
13501.3	0.304055	-2.35155
13512.1	0.317824	-2.31
13522.9	0.335497	-2.28271
13533.6	0.356165	-2.26948
13544.4	0.379087	-2.26921
13555.2	0.403676	-2.28057
13565.9	0.429451	-2.30225
13576.7	0.455993	-2.33311
13587.5	0.482897	-2.37224
13598.2	0.509728	-2.41885
13609	0.535998	-2.47228
13619.8	0.561147	-2.53191
13630.5	0.584543	-2.59708
13641.3	0.605508	-2.66706
13652.1	0.623366	-2.74097
13662.8	0.637508	-2.8178
13673.6	0.647477	-2.8964
13684.4	0.65303	-2.97556
13695.1	0.654189	-3.05404
13705.9	0.65124	-3.13068
13716.7	0.644698	3.07872
13727.4	0.63524	3.00859
13738.2	0.623628	2.94269
13749	0.610629	2.88133
13759.7	0.596956	2.8246
13770.5	0.583232	2.77238
13781.3	0.569971	2.7244
13792	0.557578	2.68025
13802.8	0.546364	2.63945
13813.5	0.536559	2.60143
13824.3	0.52833	2.56557
13835.1	0.521785	2.53117
13845.8	0.51698	2.49749
13856.6	0.513916	2.46374
13867.4	0.512536	2.42911
13878.1	0.512715	2.39278
13888.9	0.514255	2.35395
13899.7	0.516869	2.31188
13910.4	0.52018	2.26597
13921.2	0.523717	2.21575
13932	0.526926	2.161
13942.7	0.529205	2.10176
13953.5	0.529948	2.03838
13964.3	0.528617	1.97151
13975	0.524807	1.90207
13985.8	0.51831	1.83115
13996.6	0.509137	1.75991
14007.3	0.497511	1.68948
14018.1	0.483814	1.62083
14028.9	0.468524	1.55471
14039.6	0.452146	1.49165
14050.4	0.435152	1.43195
14061.2	0.41795	1.3757
14071.9	0.400867	1.32286
14082.7	0.384146	1.27328
14093.5	0.367957	1.22673
14104.2	0.352409	1.18297
14115	0.337561	1.14172
14125.8	0.323438	1.10272
14136.5	0.310035	1.06571
14147.3	0.297333	1.03043
14158.1	0.285298	0.99667
14168.8	0.273889	0.964204
14179.6	0.263057	0.932839
14190.4	0.252753	0.902398
14201.1	0.242924	0.872716
14211.9	0.233519	0.843648
14222.7	0.224482	0.815063
14233.4	0.215761	0.786849
14244.2	0.207301	0.758911
14255	0.199047	0.731178
14265.7	0.190942	0.703606
14276.5	0.182926	0.67619
14287.3	0.17494	0.648978
14298	0.166917	0.622098
14308.8	0.158791	0.595798
14319.6	0.150493	0.570507
14330.3	0.141953	0.546942
14341.1	0.13311	0.52627
14351.9	0.123925	0.510381
14362.6	0.114408	0.502305
14373.4	0.10467	0.506825
14384.2	0.0950209	0.531158
14394.9	0.0861207	0.584933
14405.7	0.0791484	0.676834
14416.5	0.0757505	0.803816
14427.2	0.0773104	0.938218
14438	0.0837274	1.03818
14448.8	0.0931277	1.0797
14459.5	0.102902	1.06629
14470.3	0.110825	1.01454
14481.1	0.115588	0.941845
14491.8	0.116815	0.861789
14502.6	0.114802	0.783866
14513.4	0.1102	0.71445
14524.1	0.10377	0.657949
14534.9	0.0962541	0.617668
14545.7	0.0883096	0.596297
14556.4	0.0804941	0.596033
14567.2	0.0732592	0.618418
14578	0.0669519	0.663936
14588.7	0.0618172	0.731471
14599.5	0.0580008	0.817884
14610.3	0.0555544	0.918058
14621	0.0544491	1.02563
14631.8	0.0546002	1.13423
14642.6	0.0558994	1.23857
14653.3	0.0582432	1.33499
14664.1	0.0615514	1.42131
14674.9	0.0657713	1.49647
14685.6	0.0708735	1.56008
14696.4	0.0768417	1.61213
14707.2	0.0836619	1.65289
14717.9	0.0913131	1.68278
14728.7	0.0997605	1.7024
14739.5	0.108953	1.71253
14750.2	0.118827	1.71409
14761	0.12931	1.70809
14771.8	0.140339	1.69562
14782.5	0.151869	1.67768
14793.3	0.163887	1.65517
14804.1	0.176413	1.62868
14814.8	0.18949	1.59855
14825.6	0.20316	1.5648
14836.4	0.217436	1.52723
14847.1	0.232266	1.48558
14857.9	0.247517	1.43964
14868.7	0.262971	1.38939
14879.4	0.278335	1.33508
14890.2	0.293277	1.27724
14901	0.307471	1.21666
14911.7	0.320632	1.15426
14922.5	0.332557	1.09099
14933.3	0.343136	1.02779
14944	0.352357	0.965445
14954.8	0.360286	0.904604
14965.6	0.367049	0.845722
14976.3	0.372807	0.789095
14987.1	0.377737	0.734873
14997.9	0.382014	0.68309
15008.6	0.385801	0.633698
15019.4	0.389246	0.586585
15030.2	0.392476	0.541605
15040.9	0.3956	0.498588
15051.7	0.398709	0.457354
15062.5	0.401879	0.417722
15073.2	0.405172	0.379514
15084	0.40864	0.342561
15094.8	0.412327	0.3067
15105.5	0.416268	0.27178
15116.3	0.420493	0.237657
15127.1	0.42503	0.204196
15137.8	0.429901	0.171271
15148.6	0.435126	0.138763
15159.4	0.440725	0.106557
15170.1	0.446716	0.074544
15180.9	0.453114	0.0426177
15191.7	0.459934	0.0106746
15202.4	0.467192	-0.0213877
15213.2	0.474902	-0.0536717
15224	0.483074	-0.0862809
15234.7	0.491721	-0.119321
15245.5	0.500851	-0.1529
15256.3	0.51047	-0.187132
15267	0.52058	-0.222134
15277.8	0.531176	-0.258032
15288.6	0.542249	-0.294956
15299.3	0.553777	-0.333044
15310.1	0.565728	-0.372445
15320.9	0.578054	-0.41331
15331.6	0.590684	-0.455802
15342.4	0.603523	-0.500086
15353.2	0.616445	-0.54633
15363.9	0.629284	-0.594699
15374.7	0.641829	-0.645347
15385.5	0.653817	-0.698409
15396.2	0.664925	-0.75399
15407	0.674773	-0.812142
15417.8	0.682923	-0.872852
15428.5	0.688888	-0.936015
15439.3	0.692159	-1.00141
15450.1	0.692227	-1.06869
15460.8	0.688636	-1.13736
15471.6	0.68102	-1.20676
15482.4	0.669157	-1.27611
15493.1	0.653007	-1.34448
15503.9	0.63273	-1.41087
15514.7	0.608689	-1.47426
15525.4	0.581422	-1.53362
15536.2	0.551604	-1.58803
15547	0.519979	-1.63679
15557.7	0.487245	-1.67961
15568.5	0.45387	-1.71676
15579.3	0.419867	-1.74895
15590	0.3847	-1.7767
15600.8	0.347486	-1.79918
15611.6	0.307388	-1.81313
15622.3	0.263942	-1.81135
15633.1	0.21732	-1.77893
15643.9	0.168989	-1.68224
15654.6	0.124246	-1.43869
15665.4	0.100237	-0.912259
15676.2	0.122623	-0.308486
15686.9	0.1837	0.0115266
15697.7	0.265865	0.142967
15708.5	0.363666	0.190337
15719.2	0.477103	0.195633
15730	0.607989	0.175467
15740.8	0.758633	0.136908
15751.5	0.931161	0.083287
15762.3	1.12704	0.0165188
15773.1	1.34676	-0.0619069
15783.8	1.58966	-0.150522
15794.6	1.85405	-0.247766
15805.4	2.1374	-0.35202
15816.1	2.43685	-0.461721
15826.9	2.74957	-0.575482
15837.7	3.0731	-0.692191
15848.4	3.40543	-0.811058
15859.2	3.74488	-0.931607
15870	4.08979	-1.05363
15880.7	4.43811	-1.17709
15891.5	4.78706	-1.30207
15902.3	5.13277	-1.42862
15913	5.47021	-1.55673
15923.8	5.79324	-1.68623
15934.6	6.09509	-1.81677
15945.3	6.36894	-1.94778
15956.1	6.60887	-2.07852
15966.9	6.81063	-2.20815
15977.6	6.97236	-2.33578
15988.4	7.09483	-2.4606
15999.2	7.18129	-2.58195
16009.9	7.23684	-2.69942
16020.7	7.26747	-2.81285
16031.5	7.27895	-2.92236
16042.2	7.27594	-3.02823
16053	7.2618	-3.13078
16063.8	7.23897	3.05291
16074.5	7.20957	2.95624
16085.3	7.1756	2.86216
16096.1	7.13885	2.77045
16106.8	7.10071	2.68084
16117.6	7.06224	2.5931
16128.4	7.02443	2.50705
16139.1	6.98855	2.42247
16149.9	6.95616	2.3391
16160.7	6.92862	2.25652
16171.4	6.90636	2.17418
16182.2	6.88838	2.09151
16193	6.87242	2.00799
16203.7	6.85536	1.92321
16214.5	6.83363	1.8369
16225.3	6.80334	1.74885
16236	6.76026	1.65896
16246.8	6.69976	1.56722
16257.6	6.61685	1.47375
16268.3	6.50628	1.37883
16279.1	6.36278	1.28302
16289.9	6.1817	1.18724
16300.6	5.95986	1.09292
16311.4	5.6969	1.00212
16322.2	5.39696	0.917632
16332.9	5.07032	0.842961
16343.7	4.73438	0.781959
16354.5	4.4129	0.737968
16365.2	4.13259	0.712401
16376	3.91701	0.703208
16386.8	3.77967	0.704421
16397.5	3.71994	0.707779
16408.3	3.72471	0.705748
16419.1	3.77442	0.693784
16429.8	3.84948	0.670613
16440.6	3.9342	0.637179
16451.4	4.01778	0.595406
16462.1	4.09383	0.547379
16472.9	4.15917	0.494942
16483.7	4.21278	0.439576
16494.4	4.25495	0.382406
16505.2	4.2867	0.324256
16516	4.30939	0.265714
16526.7	4.32449	0.207189
16537.5	4.33344	0.148955
16548.3	4.33759	0.0911928
16559	4.33816	0.0340097
16569.8	4.33624	-0.0225355
16580.6	4.33277	-0.0784197
16591.3	4.32858	-0.133643
16602.1	4.3244	-0.188223
16612.9	4.3209	-0.242185
16623.6	4.31866	-0.29556
16634.4	4.31825	-0.348381
16645.2	4.32027	-0.400681
16655.9	4.32533	-0.452493
16666.7	4.33416	-0.503857
16677.5	4.34765	-0.554825
16688.2	4.3669	-0.605478
16699	4.39327	-0.65596
16709.8	4.42847	-0.706515
16720.5	4.47438	-0.757555
16731.3	4.53287	-0.809719
16742.1	4.60514	-0.863919
16752.8	4.69083	-0.921282
16763.6	4.78696	-0.982948
16774.4	4.88755	-1.04972
16785.1	4.98447	-1.12169
16795.9	5.0697	-1.19818
16806.7	5.13768	-1.27797
16817.4	5.18643	-1.35972
16828.2	5.21687	-1.44238
16839	5.23141	-1.52531
16849.7	5.23272	-1.60821
16860.5	5.22294	-1.69103
16871.3	5.20348	-1.77381
16882	5.17513	-1.85665
16892.8	5.13818	-1.93961
16903.6	5.09265	-2.02273
16914.3	5.03839	-2.10601
16925.1	4.97523	-2.1894
16935.9	4.90305	-2.27279
16946.6	4.82178	-2.35608
16957.4	4.73143	-2.43908
16968.2	4.63214	-2.52161
16978.9	4.52421	-2.60338
16989.7	4.40816	-2.68406
17000.5	4.28495	-2.76323
17011.2	4.15609	-2.84043
17022	4.02383	-2.91518
17032.8	3.89099	-2.98713
17043.5	3.76066	-3.05616
17054.3	3.63557	-3.12243
17065.1	3.51755	3.09678
17075.8	3.40736	3.03454
17086.6	3.30477	2.97346
17097.4	3.20901	2.91306
17108.1	3.1191	2.85302
17118.9	3.0341	2.79311
17129.7	2.95322	2.73323
17140.4	2.87586	2.67329
17151.2	2.80155	2.61324
17162	2.72996	2.55306
17172.7	2.66087	2.49271
17183.5	2.59409	2.43215
17194.3	2.52952	2.37132
17205	2.4671	2.31015
17215.8	2.40675	2.24852
17226.6	2.34841	2.1863
17237.3	2.29193	2.12328
17248.1	2.23708	2.05926
17258.9	2.18353	1.99398
17269.6	2.13081	1.9272
17280.4	2.07837	1.85868
17291.2	2.02555	1.7882
17301.9	1.97159	1.71559
17312.7	1.91568	1.64073
17323.5	1.85695	1.5636
17334.2	1.79455	1.48428
17345	1.72771	1.40306
17355.8	1.65588	1.32039
17366.5	1.57882	1.23698
17377.3	1.49674	1.15376
17388.1	1.4104	1.07184
17398.8	1.32107	0.992454
17409.6	1.2304	0.916788
17420.4	1.14022	0.845874
17431.1	1.05221	0.780514
17441.9	0.967774	0.721286
17452.7	0.887962	0.66859
17463.4	0.813466	0.622699
17474.2	0.744695	0.583807
17485	0.681828	0.552051
17495.7	0.624876	0.527556
17506.5	0.573755	0.51047
17517.3	0.528359	0.500977
17528	0.488637	0.49926
17538.8	0.454657	0.505361
17549.6	0.426653	0.518852
17560.3	0.405008	0.538293
17571.1	0.390122	0.560544
17581.9	0.382107	0.580325
17592.6	0.380321	0.590732
17603.4	0.382963	0.585147
17614.2	0.387113	0.559854
17624.9	0.389455	0.515675
17635.7	0.38742	0.457397
17646.5	0.379972	0.391506
17657.2	0.367566	0.323873
17668	0.351492	0.258559
17678.8	0.333198	0.197773
17689.5	0.313905	0.142367
17700.3	0.294495	0.0923879
17711.1	0.275536	0.0474516
17721.8	0.25736	0.00697706
17732.6	0.240126	-0.0296837
17743.4	0.223875	-0.063157
17754.1	0.208575	-0.0939855
17764.9	0.194156	-0.122586
17775.7	0.180532	-0.149229
17786.4	0.167616	-0.174033
17797.2	0.15533	-0.196967
17808	0.143609	-0.217846
17818.7	0.132403	-0.236327
17829.5	0.121676	-0.251875
17840.3	0.111412	-0.263726
17851	0.101614	-0.270838
17861.8	0.0923149	-0.271882
17872.6	0.0835732	-0.265284
17883.3	0.0754751	-0.249382
17894.1	0.0681227	-0.222737
17904.9	0.0616146	-0.184622
17915.6	0.0560168	-0.135591
17926.4	0.0513276	-0.0778428
17937.2	0.0474511	-0.0149153
17947.9	0.0441974	0.0495284
17958.7	0.0413199	0.113443
17969.5	0.0385822	0.177894
17980.2	0.0358336	0.247745
17991	0.0330726	0.331426
18001.8	0.0304907	0.439383
18012.5	0.0284762	0.579657
18023.3	0.0275288	0.749372
18034.1	0.0280367	0.928166
18044.8	0.0300332	1.08703
18055.6	0.0331879	1.20743
18066.4	0.0370236	1.28752
18077.1	0.0411081	1.33478
18087.9	0.0451226	1.35846
18098.7	0.0488579	1.36645
18109.4	0.0521908	1.36467
18120.2	0.0550606	1.35739
18131	0.0574502	1.34769
18141.7	0.0593724	1.33778
18152.5	0.0608599	1.32932
18163.3	0.061959	1.32358
18174	0.062725	1.32159
18184.8	0.0632206	1.3242
18195.6	0.0635154	1.33215
18206.3	0.0636864	1.34611
18217.1	0.0638203	1.36663
18227.9	0.0640149	1.39409
18238.6	0.0643823	1.42866
18249.4	0.0650489	1.47013
18260.2	0.0661557	1.5178
18270.9	0.067854	1.5704
18281.7	0.0702991	1.62603
18292.5	0.0736405	1.68231
18303.2	0.0780131	1.73665
18314	0.0835302	1.78658
18324.8	0.0902827	1.83006
18335.5	0.0983441	1.86561
18346.3	0.107779	1.89241
18357.1	0.118654	1.91006
18367.8	0.131046	1.91852
18378.6	0.145044	1.91782
18389.4	0.160747	1.90803
18400.1	0.17825	1.8891
18410.9	0.197627	1.86088
18421.7	0.218894	1.82314
18432.4	0.241972	1.77557
18443.2	0.266632	1.71791
18454	0.292433	1.65002
18464.7	0.31867	1.57201
18475.5	0.344338	1.48437
18486.3	0.368157	1.38814
18497	0.388665	1.28498
18507.8	0.404408	1.17719
18518.6	0.414164	1.0677
18529.3	0.417175	0.959859
18540.1	0.413293	0.857383
18550.9	0.403042	0.764239
18561.6	0.387611	0.684606
18572.4	0.36881	0.622711
18583.2	0.348988	0.58227
18593.9	0.330827	0.56528
18604.7	0.316931	0.570308
18615.5	0.309227	0.591395
18626.2	0.308435	0.619174
18637	0.313979	0.644243
18647.8	0.324419	0.660366
18658.5	0.338084	0.66532
18669.3	0.353532	0.659755
18680.1	0.369731	0.645638
18690.8	0.386043	0.625172
18701.6	0.402127	0.600279
18712.4	0.417849	0.572459
18723.1	0.433198	0.542806
18733.9	0.448228	0.512085
18744.7	0.463031	0.480814
18755.4	0.477709	0.449332
18766.2	0.492361	0.417858
18777	0.507082	0.386527
18787.7	0.521955	0.355425
18798.5	0.537051	0.324613
18809.3	0.552431	0.294146
18820	0.568147	0.264096
18830.8	0.584258	0.234564
18841.6	0.600838	0.205693
18852.3	0.618014	0.177666
18863.1	0.635992	0.150673
18873.9	0.655103	0.124847
18884.6	0.675808	0.100151
18895.4	0.698658	0.0762689
18906.2	0.724179	0.0525634
18916.9	0.752714	0.0281918
18927.7	0.78433	0.00235298
18938.5	0.818851	-0.0254758
18949.2	0.855998	-0.0554603
18960	0.895537	-0.0874931
18970.8	0.937357	-0.121343
18981.5	0.98148	-0.156773
18992.3	1.02804	-0.193606
19003.1	1.07724	-0.231738
19013.8	1.12932	-0.271133
19024.6	1.18456	-0.311809
19035.4	1.24324	-0.353824
19046.1	1.30565	-0.397262
19056.9	1.37209	-0.442231
19067.7	1.44284	-0.488852
19078.4	1.51817	-0.537259
19089.2	1.59835	-0.587594
19100	1.68361	-0.640004
19110.7	1.77413	-0.694642
19121.5	1.87005	-0.751662
19132.3	1.97143	-0.81122
19143	2.07821	-0.87347
19153.8	2.1902	-0.938565
19164.6	2.307	-1.00665
19175.3	2.42797	-1.07784
19186.1	2.55212	-1.15221
19196.9	2.67815	-1.22976
19207.6	2.80439	-1.3104
19218.4	2.92889	-1.39393
19229.2	3.04947	-1.48004
19239.9	3.1639	-1.5683
19250.7	3.27003	-1.65816
19261.5	3.36602	-1.74899
19272.2	3.45052	-1.84007
19283	3.52291	-1.93068
19293.8	3.58336	-2.02009
19304.5	3.63293	-2.10765
19315.3	3.67351	-2.19285
19326	3.70771	-2.27535
19336.8	3.73862	-2.35503
19347.6	3.76955	-2.43206
19358.3	3.80364	-2.50687
19369.1	3.8435	-2.58016
19379.9	3.8908	-2.65285
19390.6	3.94594	-2.7259
19401.4	4.00794	-2.80025
19412.2	4.07454	-2.8766
19422.9	4.14258	-2.95536
19433.7	4.20855	-3.0366
19444.5	4.26913	-3.1201
19455.2	4.32164	3.07774
19466	4.36427	2.99106
19476.8	4.39606	2.90354
19487.5	4.4168	2.81564
19498.3	4.42676	2.72769
19509.1	4.42647	2.63994
19519.8	4.41643	2.55255
19530.6	4.39695	2.4656
19541.4	4.36802	2.37922
19552.1	4.32937	2.2936
19562.9	4.28096	2.20914
19573.7	4.22364	2.12635
19584.4	4.15963	2.04574
19595.2	4.09193	1.96751
19606	4.02319	1.89153
19616.7	3.95501	1.81749
19627.5	3.88801	1.74509
19638.3	3.82233	1.67412
19649	3.75799	1.60448
19659.8	3.69512	1.53615
19670.6	3.63397	1.46912
19681.3	3.57493	1.4034
19692.1	3.51848	1.33899
19702.9	3.4652	1.27588
19713.6	3.41579	1.21404
19724.4	3.37101	1.15341
19735.2	3.33178	1.0939
19745.9	3.29918	1.03535
19756.7	3.27449	0.977504
19767.5	3.25921	0.919977
19778.2	3.25503	0.862172
19789	3.26371	0.803189
19799.8	3.28664	0.741739
19810.5	3.32414	0.676117
19821.3	3.3743	0.604354
19832.1	3.43204	0.524625
19842.8	3.48906	0.435834
19853.6	3.53554	0.338031
19864.4	3.56274	0.232298
19875.1	3.56478	0.120192
19885.9	3.53857	0.00320358
19896.7	3.48266	-0.117424
19907.4	3.39648	-0.240553
19918.2	3.28031	-0.364935
19929	3.13576	-0.489073
19939.7	2.96624	-0.611222
19950.5	2.77703	-0.729503
19961.3	2.57478	-0.842063
19972	2.36672	-0.947234
19982.8	2.15979	-1.04365
19993.6	1.95993	-1.13034
