num_points: 929
frequency_Hz  magnitude  phase_rad
0.1  3.63861e-05  1.51359
10.7666  0.00363416  1.54791
21.5332  0.00726662  1.5383
32.2998  0.0109441  1.52725
43.0664  0.0146944  1.51564
53.833  0.0185457  1.50371
64.5996  0.0225281  1.49156
75.3662  0.0266751  1.47924
86.1328  0.0310246  1.46676
96.8994  0.0356205  1.45412
107.666  0.040514  1.44129
118.433  0.045766  1.42823
129.199  0.0514498  1.41488
139.966  0.057655  1.40118
150.732  0.0644926  1.38702
161.499  0.072102  1.37228
172.266  0.0806615  1.35678
183.032  0.0904029  1.34032
193.799  0.101633  1.32261
204.565  0.11477  1.30324
215.332  0.130391  1.28168
226.099  0.149326  1.25712
236.865  0.1728  1.22841
247.632  0.202704  1.1937
258.398  0.242086  1.15003
269.165  0.296147  1.09214
279.932  0.374308  1.01011
290.698  0.494475  0.88318
301.465  0.688485  0.663712
312.231  0.966607  0.249894
322.998  1.07578  -0.393399
333.765  0.845615  -0.924008
344.531  0.620985  -1.21244
355.298  0.477921  -1.37108
366.064  0.386583  -1.46869
376.831  0.324818  -1.53487
387.598  0.280727  -1.58317
398.364  0.247839  -1.62043
409.131  0.222434  -1.65044
419.897  0.202254  -1.67544
430.664  0.185854  -1.69684
441.431  0.172275  -1.71557
452.197  0.160856  -1.73226
462.964  0.151124  -1.74736
473.73  0.142737  -1.76121
484.497  0.135438  -1.77404
495.264  0.129033  -1.78604
506.03  0.123371  -1.79735
516.797  0.118333  -1.80809
527.563  0.113825  -1.81833
538.33  0.10977  -1.82817
549.097  0.106108  -1.83764
559.863  0.102785  -1.84681
570.63  0.0997616  -1.85571
581.396  0.0970004  -1.86438
592.163  0.094472  -1.87284
602.93  0.092151  -1.88112
613.696  0.0900155  -1.88924
624.463  0.088047  -1.89721
635.229  0.0862292  -1.90506
645.996  0.0845482  -1.91279
656.763  0.0829917  -1.92042
667.529  0.081549  -1.92796
678.296  0.0802106  -1.93541
689.062  0.0789682  -1.94279
699.829  0.0778145  -1.9501
710.596  0.0767428  -1.95735
721.362  0.0757474  -1.96454
732.129  0.074823  -1.97168
742.896  0.0739649  -1.97878
753.662  0.0731689  -1.98583
764.429  0.0724313  -1.99284
775.195  0.0717487  -1.99982
785.962  0.0711179  -2.00677
796.729  0.0705363  -2.01368
807.495  0.0700012  -2.02057
818.262  0.0695104  -2.02744
829.028  0.0690619  -2.03428
839.795  0.0686537  -2.0411
850.562  0.0682842  -2.0479
861.328  0.0679518  -2.05469
872.095  0.0676551  -2.06146
882.861  0.0673928  -2.06821
893.628  0.0671639  -2.07496
904.395  0.0669672  -2.08169
915.161  0.0668018  -2.08841
925.928  0.066667  -2.09512
936.694  0.0665618  -2.10182
947.461  0.0664857  -2.10852
958.228  0.066438  -2.11521
968.994  0.0664183  -2.12189
979.761  0.066426  -2.12857
990.527  0.0664608  -2.13524
1001.29  0.0665223  -2.14191
1012.06  0.0666103  -2.14858
1022.83  0.0667244  -2.15524
1033.59  0.0668646  -2.16191
1044.36  0.0670307  -2.16857
1055.13  0.0672226  -2.17523
1065.89  0.0674403  -2.18189
1076.66  0.0676839  -2.18856
1087.43  0.0679532  -2.19522
1098.19  0.0682486  -2.20188
1108.96  0.06857  -2.20855
1119.73  0.0689178  -2.21522
1130.49  0.0692921  -2.22189
1141.26  0.0696931  -2.22856
1152.03  0.0701213  -2.23524
1162.79  0.070577  -2.24192
1173.56  0.0710605  -2.24861
1184.33  0.0715723  -2.2553
1195.09  0.072113  -2.262
1205.86  0.0726829  -2.2687
1216.63  0.0732828  -2.27541
1227.39  0.0739133  -2.28212
1238.16  0.0745749  -2.28884
1248.93  0.0752685  -2.29557
1259.69  0.0759949  -2.3023
1270.46  0.0767547  -2.30904
1281.23  0.0775491  -2.31579
1291.99  0.0783788  -2.32255
1302.76  0.0792449  -2.32931
1313.53  0.0801486  -2.33609
1324.29  0.0810908  -2.34287
1335.06  0.0820728  -2.34967
1345.83  0.083096  -2.35647
1356.59  0.0841616  -2.36329
1367.36  0.0852711  -2.37012
1378.12  0.086426  -2.37695
1388.89  0.087628  -2.3838
1399.66  0.0888787  -2.39066
1410.42  0.0901799  -2.39754
1421.19  0.0915337  -2.40443
1431.96  0.0929419  -2.41133
1442.72  0.0944067  -2.41824
1453.49  0.0959305  -2.42517
1464.26  0.0975155  -2.43212
1475.02  0.0991644  -2.43908
1485.79  0.10088  -2.44606
1496.56  0.102665  -2.45305
1507.32  0.104522  -2.46006
1518.09  0.106455  -2.46709
1528.86  0.108468  -2.47414
1539.62  0.110563  -2.48121
1550.39  0.112744  -2.4883
1561.16  0.115017  -2.4954
1571.92  0.117384  -2.50253
1582.69  0.119851  -2.50969
1593.46  0.122423  -2.51686
1604.22  0.125105  -2.52406
1614.99  0.127902  -2.53129
1625.76  0.130822  -2.53854
1636.52  0.133869  -2.54581
1647.29  0.137051  -2.55312
1658.06  0.140375  -2.56046
1668.82  0.14385  -2.56782
1679.59  0.147483  -2.57522
1690.36  0.151284  -2.58265
1701.12  0.155262  -2.59012
1711.89  0.159428  -2.59762
1722.66  0.163792  -2.60516
1733.42  0.168368  -2.61274
1744.19  0.173169  -2.62036
1754.96  0.178207  -2.62802
1765.72  0.183499  -2.63573
1776.49  0.189061  -2.64349
1787.26  0.194911  -2.6513
1798.02  0.201068  -2.65916
1808.79  0.207553  -2.66708
1819.56  0.21439  -2.67506
1830.32  0.221603  -2.6831
1841.09  0.22922  -2.69121
1851.86  0.23727  -2.69938
1862.62  0.245787  -2.70763
1873.39  0.254805  -2.71596
1884.16  0.264365  -2.72437
1894.92  0.274511  -2.73288
1905.69  0.28529  -2.74147
1916.46  0.296755  -2.75017
1927.22  0.308965  -2.75898
1937.99  0.321987  -2.76791
1948.75  0.335893  -2.77696
1959.52  0.350764  -2.78615
1970.29  0.366693  -2.79549
1981.05  0.383783  -2.80499
1991.82  0.402149  -2.81466
2002.59  0.421923  -2.82452
2013.35  0.443254  -2.83459
2024.12  0.466313  -2.84489
2034.89  0.491294  -2.85543
2045.65  0.518421  -2.86626
2056.42  0.547953  -2.87739
2067.19  0.580189  -2.88886
2077.95  0.61548  -2.90071
2088.72  0.654237  -2.913
2099.49  0.696944  -2.92577
2110.25  0.744177  -2.93909
2121.02  0.796627  -2.95304
2131.79  0.855125  -2.96772
2142.55  0.920683  -2.98325
2153.32  0.994543  -2.99976
2164.09  1.07825  -3.01744
2174.85  1.17373  -3.0365
2185.62  1.28343  -3.05723
2196.39  1.41052  -3.08
2207.15  1.55911  -3.1053
2217.92  1.73466  -3.13376
2228.69  1.94453  3.11692
2239.45  2.19883  3.07913
2250.22  2.51169  3.03428
2260.99  2.9032  2.97976
2271.75  3.40211  2.91158
2282.52  4.04903  2.82354
2293.29  4.897  2.70574
2304.05  5.99567  2.54284
2314.82  7.31333  2.31424
2325.59  8.53511  2.00627
2336.35  9.00223  1.64639
2347.12  8.45014  1.30946
2357.89  7.406  1.0474
2368.65  6.37981  0.859095
2379.42  5.53855  0.72411
2390.19  4.88282  0.624503
2400.95  4.37464  0.548288
2411.72  3.97723  0.487906
2422.49  3.66238  0.438563
2433.25  3.40972  0.397147
2444.02  3.20471  0.361572
2454.79  3.03686  0.330403
2465.55  2.89853  0.302622
2476.32  2.78408  0.27749
2487.08  2.68925  0.254457
2497.85  2.61084  0.233109
2508.62  2.54637  0.213123
2519.38  2.49391  0.194247
2530.15  2.45197  0.176279
2540.92  2.41937  0.159056
2551.68  2.3952  0.142442
2562.45  2.37873  0.126324
2573.22  2.36943  0.110607
2583.98  2.36687  0.0952072
2594.75  2.37076  0.0800518
2605.52  2.38091  0.0650759
2616.28  2.3972  0.05022
2627.05  2.41964  0.035429
2637.82  2.44826  0.0206507
2648.58  2.48322  0.00583442
2659.35  2.52473  -0.00906998
2670.12  2.5731  -0.0241131
2680.88  2.62871  -0.0393472
2691.65  2.69206  -0.054827
2702.42  2.76374  -0.0706115
2713.18  2.84447  -0.0867647
2723.95  2.93512  -0.103357
2734.72  3.03673  -0.120469
2745.48  3.15053  -0.138191
2756.25  3.278  -0.156627
2767.02  3.42091  -0.175898
2777.78  3.58139  -0.196149
2788.55  3.762  -0.217551
2799.32  3.96588  -0.240311
2810.08  4.19682  -0.264681
2820.85  4.45953  -0.290972
2831.62  4.75981  -0.319572
2842.38  5.1049  -0.350974
2853.15  5.50388  -0.385805
2863.92  5.96819  -0.424882
2874.68  6.51228  -0.469276
2885.45  7.15432  -0.520416
2896.22  7.91675  -0.580222
2906.98  8.82625  -0.651291
2917.75  9.91142  -0.737135
2928.52  11.195  -0.842385
2939.28  12.6733  -0.972766
2950.05  14.2737  -1.13424
2960.82  15.7926  -1.33022
2971.58  16.8761  -1.55646
2982.35  17.1706  -1.79698
2993.12  16.6038  -2.0285
3003.88  15.4455  -2.23252
3014.65  14.0619  -2.40217
3025.42  12.7058  -2.5396
3036.18  11.4915  -2.65052
3046.95  10.4483  -2.74082
3057.71  9.56713  -2.81544
3068.48  8.82664  -2.87812
3079.25  8.20393  -2.93165
3090.01  7.67857  -2.97811
3100.78  7.23355  -3.01902
3111.55  6.85507  -3.05554
3122.31  6.53213  -3.08852
3133.08  6.25595  -3.11865
3143.85  6.01954  3.13673
3154.61  5.81729  3.11085
3165.38  5.64472  3.08654
3176.15  5.49822  3.06356
3186.91  5.37492  3.04166
3197.68  5.27247  3.02066
3208.45  5.18904  3.00042
3219.21  5.12315  2.98078
3229.98  5.0737  2.96163
3240.75  5.03985  2.94286
3251.51  5.02102  2.92438
3262.28  5.01689  2.90609
3273.05  5.02733  2.88792
3283.81  5.05247  2.86977
3294.58  5.09264  2.85157
3305.35  5.14843  2.83322
3316.11  5.22066  2.81464
3326.88  5.31047  2.79573
3337.65  5.41933  2.77638
3348.41  5.54909  2.75647
3359.18  5.70212  2.73586
3369.95  5.88133  2.71439
3380.71  6.09041  2.69186
3391.48  6.33396  2.66803
3402.25  6.61779  2.64261
3413.01  6.94927  2.61523
3423.78  7.33785  2.58542
3434.55  7.79571  2.55255
3445.31  8.33879  2.5158
3456.08  8.98806  2.47409
3466.85  9.77133  2.42586
3477.61  10.7255  2.36896
3488.38  11.8991  2.30029
3499.15  13.3524  2.21532
3509.91  15.1507  2.10738
3520.68  17.3309  1.96706
3531.45  19.801  1.78245
3542.21  22.1317  1.54384
3552.98  23.4218  1.25685
3563.75  22.8634  0.954895
3574.51  20.7216  0.682822
3585.28  18.0023  0.464035
3596.04  15.4371  0.296703
3606.81  13.278  0.169325
3617.58  11.5306  0.0706814
3628.34  10.1267  -0.00761764
3639.11  8.99265  -0.0713792
3649.88  8.06684  -0.12456
3660.64  7.30207  -0.169881
3671.41  6.66291  -0.209241
3682.18  6.12286  -0.243997
3692.94  5.66199  -0.275136
3703.71  5.26515  -0.303391
3714.48  4.92069  -0.329317
3725.24  4.61955  -0.353338
3736.01  4.35458  -0.375787
3746.78  4.12012  -0.396927
3757.54  3.91158  -0.416968
3768.31  3.72527  -0.436083
3779.08  3.55814  -0.45441
3789.84  3.40767  -0.472067
3800.61  3.27179  -0.489152
3811.38  3.14874  -0.505746
3822.14  3.03703  -0.521919
3832.91  2.93543  -0.537734
3843.68  2.84284  -0.553242
3854.44  2.75836  -0.568489
3865.21  2.6812  -0.583516
3875.98  2.61067  -0.59836
3886.74  2.54618  -0.613053
3897.51  2.48722  -0.627625
3908.28  2.43332  -0.642103
3919.04  2.3841  -0.656512
3929.81  2.33921  -0.670876
3940.58  2.29834  -0.685216
3951.34  2.26124  -0.699555
3962.11  2.22766  -0.71391
3972.88  2.19741  -0.728304
3983.64  2.17029  -0.742753
3994.41  2.14616  -0.757278
4005.18  2.12489  -0.771897
4015.94  2.10634  -0.78663
4026.71  2.09043  -0.801494
4037.48  2.07706  -0.81651
4048.24  2.06618  -0.831698
4059.01  2.05772  -0.847079
4069.78  2.05164  -0.862675
4080.54  2.04791  -0.878508
4091.31  2.04651  -0.894603
4102.08  2.04743  -0.910984
4112.84  2.05069  -0.927681
4123.61  2.05629  -0.94472
4134.38  2.06426  -0.962135
4145.14  2.07465  -0.979958
4155.91  2.08749  -0.998227
4166.67  2.10286  -1.01698
4177.44  2.12083  -1.03626
4188.21  2.14148  -1.05612
4198.97  2.16491  -1.0766
4209.74  2.19124  -1.09777
4220.51  2.22058  -1.11968
4231.27  2.25309  -1.14241
4242.04  2.2889  -1.16602
4252.81  2.3282  -1.19061
4263.57  2.37114  -1.21627
4274.34  2.41793  -1.24309
4285.11  2.46875  -1.2712
4295.87  2.52381  -1.30072
4306.64  2.5833  -1.33178
4317.41  2.64743  -1.36454
4328.17  2.71634  -1.39918
4338.94  2.79019  -1.43586
4349.71  2.86905  -1.47481
4360.47  2.95291  -1.51623
4371.24  3.04166  -1.56037
4382.01  3.13499  -1.60746
4392.77  3.23241  -1.65775
4403.54  3.33312  -1.7115
4414.31  3.43597  -1.76895
4425.07  3.5394  -1.83028
4435.84  3.64134  -1.89566
4446.61  3.73921  -1.96515
4457.37  3.82995  -2.0387
4468.14  3.91009  -2.11613
4478.91  3.976  -2.19709
4489.67  4.02416  -2.28102
4500.44  4.05153  -2.36721
4511.21  4.05597  -2.4548
4521.97  4.03656  -2.54282
4532.74  3.99371  -2.63028
4543.51  3.92915  -2.71621
4554.27  3.84568  -2.79979
4565.04  3.74682  -2.88031
4575.81  3.63638  -2.95727
4586.57  3.51809  -3.03035
4597.34  3.39536  -3.09939
4608.11  3.2711  3.11883
4618.87  3.14767  3.05785
4629.64  3.02687  3.00069
4640.41  2.91001  2.94714
4651.17  2.79798  2.89697
4661.94  2.69133  2.84992
4672.71  2.59036  2.80574
4683.47  2.49517  2.76419
4694.24  2.40572  2.72503
4705  2.32186  2.68805
4715.77  2.2434  2.65306
4726.54  2.17008  2.61985
4737.3  2.10164  2.58827
4748.07  2.03782  2.55817
4758.84  1.97833  2.5294
4769.6  1.92291  2.50184
4780.37  1.87132  2.47538
4791.14  1.82329  2.44992
4801.9  1.77863  2.42537
4812.67  1.7371  2.40163
4823.44  1.69852  2.37863
4834.2  1.66271  2.35631
4844.97  1.6295  2.3346
4855.74  1.59875  2.31344
4866.5  1.57031  2.29279
4877.27  1.54406  2.27258
4888.04  1.51989  2.25277
4898.8  1.4977  2.23333
4909.57  1.47739  2.21421
4920.34  1.45888  2.19537
4931.1  1.4421  2.17678
4941.87  1.42698  2.15842
4952.64  1.41347  2.14023
4963.4  1.40152  2.12221
4974.17  1.39108  2.10431
4984.94  1.38213  2.0865
4995.7  1.37462  2.06877
5006.47  1.36855  2.05108
5017.24  1.36389  2.03341
5028  1.36064  2.01572
5038.77  1.35879  1.99799
5049.54  1.35835  1.9802
5060.3  1.35933  1.9623
5071.07  1.36175  1.94428
5081.84  1.36562  1.9261
5092.6  1.371  1.90773
5103.37  1.3779  1.88913
5114.14  1.38638  1.87027
5124.9  1.39651  1.8511
5135.67  1.40833  1.83159
5146.44  1.42193  1.81169
5157.2  1.43739  1.79134
5167.97  1.45482  1.7705
5178.74  1.47433  1.7491
5189.5  1.49603  1.72707
5200.27  1.52007  1.70434
5211.04  1.54661  1.68082
5221.8  1.57582  1.65644
5232.57  1.6079  1.63106
5243.33  1.64306  1.6046
5254.1  1.68153  1.57689
5264.87  1.72357  1.54781
5275.63  1.76945  1.51718
5286.4  1.81947  1.48479
5297.17  1.87393  1.45044
5307.93  1.93314  1.41386
5318.7  1.9974  1.37478
5329.47  2.06697  1.33286
5340.23  2.14206  1.28775
5351  2.22274  1.23903
5361.77  2.30891  1.18625
5372.53  2.40021  1.12894
5383.3  2.49585  1.06657
5394.07  2.59448  0.998655
5404.83  2.69403  0.924732
5415.6  2.79155  0.844449
5426.37  2.88308  0.757641
5437.13  2.96372  0.664428
5447.9  3.02798  0.56531
5458.67  3.07033  0.461242
5469.43  3.0861  0.353634
5480.2  3.07247  0.244277
5490.97  3.02909  0.135161
5501.73  2.95829  0.0282538
5512.5  2.86457  -0.074724
5523.27  2.75369  -0.172455
5534.03  2.63168  -0.264085
5544.8  2.50406  -0.349201
5555.57  2.37538  -0.427754
5566.33  2.24904  -0.499954
5577.1  2.12739  -0.566183
5587.87  2.0119  -0.62691
5598.63  1.90336  -0.682641
5609.4  1.80206  -0.733879
5620.17  1.70798  -0.7811
5630.93  1.62088  -0.824745
5641.7  1.54038  -0.865212
5652.47  1.46605  -0.902856
5663.23  1.39745  -0.937991
5674  1.33411  -0.970895
5684.77  1.2756  -1.00181
5695.53  1.2215  -1.03095
5706.3  1.17143  -1.05851
5717.07  1.12504  -1.08464
5727.83  1.08201  -1.10949
5738.6  1.04205  -1.13319
5749.37  1.00488  -1.15585
5760.13  0.970287  -1.17757
5770.9  0.93804  -1.19844
5781.67  0.90795  -1.21853
5792.43  0.879842  -1.23792
5803.2  0.853562  -1.25666
5813.96  0.828966  -1.27481
5824.73  0.805927  -1.29243
5835.5  0.784332  -1.30955
5846.26  0.764076  -1.32622
5857.03  0.745066  -1.34248
5867.8  0.72722  -1.35836
5878.56  0.710462  -1.3739
5889.33  0.694726  -1.38913
5900.1  0.679953  -1.40407
5910.86  0.666092  -1.41876
5921.63  0.653102  -1.43324
5932.4  0.640947  -1.44753
5943.16  0.629606  -1.4617
5953.93  0.619068  -1.47579
5964.7  0.609342  -1.48992
5975.46  0.600462  -1.50423
5986.23  0.592499  -1.51902
5997  0.585573  -1.53489
6007.76  0.579791  -1.55323
6018.53  0.574716  -1.57747
6029.3  0.565726  -1.61426
6040.06  0.538505  -1.6475
6050.83  0.515171  -1.6326
6061.6  0.510207  -1.62032
6072.36  0.508259  -1.62161
6083.13  0.505872  -1.62864
6093.9  0.502998  -1.63795
6104.66  0.499882  -1.64824
6115.43  0.496706  -1.659
6126.2  0.493584  -1.66997
6136.96  0.490586  -1.68106
6147.73  0.487755  -1.69219
6158.5  0.485119  -1.70334
6169.26  0.482694  -1.71448
6180.03  0.480492  -1.72561
6190.8  0.478519  -1.73671
6201.56  0.476781  -1.7478
6212.33  0.475281  -1.75887
6223.1  0.474021  -1.76992
6233.86  0.473002  -1.78095
6244.63  0.472226  -1.79196
6255.4  0.471694  -1.80296
6266.16  0.471408  -1.81395
6276.93  0.471369  -1.82494
6287.7  0.47158  -1.83591
6298.46  0.472042  -1.84689
6309.23  0.472759  -1.85787
6320  0.473734  -1.86886
6330.76  0.474971  -1.87986
6341.53  0.476474  -1.89087
6352.29  0.478249  -1.9019
6363.06  0.480302  -1.91295
6373.83  0.482638  -1.92402
6384.59  0.485266  -1.93513
6395.36  0.488193  -1.94627
6406.13  0.491429  -1.95745
6416.89  0.494984  -1.96867
6427.66  0.498869  -1.97994
6438.43  0.503097  -1.99127
6449.19  0.50768  -2.00265
6459.96  0.512635  -2.0141
6470.73  0.517976  -2.02563
6481.49  0.523723  -2.03723
6492.26  0.529894  -2.04891
6503.03  0.536512  -2.06069
6513.79  0.543601  -2.07257
6524.56  0.551185  -2.08456
6535.33  0.559295  -2.09667
6546.09  0.567961  -2.1089
6556.86  0.577218  -2.12128
6567.63  0.587104  -2.13381
6578.39  0.597662  -2.1465
6589.16  0.608937  -2.15938
6599.93  0.620982  -2.17244
6610.69  0.633854  -2.18572
6621.46  0.647616  -2.19923
6632.23  0.662339  -2.213
6642.99  0.678101  -2.22704
6653.76  0.694991  -2.24138
6664.53  0.713108  -2.25605
6675.29  0.732563  -2.27109
6686.06  0.753482  -2.28652
6696.83  0.776006  -2.3024
6707.59  0.800296  -2.31878
6718.36  0.826535  -2.33569
6729.13  0.854932  -2.35321
6739.89  0.885727  -2.37141
6750.66  0.919195  -2.39037
6761.43  0.955656  -2.41019
6772.19  0.995478  -2.43098
6782.96  1.03909  -2.45288
6793.73  1.087  -2.47603
6804.49  1.13978  -2.50063
6815.26  1.19815  -2.5269
6826.03  1.2629  -2.55511
6836.79  1.33502  -2.58558
6847.56  1.41565  -2.61872
6858.33  1.50615  -2.65502
6869.09  1.6081  -2.69509
6879.86  1.72337  -2.73969
6890.62  1.85406  -2.78978
6901.39  2.00245  -2.84654
6912.16  2.17084  -2.91146
6922.92  2.36106  -2.98638
6933.69  2.57364  -3.07346
6944.46  2.80617  3.10802
6955.22  3.05082  2.98929
6965.99  3.2912  2.85181
6976.76  3.50043  2.69569
6987.52  3.64438  2.52419
6998.29  3.69303  2.34431
7009.06  3.63572  2.16555
7019.82  3.48741  1.99704
7030.59  3.27968  1.84496
7041.36  3.04555  1.71176
7052.12  2.80968  1.597
7062.89  2.5866  1.49875
7073.66  2.38294  1.41454
7084.42  2.2005  1.34201
7095.19  2.0385  1.27907
7105.96  1.89498  1.22409
7116.72  1.76753  1.17583
7127.49  1.65367  1.13366
7138.26  1.55133  1.09801
7149.02  1.46157  1.0714
7159.79  1.39723  1.05295
7170.56  1.35338  1.02112
7181.32  1.29846  0.982507
7192.09  1.24123  0.949649
7202.86  1.18831  0.921392
7213.62  1.14043  0.896008
7224.39  1.09716  0.872581
7235.16  1.05793  0.850617
7245.92  1.02225  0.829817
7256.69  0.989688  0.809979
7267.46  0.959906  0.790956
7278.22  0.932603  0.772636
7288.99  0.907524  0.754928
7299.76  0.884453  0.737758
7310.52  0.863201  0.721063
7321.29  0.843607  0.70479
7332.06  0.825526  0.688892
7342.82  0.808835  0.67333
7353.59  0.793422  0.658068
7364.36  0.779192  0.643075
7375.12  0.766057  0.628322
7385.89  0.753942  0.613785
7396.66  0.742779  0.59944
7407.42  0.732507  0.585268
7418.19  0.723072  0.57125
7428.96  0.714427  0.557369
7439.72  0.706528  0.543609
7450.49  0.699337  0.529955
7461.25  0.692821  0.516395
7472.02  0.686949  0.502915
7482.79  0.681694  0.489503
7493.55  0.677032  0.476149
7504.32  0.672943  0.462842
7515.09  0.669408  0.449572
7525.85  0.666412  0.436329
7536.62  0.663941  0.423103
7547.39  0.661985  0.409887
7558.15  0.660532  0.39667
7568.92  0.659577  0.383444
7579.69  0.659114  0.370201
7590.45  0.659139  0.356932
7601.22  0.65965  0.343629
7611.99  0.660648  0.330283
7622.75  0.662133  0.316885
7633.52  0.66411  0.303426
7644.29  0.666583  0.289899
7655.05  0.669559  0.276293
7665.82  0.673047  0.262598
7676.59  0.677057  0.248806
7687.35  0.681602  0.234906
7698.12  0.686696  0.220886
7708.89  0.692357  0.206737
7719.65  0.698604  0.192445
7730.42  0.705458  0.177998
7741.19  0.712942  0.163383
7751.95  0.721086  0.148585
7762.72  0.729917  0.133589
7773.49  0.739471  0.118378
7784.25  0.749784  0.102935
7795.02  0.760897  0.0872402
7805.79  0.772856  0.0712722
7816.55  0.785711  0.0550085
7827.32  0.799518  0.0384242
7838.09  0.814339  0.0214919
7848.85  0.830242  0.00418176
7859.62  0.847303  -0.0135394
7870.39  0.865605  -0.0317079
7881.15  0.885241  -0.0503643
7891.92  0.906314  -0.0695535
7902.69  0.928938  -0.0893254
7913.45  0.953241  -0.109736
7924.22  0.979364  -0.130848
7934.99  1.00746  -0.152732
7945.75  1.03772  -0.175467
7956.52  1.07031  -0.199143
7967.29  1.10548  -0.223862
7978.05  1.14344  -0.249739
7988.82  1.18448  -0.276907
7999.58  1.22888  -0.305516
8010.35  1.27698  -0.33574
8021.12  1.32913  -0.367776
8031.88  1.38571  -0.401853
8042.65  1.44713  -0.438233
8053.42  1.51382  -0.477217
8064.18  1.58621  -0.51915
8074.95  1.66471  -0.564428
8085.72  1.74965  -0.613498
8096.48  1.84124  -0.666862
8107.25  1.93947  -0.725072
8118.02  2.04398  -0.788718
8128.78  2.15388  -0.858408
8139.55  2.26753  -0.934717
8150.32  2.38232  -1.01812
8161.08  2.49444  -1.1089
8171.85  2.59887  -1.20701
8182.62  2.68953  -1.31196
8193.38  2.75999  -1.42267
8204.15  2.8044  -1.53752
8214.92  2.81881  -1.65436
8225.68  2.80202  -1.77083
8236.45  2.75598  -1.88459
8247.22  2.68519  -1.99365
8257.98  2.5957  -2.09657
8268.75  2.49385  -2.19247
8279.52  2.38541  -2.28103
8290.28  2.27505  -2.36232
8301.05  2.16623  -2.43671
8311.82  2.06127  -2.50471
8322.58  1.96163  -2.56692
8333.35  1.86805  -2.62393
8344.12  1.78084  -2.67634
8354.88  1.69996  -2.72467
8365.65  1.6252  -2.76942
8376.42  1.55624  -2.811
8387.18  1.49269  -2.84981
8397.95  1.43414  -2.88616
8408.72  1.38019  -2.92035
8419.48  1.33047  -2.95263
8430.25  1.2846  -2.98322
8441.02  1.24226  -3.0123
8451.78  1.20315  -3.04004
8462.55  1.16698  -3.06659
8473.32  1.1335  -3.09207
8484.08  1.10249  -3.11659
8494.85  1.07375  -3.14026
8505.62  1.04709  3.12004
8516.38  1.02234  3.09784
8527.15  0.999368  3.07626
8537.92  0.97803  3.05525
8548.68  0.95821  3.03475
8559.45  0.939799  3.01472
8570.21  0.922701  2.9951
8580.98  0.906829  2.97585
8591.75  0.892103  2.95695
8602.51  0.878452  2.93836
8613.28  0.865814  2.92004
8624.05  0.85413  2.90198
8634.81  0.843347  2.88414
8645.58  0.833421  2.86651
8656.35  0.824307  2.84905
8667.11  0.815969  2.83175
8677.88  0.808372  2.8146
8688.65  0.801487  2.79757
8699.41  0.795286  2.78065
8710.18  0.789745  2.76381
8720.95  0.784843  2.74706
8731.71  0.780563  2.73036
8742.48  0.776888  2.71372
8753.25  0.773805  2.69711
8764.01  0.771303  2.68052
8774.78  0.769374  2.66393
8785.55  0.76801  2.64735
8796.31  0.767208  2.63075
8807.08  0.766965  2.61411
8817.85  0.767282  2.59744
8828.61  0.768159  2.58071
8839.38  0.769602  2.56392
8850.15  0.771617  2.54704
8860.91  0.774213  2.53007
8871.68  0.7774  2.51299
8882.45  0.781194  2.49578
8893.21  0.78561  2.47844
8903.98  0.790669  2.46094
8914.75  0.796394  2.44326
8925.51  0.80281  2.42539
8936.28  0.809949  2.4073
8947.05  0.817845  2.38897
8957.81  0.826539  2.37038
8968.58  0.836077  2.35149
8979.35  0.846508  2.33228
8990.11  0.857894  2.31271
9000.88  0.870301  2.29273
9011.65  0.883806  2.27231
9022.41  0.898498  2.25139
9033.18  0.914477  2.22991
9043.95  0.93186  2.2078
9054.71  0.950782  2.18496
9065.48  0.971402  2.16131
9076.25  0.993901  2.13671
9087.01  1.0185  2.11101
9097.78  1.04544  2.08404
9108.54  1.07504  2.05554
9119.31  1.10765  2.02523
9130.08  1.14369  1.99269
9140.84  1.18367  1.95741
9151.61  1.22818  1.91867
9162.38  1.27787  1.87547
9173.14  1.33341  1.82638
9183.91  1.39525  1.76932
9194.68  1.46314  1.70118
9205.44  1.53465  1.61734
9216.21  1.6017  1.51119
9226.98  1.6428  1.37492
9237.74  1.61247  1.20602
9248.51  1.45274  1.0285
9259.28  1.17433  0.921005
9270.04  0.917437  0.986968
9280.81  0.823711  1.20585
9291.58  0.887652  1.39753
9302.34  1.02433  1.48543
9313.11  1.18311  1.50004
9323.88  1.34817  1.47277
9334.64  1.51676  1.41954
9345.41  1.68941  1.34717
9356.18  1.86623  1.25799
9366.94  2.04491  1.15217
9377.71  2.21906  1.02913
9388.48  2.37683  0.888572
9399.24  2.50085  0.731627
9410.01  2.57151  0.561886
9420.78  2.574  0.385649
9431.54  2.50588  0.210851
9442.31  2.37898  0.0449719
9453.08  2.21372  -0.106796
9463.84  2.03094  -0.242127
9474.61  1.84653  -0.361008
9485.38  1.67025  -0.464774
9496.14  1.50692  -0.555311
9506.91  1.35814  -0.634545
9517.68  1.2237  -0.704211
9528.44  1.10252  -0.765755
9539.21  0.993176  -0.820326
9549.98  0.894187  -0.868793
9560.74  0.804163  -0.911763
9571.51  0.721858  -0.9496
9582.28  0.646184  -0.98242
9593.04  0.576205  -1.01006
9603.81  0.511134  -1.03204
9614.58  0.450321  -1.04739
9625.34  0.393248  -1.05451
9636.11  0.339542  -1.05075
9646.88  0.28901  -1.0317
9657.64  0.241724  -0.989891
9668.41  0.198215  -0.91237
9679.17  0.159905  -0.776897
9689.94  0.129958  -0.550864
9700.71  0.113973  -0.216805
9711.47  0.117152  0.157852
9722.24  0.138001  0.4559
9733.01  0.170263  0.645777
9743.77  0.209013  0.756607
9754.54  0.25168  0.818125
9765.31  0.297068  0.848958
9776.07  0.344644  0.859879
9786.84  0.394204  0.857198
9797.61  0.445712  0.844743
9808.37  0.49923  0.824925
9819.14  0.554882  0.799309
9829.91  0.612839  0.768937
9840.67  0.673316  0.734515
9851.44  0.736575  0.696519
9862.21  0.802931  0.655266
9872.97  0.872779  0.610949
9883.74  0.946617  0.56366
9894.51  1.02509  0.513394
9905.27  1.10907  0.460039
9916.04  1.19974  0.403344
9926.81  1.29878  0.342865
9937.57  1.40861  0.277851
9948.34  1.53282  0.207044
9959.11  1.67684  0.128294
9969.87  1.84904  0.0377911
9980.64  2.06215  -0.0715551
9991.41  2.33353  -0.213672
