0	-nan(ind)	-nan(ind)
10.7666	0.00368811	1.53686
21.5332	0.00735825	1.52268
32.2998	0.0110651	1.50634
43.0664	0.0148338	1.48909
53.833	0.0186877	1.47132
64.5996	0.0226518	1.4532
75.3662	0.0267536	1.43482
86.1328	0.031024	1.41621
96.8994	0.035499	1.39737
107.666	0.0402201	1.37828
118.433	0.0452366	1.35887
129.199	0.050607	1.33908
139.966	0.0564017	1.31879
150.732	0.0627063	1.29785
161.499	0.0696259	1.27608
172.266	0.0772911	1.25323
183.032	0.0858664	1.229
193.799	0.0955616	1.20299
204.565	0.106648	1.17468
215.332	0.119484	1.14338
226.099	0.134546	1.10816
236.865	0.152483	1.0677
247.632	0.174189	1.02017
258.398	0.200913	0.962862
269.165	0.234394	0.891729
279.932	0.276984	0.800552
290.698	0.3315	0.679707
301.465	0.399885	0.514876
312.231	0.478153	0.288293
322.998	0.545833	-0.00900019
333.765	0.566913	-0.349339
344.531	0.529947	-0.667983
355.298	0.464475	-0.92009
366.064	0.399226	-1.10468
376.831	0.344558	-1.2387
387.598	0.301061	-1.33817
398.364	0.2667	-1.4143
409.131	0.239314	-1.47439
419.897	0.21718	-1.52314
430.664	0.199025	-1.56365
441.431	0.183921	-1.59804
452.197	0.171194	-1.62776
462.964	0.160345	-1.65385
473.73	0.151002	-1.67707
484.497	0.142883	-1.69798
495.264	0.13577	-1.71701
506.03	0.129494	-1.73449
516.797	0.123922	-1.75068
527.563	0.118947	-1.76578
538.33	0.114482	-1.77995
549.097	0.110456	-1.79334
559.863	0.106813	-1.80604
570.63	0.103503	-1.81815
581.396	0.100486	-1.82975
592.163	0.0977289	-1.8409
602.93	0.095202	-1.85165
613.696	0.0928812	-1.86205
624.463	0.090745	-1.87213
635.229	0.0887755	-1.88194
645.996	0.0869567	-1.8915
656.763	0.0852749	-1.90084
667.529	0.083718	-1.90998
678.296	0.0822754	-1.91894
689.063	0.0809378	-1.92774
699.829	0.079697	-1.93639
710.596	0.0785456	-1.9449
721.362	0.077477	-1.9533
732.129	0.0764856	-1.96158
742.896	0.0755659	-1.96976
753.662	0.0747135	-1.97785
764.429	0.073924	-1.98586
775.195	0.0731938	-1.99379
785.962	0.0725193	-2.00165
796.729	0.0718976	-2.00944
807.495	0.0713258	-2.01718
818.262	0.0708015	-2.02486
829.028	0.0703223	-2.0325
839.795	0.0698862	-2.04008
850.562	0.0694912	-2.04763
861.328	0.0691358	-2.05514
872.095	0.0688184	-2.06261
882.861	0.0685375	-2.07005
893.628	0.0682919	-2.07746
904.395	0.0680804	-2.08485
915.161	0.0679021	-2.09221
925.928	0.067756	-2.09955
936.694	0.0676413	-2.10687
947.461	0.0675572	-2.11417
958.228	0.067503	-2.12145
968.994	0.0674783	-2.12872
979.761	0.0674824	-2.13598
990.527	0.067515	-2.14322
1001.29	0.0675756	-2.15045
1012.06	0.067664	-2.15768
1022.83	0.0677798	-2.1649
1033.59	0.067923	-2.17211
1044.36	0.0680933	-2.17932
1055.13	0.0682906	-2.18652
1065.89	0.068515	-2.19372
1076.66	0.0687664	-2.20091
1087.43	0.0690448	-2.20811
1098.19	0.0693504	-2.2153
1108.96	0.0696833	-2.2225
1119.73	0.0700438	-2.22969
1130.49	0.0704319	-2.23689
1141.26	0.0708482	-2.24409
1152.03	0.0712927	-2.2513
1162.79	0.071766	-2.25851
1173.56	0.0722685	-2.26572
1184.33	0.0728006	-2.27294
1195.09	0.0733629	-2.28017
1205.86	0.0739559	-2.28741
1216.63	0.0745802	-2.29465
1227.39	0.0752365	-2.3019
1238.16	0.0759255	-2.30916
1248.93	0.0766481	-2.31643
1259.69	0.0774049	-2.32371
1270.46	0.0781969	-2.331
1281.23	0.0790252	-2.33831
1291.99	0.0798905	-2.34562
1302.76	0.0807942	-2.35295
1313.53	0.0817372	-2.3603
1324.29	0.0827208	-2.36766
1335.06	0.0837464	-2.37503
1345.83	0.0848152	-2.38242
1356.59	0.0859287	-2.38983
1367.36	0.0870885	-2.39725
1378.13	0.0882962	-2.40469
1388.89	0.0895535	-2.41216
1399.66	0.0908623	-2.41964
1410.42	0.0922245	-2.42714
1421.19	0.0936422	-2.43466
1431.96	0.0951175	-2.44221
1442.72	0.0966528	-2.44977
1453.49	0.0982505	-2.45737
1464.26	0.0999131	-2.46498
1475.02	0.101644	-2.47263
1485.79	0.103445	-2.4803
1496.56	0.10532	-2.48799
1507.32	0.107271	-2.49572
1518.09	0.109304	-2.50348
1528.86	0.111421	-2.51126
1539.62	0.113626	-2.51909
1550.39	0.115923	-2.52694
1561.16	0.118317	-2.53483
1571.92	0.120813	-2.54275
1582.69	0.123415	-2.55072
1593.46	0.12613	-2.55872
1604.22	0.128962	-2.56676
1614.99	0.131918	-2.57485
1625.76	0.135005	-2.58298
1636.52	0.138229	-2.59116
1647.29	0.141599	-2.59938
1658.06	0.145121	-2.60766
1668.82	0.148806	-2.61599
1679.59	0.152661	-2.62437
1690.36	0.156697	-2.63282
1701.12	0.160925	-2.64132
1711.89	0.165356	-2.64989
1722.66	0.170003	-2.65852
1733.42	0.174878	-2.66722
1744.19	0.179997	-2.67599
1754.96	0.185375	-2.68484
1765.72	0.191029	-2.69378
1776.49	0.196977	-2.70279
1787.26	0.203239	-2.7119
1798.02	0.209837	-2.7211
1808.79	0.216794	-2.7304
1819.56	0.224136	-2.73981
1830.32	0.231891	-2.74933
1841.09	0.24009	-2.75897
1851.86	0.248766	-2.76873
1862.62	0.257955	-2.77863
1873.39	0.2677	-2.78867
1884.16	0.278043	-2.79887
1894.92	0.289034	-2.80923
1905.69	0.300728	-2.81976
1916.46	0.313185	-2.83048
1927.22	0.326473	-2.84141
1937.99	0.340665	-2.85255
1948.75	0.355846	-2.86392
1959.52	0.372109	-2.87556
1970.29	0.389559	-2.88746
1981.05	0.408315	-2.89967
1991.82	0.428509	-2.91221
2002.59	0.450294	-2.9251
2013.35	0.473842	-2.93839
2024.12	0.49935	-2.95212
2034.89	0.527044	-2.96632
2045.65	0.557184	-2.98106
2056.42	0.59007	-2.99639
2067.19	0.626051	-3.01238
2077.95	0.665534	-3.02912
2088.72	0.708999	-3.0467
2099.49	0.757007	-3.06524
2110.25	0.810229	-3.08486
2121.02	0.869464	-3.10575
2131.79	0.935669	-3.12808
2142.55	1.01	3.13109
2153.32	1.09388	3.10509
2164.09	1.18902	3.07674
2174.85	1.29756	3.04559
2185.62	1.42213	3.01108
2196.39	1.56599	2.97245
2207.15	1.73323	2.92876
2217.92	1.92885	2.87879
2228.69	2.15898	2.8209
2239.45	2.43075	2.75297
2250.22	2.75182	2.67222
2260.99	3.12868	2.5751
2271.75	3.56261	2.45736
2282.52	4.04146	2.31459
2293.29	4.52734	2.14383
2304.05	4.94804	1.94656
2314.82	5.21291	1.73179
2325.59	5.26319	1.51545
2336.35	5.11432	1.31414
2347.12	4.83813	1.13826
2357.89	4.5115	0.990375
2368.65	4.1863	0.868037
2379.42	3.8882	0.766933
2390.19	3.62609	0.682721
2400.95	3.40034	0.611722
2411.72	3.20784	0.551024
2422.49	3.04443	0.498395
2433.25	2.90599	0.452133
2444.02	2.78888	0.410941
2454.79	2.68997	0.373822
2465.55	2.6067	0.340005
2476.32	2.53695	0.308883
2487.08	2.47901	0.279976
2497.85	2.43148	0.252899
2508.62	2.39323	0.227337
2519.38	2.36336	0.203034
2530.15	2.34112	0.179774
2540.92	2.32594	0.157378
2551.68	2.31737	0.135691
2562.45	2.31507	0.114579
2573.22	2.31878	0.0939254
2583.98	2.32835	0.0736249
2594.75	2.34369	0.0535827
2605.52	2.36477	0.0337114
2616.28	2.39166	0.0139284
2627.05	2.42447	-0.00584499
2637.82	2.4634	-0.025686
2648.58	2.5087	-0.0456714
2659.35	2.56071	-0.0658794
2670.12	2.61984	-0.0863909
2680.88	2.6866	-0.107291
2691.65	2.7616	-0.128672
2702.42	2.84554	-0.150633
2713.18	2.93928	-0.173285
2723.95	3.04382	-0.19675
2734.72	3.16034	-0.22117
2745.48	3.2902	-0.246704
2756.25	3.43504	-0.273539
2767.02	3.59676	-0.30189
2777.78	3.77759	-0.332015
2788.55	3.98018	-0.364217
2799.32	4.20762	-0.398861
2810.08	4.46352	-0.436385
2820.85	4.75211	-0.477324
2831.62	5.07819	-0.522327
2842.38	5.44718	-0.572188
2853.15	5.86493	-0.627877
2863.92	6.33724	-0.690574
2874.68	6.86898	-0.761689
2885.45	7.46236	-0.842866
2896.22	8.11385	-0.935921
2906.98	8.80952	-1.04266
2917.75	9.51906	-1.1645
2928.52	10.1907	-1.30182
2939.28	10.7524	-1.45317
2950.05	11.1263	-1.61461
2960.82	11.2559	-1.77993
2971.58	11.1314	-1.94192
2982.35	10.7932	-2.09423
2993.12	10.3109	-2.23276
3003.88	9.75608	-2.35592
3014.65	9.18482	-2.46399
3025.42	8.63329	-2.55834
3036.18	8.12114	-2.64077
3046.95	7.65668	-2.7131
3057.71	7.24151	-2.777
3068.48	6.87364	-2.83388
3079.25	6.54945	-2.88495
3090.01	6.26474	-2.9312
3100.78	6.01537	-2.97343
3111.55	5.79748	-3.01231
3122.31	5.60766	-3.04838
3133.08	5.44291	-3.0821
3143.85	5.30069	-3.11383
3154.61	5.17882	3.13929
3165.38	5.07549	3.11063
3176.15	4.9892	3.08314
3186.91	4.9187	3.05662
3197.68	4.863	3.03089
3208.45	4.82134	3.00581
3219.21	4.79314	2.98123
3229.98	4.77801	2.95702
3240.75	4.77572	2.93306
3251.51	4.78623	2.90923
3262.28	4.80965	2.88542
3273.05	4.84628	2.86151
3283.81	4.89658	2.83738
3294.58	4.96122	2.8129
3305.35	5.04109	2.78795
3316.11	5.13729	2.76237
3326.88	5.25125	2.736
3337.65	5.38469	2.70865
3348.41	5.53973	2.68011
3359.18	5.71895	2.65011
3369.95	5.92546	2.61837
3380.71	6.16305	2.5845
3391.48	6.4363	2.54808
3402.25	6.75071	2.50854
3413.01	7.11287	2.4652
3423.78	7.53059	2.4172
3434.55	8.01286	2.36344
3445.31	8.56964	2.30253
3456.08	9.21096	2.2327
3466.85	9.94475	2.15173
3477.61	10.7723	2.05688
3488.38	11.6798	1.94505
3499.15	12.6238	1.81313
3509.91	13.5149	1.65906
3520.68	14.2103	1.48352
3531.45	14.5438	1.29184
3542.21	14.403	1.09428
3552.98	13.8035	0.903256
3563.75	12.8815	0.728822
3574.51	11.8108	0.576065
3585.28	10.7296	0.445489
3596.04	9.71827	0.334942
3606.81	8.81078	0.241309
3617.58	8.01385	0.161492
3628.34	7.32085	0.092798
3639.11	6.72009	0.0330272
3649.88	6.19889	-0.019566
3660.64	5.74544	-0.0663528
3671.41	5.34939	-0.108408
3682.18	5.00193	-0.146577
3692.94	4.69573	-0.181528
3703.71	4.42466	-0.213797
3714.48	4.18368	-0.24381
3725.24	3.96856	-0.271918
3736.01	3.77583	-0.298405
3746.78	3.60254	-0.323506
3757.54	3.44626	-0.347417
3768.31	3.3049	-0.370302
3779.08	3.17671	-0.3923
3789.84	3.0602	-0.413529
3800.61	2.9541	-0.434091
3811.38	2.8573	-0.454074
3822.14	2.76888	-0.473555
3832.91	2.688	-0.4926
3843.68	2.61396	-0.511269
3854.44	2.54614	-0.529615
3865.21	2.48401	-0.547685
3875.98	2.42709	-0.565523
3886.74	2.37496	-0.583166
3897.51	2.32726	-0.600652
3908.28	2.28367	-0.618013
3919.04	2.24391	-0.635281
3929.81	2.20772	-0.652483
3940.58	2.17489	-0.669649
3951.34	2.14522	-0.686805
3962.11	2.11853	-0.703976
3972.88	2.09469	-0.721188
3983.64	2.07356	-0.738464
3994.41	2.05502	-0.755829
4005.18	2.03897	-0.773308
4015.94	2.02534	-0.790925
4026.71	2.01404	-0.808705
4037.48	2.00502	-0.826672
4048.24	1.99823	-0.844855
4059.01	1.99364	-0.863278
4069.78	1.99122	-0.881972
4080.54	1.99094	-0.900964
4091.31	1.99281	-0.920287
4102.08	1.99682	-0.939973
4112.84	2.00298	-0.960057
4123.61	2.01131	-0.980576
4134.38	2.02184	-1.00157
4145.14	2.0346	-1.02308
4155.91	2.04963	-1.04516
4166.67	2.06699	-1.06784
4177.44	2.08673	-1.0912
4188.21	2.10891	-1.11528
4198.97	2.13361	-1.14014
4209.74	2.16089	-1.16586
4220.51	2.19084	-1.19251
4231.27	2.22353	-1.22017
4242.04	2.25904	-1.24893
4252.81	2.29745	-1.27887
4263.57	2.33882	-1.3101
4274.34	2.38321	-1.34274
4285.11	2.43065	-1.3769
4295.87	2.48114	-1.4127
4306.64	2.53466	-1.45029
4317.41	2.5911	-1.4898
4328.17	2.65033	-1.53138
4338.94	2.71208	-1.57517
4349.71	2.776	-1.62134
4360.47	2.84162	-1.67002
4371.24	2.90827	-1.72134
4382.01	2.97514	-1.77543
4392.77	3.0412	-1.83237
4403.54	3.10521	-1.8922
4414.31	3.16572	-1.95491
4425.07	3.22115	-2.02043
4435.84	3.26975	-2.08861
4446.61	3.30977	-2.1592
4457.37	3.33955	-2.23186
4468.14	3.35764	-2.30618
4478.91	3.36292	-2.38166
4489.67	3.35477	-2.45773
4500.44	3.33307	-2.53382
4511.21	3.2983	-2.60933
4521.97	3.25142	-2.68371
4532.74	3.19381	-2.75646
4543.51	3.12717	-2.82717
4554.27	3.05332	-2.89549
4565.04	2.97411	-2.96119
4575.81	2.8913	-3.02411
4586.57	2.80648	-3.08419
4597.34	2.72103	-3.14141
4608.11	2.6361	3.08737
4618.87	2.55262	3.03569
4629.64	2.47129	2.98661
4640.41	2.39264	2.94001
4651.17	2.31705	2.89574
4661.94	2.24475	2.85364
4672.71	2.17589	2.81358
4683.47	2.1105	2.77539
4694.24	2.04859	2.73894
4705	1.99011	2.70409
4715.77	1.93496	2.67072
4726.54	1.88305	2.63871
4737.3	1.83425	2.60793
4748.07	1.78843	2.57831
4758.84	1.74545	2.54972
4769.6	1.70519	2.5221
4780.37	1.66751	2.49535
4791.14	1.63229	2.4694
4801.9	1.5994	2.44419
4812.67	1.56874	2.41964
4823.44	1.54019	2.3957
4834.2	1.51365	2.37231
4844.97	1.48903	2.34942
4855.74	1.46624	2.32699
4866.5	1.44521	2.30496
4877.27	1.42585	2.28329
4888.04	1.40811	2.26195
4898.8	1.39193	2.2409
4909.57	1.37724	2.2201
4920.34	1.36401	2.19951
4931.1	1.35218	2.1791
4941.87	1.34173	2.15885
4952.64	1.33263	2.13871
4963.4	1.32483	2.11866
4974.17	1.31834	2.09866
4984.94	1.31312	2.07869
4995.7	1.30917	2.05872
5006.47	1.30649	2.03872
5017.24	1.30507	2.01865
5028	1.30491	1.99848
5038.77	1.30603	1.97818
5049.54	1.30844	1.95772
5060.3	1.31216	1.93706
5071.07	1.31721	1.91617
5081.84	1.32363	1.895
5092.6	1.33145	1.87352
5103.37	1.34072	1.85167
5114.14	1.35148	1.82942
5124.9	1.36379	1.80671
5135.67	1.37772	1.78348
5146.44	1.39333	1.75968
5157.2	1.41071	1.73524
5167.97	1.42994	1.71009
5178.74	1.4511	1.68415
5189.5	1.47432	1.65733
5200.27	1.49968	1.62954
5211.04	1.52731	1.60067
5221.8	1.55733	1.5706
5232.57	1.58986	1.5392
5243.33	1.62501	1.50634
5254.1	1.66292	1.47184
5264.87	1.70368	1.43554
5275.63	1.74737	1.39724
5286.4	1.79406	1.35672
5297.17	1.84373	1.31376
5307.93	1.89631	1.26811
5318.7	1.95164	1.21949
5329.47	2.00939	1.16764
5340.23	2.06908	1.11227
5351	2.12998	1.05312
5361.77	2.1911	0.989954
5372.53	2.25112	0.922572
5383.3	2.30838	0.850871
5394.07	2.36087	0.774859
5404.83	2.40631	0.694699
5415.6	2.4423	0.610739
5426.37	2.46649	0.523533
5437.13	2.47689	0.433839
5447.9	2.47209	0.342593
5458.67	2.45155	0.250852
5469.43	2.41567	0.159712
5480.2	2.36576	0.0702253
5490.97	2.30386	-0.0166783
5501.73	2.23244	-0.100247
5512.5	2.15415	-0.179936
5523.27	2.07155	-0.255403
5534.03	1.98688	-0.326494
5544.8	1.90203	-0.393203
5555.57	1.81848	-0.455642
5566.33	1.73732	-0.514002
5577.1	1.6593	-0.568522
5587.87	1.58491	-0.619472
5598.63	1.5144	-0.667128
5609.4	1.44788	-0.711764
5620.17	1.38533	-0.753642
5630.93	1.32666	-0.793012
5641.7	1.27171	-0.830101
5652.47	1.2203	-0.86512
5663.23	1.17224	-0.89826
5674	1.12731	-0.929695
5684.77	1.08532	-0.959581
5695.53	1.04606	-0.988059
5706.3	1.00933	-1.01526
5717.07	0.974963	-1.04129
5727.83	0.942785	-1.06625
5738.6	0.912638	-1.09024
5749.37	0.884375	-1.11334
5760.13	0.857862	-1.13563
5770.9	0.832975	-1.15717
5781.67	0.8096	-1.17803
5792.43	0.787632	-1.19826
5803.2	0.766975	-1.2179
5813.96	0.747542	-1.23702
5824.73	0.729253	-1.25565
5835.5	0.712034	-1.27383
5846.26	0.69582	-1.2916
5857.03	0.680551	-1.30899
5867.8	0.66617	-1.32604
5878.56	0.65263	-1.34279
5889.33	0.639885	-1.35927
5900.1	0.627897	-1.37551
5910.86	0.616631	-1.39156
5921.63	0.606057	-1.40747
5932.4	0.596151	-1.4233
5943.16	0.586889	-1.43914
5953.93	0.578248	-1.45513
5964.7	0.570195	-1.47144
5975.46	0.562661	-1.48839
5986.23	0.55547	-1.50643
5997	0.54817	-1.52614
6007.76	0.539748	-1.54766
6018.53	0.52882	-1.56866
6029.3	0.516002	-1.58329
6040.06	0.505169	-1.58983
6050.83	0.498087	-1.5942
6061.6	0.493366	-1.60049
6072.36	0.489649	-1.60901
6083.13	0.486338	-1.61908
6093.9	0.483241	-1.63007
6104.66	0.480312	-1.64162
6115.43	0.477551	-1.65349
6126.2	0.474971	-1.66555
6136.96	0.472584	-1.67772
6147.73	0.470401	-1.68996
6158.5	0.468429	-1.70223
6169.26	0.466675	-1.71452
6180.03	0.465143	-1.72682
6190.8	0.463836	-1.73911
6201.56	0.462757	-1.75141
6212.33	0.461906	-1.7637
6223.1	0.461287	-1.77599
6233.86	0.460901	-1.78827
6244.63	0.460749	-1.80056
6255.4	0.460834	-1.81286
6266.16	0.461158	-1.82516
6276.93	0.461724	-1.83747
6287.7	0.462534	-1.8498
6298.46	0.463592	-1.86214
6309.23	0.464902	-1.87452
6320	0.466469	-1.88692
6330.76	0.468298	-1.89935
6341.53	0.470395	-1.91182
6352.29	0.472765	-1.92434
6363.06	0.475417	-1.93691
6373.83	0.478358	-1.94953
6384.59	0.481597	-1.96221
6395.36	0.485145	-1.97496
6406.13	0.48901	-1.98778
6416.89	0.493207	-2.00069
6427.66	0.497747	-2.01368
6438.43	0.502644	-2.02677
6449.19	0.507914	-2.03997
6459.96	0.513575	-2.05328
6470.73	0.519645	-2.06671
6481.49	0.526143	-2.08028
6492.26	0.533093	-2.09399
6503.03	0.540519	-2.10786
6513.79	0.548447	-2.1219
6524.56	0.556907	-2.13612
6535.33	0.565931	-2.15054
6546.09	0.575553	-2.16518
6556.86	0.585814	-2.18004
6567.63	0.596754	-2.19516
6578.39	0.608421	-2.21054
6589.16	0.620867	-2.22623
6599.93	0.634148	-2.24223
6610.69	0.648328	-2.25859
6621.46	0.663477	-2.27532
6632.23	0.679671	-2.29247
6642.99	0.696998	-2.31007
6653.76	0.715553	-2.32817
6664.53	0.735443	-2.34681
6675.29	0.756788	-2.36606
6686.06	0.779722	-2.38596
6696.83	0.804395	-2.40659
6707.59	0.830977	-2.42804
6718.36	0.859656	-2.45038
6729.13	0.890647	-2.47372
6739.89	0.924191	-2.49817
6750.66	0.96056	-2.52389
6761.43	1.00006	-2.55101
6772.19	1.04304	-2.57972
6782.96	1.08988	-2.61024
6793.73	1.14101	-2.6428
6804.49	1.19692	-2.6777
6815.26	1.25813	-2.71527
6826.03	1.32519	-2.75592
6836.79	1.39868	-2.80009
6847.56	1.47917	-2.84833
6858.33	1.56717	-2.90126
6869.09	1.66299	-2.95961
6879.86	1.76668	-3.02416
6890.63	1.87771	-3.09577
6901.39	1.99474	3.10785
6912.16	2.11522	3.01954
6922.92	2.23496	2.92189
6933.69	2.34792	2.81476
6944.46	2.44635	2.69868
6955.22	2.52162	2.57505
6965.99	2.56592	2.44626
6976.76	2.5743	2.31547
6987.52	2.54615	2.18615
6998.29	2.48541	2.06154
7009.06	2.39927	1.94416
7019.82	2.29617	1.83557
7030.59	2.18404	1.73643
7041.36	2.06926	1.64667
7052.12	1.95637	1.56579
7062.89	1.84828	1.49303
7073.66	1.7466	1.42755
7084.42	1.65206	1.36856
7095.19	1.56479	1.31537
7105.96	1.48471	1.26746
7116.72	1.41174	1.22449
7127.49	1.34623	1.18613
7138.26	1.28895	1.15141
7149.02	1.23955	1.11797
7159.79	1.19487	1.08399
7170.56	1.15217	1.05029
7181.32	1.11123	1.01823
7192.09	1.07268	0.988242
7202.86	1.03683	0.960164
7213.62	1.00369	0.933719
7224.39	0.973123	0.908654
7235.16	0.944928	0.884764
7245.92	0.918913	0.861886
7256.69	0.894892	0.839889
7267.46	0.872695	0.818665
7278.22	0.85217	0.798126
7288.99	0.833179	0.778193
7299.76	0.815602	0.758803
7310.52	0.799328	0.739898
7321.29	0.784262	0.721427
7332.06	0.770316	0.703347
7342.82	0.757413	0.685619
7353.59	0.745484	0.668207
7364.36	0.734466	0.651078
7375.12	0.724305	0.634206
7385.89	0.714949	0.617563
7396.66	0.706354	0.601125
7407.42	0.69848	0.584871
7418.19	0.691291	0.568779
7428.96	0.684755	0.552832
7439.72	0.678842	0.537012
7450.49	0.673527	0.521302
7461.25	0.668788	0.505687
7472.02	0.664603	0.490152
7482.79	0.660956	0.474683
7493.55	0.65783	0.459268
7504.32	0.655212	0.443892
7515.09	0.653091	0.428545
7525.85	0.651457	0.413213
7536.62	0.650303	0.397886
7547.39	0.649622	0.382551
7558.15	0.64941	0.367197
7568.92	0.649665	0.351814
7579.69	0.650385	0.336389
7590.45	0.651571	0.320912
7601.22	0.653224	0.305372
7611.99	0.655348	0.289755
7622.75	0.657949	0.274051
7633.52	0.661032	0.258248
7644.29	0.664606	0.242333
7655.05	0.668682	0.226293
7665.82	0.67327	0.210115
7676.59	0.678385	0.193784
7687.35	0.684042	0.177285
7698.12	0.690258	0.160605
7708.89	0.697053	0.143725
7719.65	0.704448	0.126628
7730.42	0.712469	0.109296
7741.19	0.721141	0.0917095
7751.95	0.730495	0.0738469
7762.72	0.740563	0.0556854
7773.49	0.75138	0.0372006
7784.25	0.762986	0.0183661
7795.02	0.775424	-0.000846919
7805.79	0.788741	-0.0204694
7816.55	0.802988	-0.0405353
7827.32	0.818221	-0.0610814
7838.09	0.834501	-0.0821481
7848.85	0.851896	-0.10378
7859.62	0.870477	-0.126025
7870.39	0.890324	-0.148936
7881.15	0.911522	-0.172573
7891.92	0.934165	-0.197001
7902.69	0.958352	-0.222291
7913.45	0.984191	-0.248523
7924.22	1.0118	-0.275784
7934.99	1.0413	-0.304174
7945.75	1.07281	-0.3338
7956.52	1.10649	-0.364782
7967.29	1.14246	-0.397256
7978.05	1.18087	-0.431368
7988.82	1.22184	-0.467284
7999.58	1.26552	-0.505184
8010.35	1.31201	-0.545267
8021.12	1.36138	-0.58775
8031.88	1.41366	-0.632865
8042.65	1.46881	-0.680863
8053.42	1.52671	-0.732002
8064.18	1.58707	-0.786548
8074.95	1.64947	-0.844758
8085.72	1.71324	-0.906869
8096.48	1.77748	-0.973076
8107.25	1.84098	-1.04351
8118.02	1.90222	-1.11819
8128.78	1.9594	-1.19701
8139.55	2.01049	-1.27972
8150.32	2.05342	-1.36583
8161.08	2.08617	-1.45471
8171.85	2.10713	-1.54551
8182.62	2.1152	-1.63726
8193.38	2.11003	-1.72893
8204.15	2.09203	-1.81949
8214.92	2.06232	-1.90797
8225.68	2.02255	-1.9936
8236.45	1.97471	-2.07574
8247.22	1.92085	-2.15399
8257.98	1.86294	-2.22811
8268.75	1.80275	-2.29802
8279.52	1.74174	-2.36377
8290.28	1.68109	-2.42551
8301.05	1.62167	-2.48345
8311.82	1.56413	-2.53782
8322.58	1.50889	-2.58889
8333.35	1.45621	-2.63693
8344.12	1.40625	-2.68218
8354.88	1.35905	-2.72491
8365.65	1.31458	-2.76533
8376.42	1.27279	-2.80366
8387.18	1.23357	-2.84009
8397.95	1.19681	-2.87481
8408.72	1.16238	-2.90798
8419.48	1.13016	-2.93973
8430.25	1.10002	-2.97021
8441.02	1.07182	-2.99953
8451.78	1.04545	-3.02779
8462.55	1.0208	-3.0551
8473.32	0.997755	-3.08154
8484.08	0.976212	-3.10718
8494.85	0.956078	-3.13211
8505.62	0.937266	3.1268
8516.38	0.919695	3.10313
8527.15	0.903292	3.08
8537.92	0.887986	3.05737
8548.68	0.873717	3.03519
8559.45	0.860424	3.01343
8570.21	0.848057	2.99203
8580.98	0.836566	2.97098
8591.75	0.825908	2.95023
8602.51	0.816041	2.92977
8613.28	0.80693	2.90955
8624.05	0.798541	2.88957
8634.81	0.790844	2.86978
8645.58	0.78381	2.85018
8656.35	0.777417	2.83073
8667.11	0.771641	2.81142
8677.88	0.766463	2.79224
8688.65	0.761865	2.77315
8699.41	0.757833	2.75415
8710.18	0.754351	2.73522
8720.95	0.75141	2.71634
8731.71	0.749	2.6975
8742.48	0.747113	2.67867
8753.25	0.745743	2.65985
8764.01	0.744886	2.64102
8774.78	0.744539	2.62216
8785.55	0.744702	2.60326
8796.31	0.745375	2.5843
8807.08	0.746562	2.56527
8817.85	0.748266	2.54616
8828.61	0.750495	2.52693
8839.38	0.753256	2.50758
8850.15	0.756559	2.48809
8860.91	0.760417	2.46844
8871.68	0.764845	2.44861
8882.45	0.769858	2.42857
8893.21	0.775477	2.40831
8903.98	0.781724	2.38779
8914.75	0.788623	2.367
8925.51	0.796203	2.3459
8936.28	0.804495	2.32446
8947.05	0.813535	2.30264
8957.81	0.823362	2.2804
8968.58	0.834021	2.2577
8979.35	0.84556	2.23448
8990.11	0.858034	2.2107
9000.88	0.871503	2.18627
9011.65	0.886035	2.16113
9022.41	0.901703	2.1352
9033.18	0.918586	2.10835
9043.95	0.936774	2.08049
9054.71	0.956358	2.05146
9065.48	0.977438	2.02109
9076.25	1.00011	1.98918
9087.01	1.02448	1.95549
9097.78	1.05061	1.91969
9108.54	1.07856	1.88144
9119.31	1.1083	1.84025
9130.08	1.13967	1.79556
9140.84	1.17232	1.74667
9151.61	1.20549	1.69275
9162.38	1.2378	1.63286
9173.14	1.26683	1.56604
9183.91	1.28866	1.4917
9194.68	1.29749	1.41026
9205.44	1.28605	1.32461
9216.21	1.24827	1.24193
9226.98	1.18492	1.17487
9237.74	1.1093	1.13861
9248.51	1.04546	1.14139
9259.28	1.0158	1.17411
9270.04	1.02859	1.21334
9280.81	1.07767	1.23761
9291.58	1.15126	1.2376
9302.34	1.23893	1.21328
9313.11	1.33334	1.16799
9323.88	1.42939	1.10514
9334.64	1.52289	1.02735
9345.41	1.60964	0.936579
9356.18	1.68497	0.834472
9366.94	1.74381	0.722792
9377.71	1.78125	0.603685
9388.48	1.79352	0.479789
9399.24	1.77899	0.354119
9410.01	1.73872	0.229767
9420.78	1.67629	0.109526
9431.54	1.5969	-0.00441468
9442.31	1.50624	-0.110604
9453.08	1.40956	-0.208303
9463.84	1.31109	-0.297335
9474.61	1.2139	-0.377907
9485.38	1.12	-0.450437
9496.14	1.03058	-0.515422
9506.91	0.946187	-0.573342
9517.68	0.866993	-0.624602
9528.44	0.792898	-0.669483
9539.21	0.723662	-0.708113
9549.98	0.658978	-0.740435
9560.74	0.598526	-0.766171
9571.51	0.542006	-0.784772
9582.28	0.489167	-0.79535
9593.04	0.439833	-0.796582
9603.81	0.393929	-0.786582
9614.58	0.351522	-0.762755
9625.34	0.312863	-0.721657
9636.11	0.278459	-0.659028
9646.88	0.249147	-0.57031
9657.64	0.226119	-0.452267
9668.41	0.210814	-0.306191
9679.17	0.204522	-0.141394
9689.94	0.207796	0.0251895
9700.71	0.220105	0.175776
9711.47	0.240093	0.29935
9722.24	0.266165	0.39332
9733.01	0.296929	0.460388
9743.77	0.331343	0.505103
9754.54	0.36869	0.531944
9765.31	0.408507	0.544639
9776.07	0.450506	0.546086
9786.84	0.494524	0.538467
9797.61	0.540486	0.523407
9808.37	0.588381	0.502112
9819.14	0.638248	0.475468
9829.91	0.690172	0.444123
9840.67	0.744279	0.408533
9851.44	0.800743	0.369001
9862.21	0.859793	0.325691
9872.97	0.921723	0.278631
9883.74	0.98691	0.227706
9894.51	1.05583	0.172625
9905.27	1.12907	0.11287
9916.04	1.20733	0.0476076
9926.81	1.29136	-0.0244523
9937.57	1.38179	-0.105268
9948.34	1.47856	-0.197776
9959.11	1.57956	-0.30627
9969.87	1.67751	-0.436598
9980.64	1.75379	-0.595244
9991.41	1.77146	-0.784808
10002.2	1.68308	-0.993191
10012.9	1.47543	-1.18339
10023.7	1.20833	-1.30461
10034.5	0.970021	-1.32292
10045.2	0.812654	-1.24392
10056	0.741587	-1.11537
10066.8	0.733891	-0.995095
10077.5	0.76145	-0.911712
10088.3	0.804416	-0.865518
10099.1	0.852092	-0.84724
10109.8	0.899474	-0.847959
10120.6	0.944466	-0.861251
10131.4	0.986334	-0.882853
10142.1	1.02497	-0.909978
10152.9	1.06052	-0.940794
10163.7	1.09326	-0.974077
10174.4	1.12348	-1.009
10185.2	1.15145	-1.04498
10196	1.17745	-1.08161
10206.7	1.20171	-1.11862
10217.5	1.22445	-1.1558
10228.3	1.24586	-1.193
10239	1.2661	-1.23011
10249.8	1.28533	-1.26705
10260.6	1.30366	-1.30377
10271.3	1.3212	-1.34022
10282.1	1.33804	-1.37637
10292.9	1.35425	-1.41219
10303.6	1.3699	-1.44765
10314.4	1.38503	-1.48272
10325.2	1.39966	-1.51737
10335.9	1.41381	-1.55153
10346.7	1.42749	-1.58515
10357.5	1.44071	-1.61812
10368.2	1.45349	-1.6503
10379	1.46589	-1.6815
10389.8	1.47808	-1.71145
10400.5	1.49041	-1.73982
10411.3	1.50358	-1.76626
10422.1	1.51881	-1.7905
10432.8	1.53796	-1.81265
10443.6	1.56324	-1.83358
10454.4	1.59626	-1.85517
10465.1	1.63661	-1.8798
10475.9	1.68134	-1.90908
10486.7	1.72643	-1.94297
10497.4	1.76888	-1.98009
10508.2	1.80755	-2.01882
10519	1.84273	-2.05792
10529.7	1.87531	-2.09669
10540.5	1.90621	-2.13483
10551.3	1.93622	-2.17228
10562	1.96593	-2.20906
10572.8	1.99577	-2.24528
10583.6	2.02604	-2.28101
10594.3	2.05695	-2.31636
10605.1	2.08867	-2.35139
10615.9	2.12131	-2.38617
10626.6	2.15498	-2.42077
10637.4	2.18975	-2.45523
10648.2	2.22569	-2.48959
10658.9	2.26287	-2.52389
10669.7	2.30136	-2.55816
10680.5	2.34121	-2.59241
10691.2	2.38248	-2.62669
10702	2.42523	-2.661
10712.8	2.46953	-2.69537
10723.5	2.51545	-2.72981
10734.3	2.56306	-2.76433
10745.1	2.61243	-2.79896
10755.8	2.66364	-2.8337
10766.6	2.71678	-2.86857
10777.4	2.77195	-2.90358
10788.1	2.82922	-2.93875
10798.9	2.88872	-2.97407
10809.7	2.95054	-3.00958
10820.4	3.01482	-3.04527
10831.2	3.08166	-3.08117
10842	3.15123	-3.11728
10852.7	3.22364	3.12956
10863.5	3.29908	3.09298
10874.3	3.3777	3.05614
10885	3.45968	3.01902
10895.8	3.54523	2.98161
10906.6	3.63455	2.94389
10917.3	3.72787	2.90584
10928.1	3.82544	2.86744
10938.9	3.92752	2.82867
10949.6	4.03438	2.7895
10960.4	4.14635	2.7499
10971.2	4.26374	2.70984
10981.9	4.38693	2.6693
10992.7	4.51627	2.62823
11003.5	4.6522	2.58661
11014.2	4.79516	2.54437
11025	4.94561	2.50149
11035.8	5.10408	2.4579
11046.5	5.2711	2.41355
11057.3	5.44727	2.36839
11068.1	5.63319	2.32234
11078.8	5.82953	2.27532
11089.6	6.03697	2.22727
11100.4	6.25622	2.17808
11111.1	6.48802	2.12766
11121.9	6.73311	2.0759
11132.7	6.99223	2.02269
11143.4	7.26608	1.9679
11154.2	7.5553	1.91139
11165	7.86045	1.85301
11175.7	8.1819	1.7926
11186.5	8.51983	1.73
11197.3	8.87406	1.66502
11208	9.24404	1.59749
11218.8	9.62862	1.52724
11229.6	10.026	1.45407
11240.3	10.4334	1.37785
11251.1	10.8473	1.29842
11261.9	11.2626	1.21571
11272.6	11.6732	1.12967
11283.4	12.0719	1.04035
11294.2	12.4502	0.947861
11304.9	12.799	0.852442
11315.7	13.1088	0.754426
11326.5	13.3709	0.654257
11337.2	13.5774	0.552475
11348	13.7224	0.449695
11358.8	13.8025	0.346575
11369.5	13.8173	0.243774
11380.3	13.769	0.141916
11391.1	13.6623	0.0415517
11401.8	13.5039	-0.0568639
11412.6	13.3013	-0.15299
11423.4	13.0628	-0.246599
11434.1	12.7963	-0.337577
11444.9	12.509	-0.425904
11455.7	12.2071	-0.511643
11466.4	11.8959	-0.594921
11477.2	11.5791	-0.675913
11488	11.2596	-0.754827
11498.7	10.9388	-0.831889
11509.5	10.6173	-0.907329
11520.3	10.2944	-0.981363
11531	9.96843	-1.05418
11541.8	9.63677	-1.12589
11552.6	9.29563	-1.19651
11563.3	8.94028	-1.26585
11574.1	8.56534	-1.33338
11584.9	8.16547	-1.39805
11595.6	7.7372	-1.45794
11606.4	7.28235	-1.50992
11617.2	6.81363	-1.54938
11627.9	6.36169	-1.57071
11638.7	5.97842	-1.56975
11649.5	5.72633	-1.54844
11660.2	5.64863	-1.51815
11671	5.73953	-1.49534
11681.8	5.9474	-1.49161
11692.5	6.20752	-1.50922
11703.3	6.47006	-1.54436
11714.1	6.70742	-1.59169
11724.8	6.90919	-1.64672
11735.6	7.07476	-1.7063
11746.4	7.20792	-1.76847
11757.1	7.31378	-1.83207
11767.9	7.39729	-1.89645
11778.7	7.4627	-1.96127
11789.4	7.51339	-2.02639
11800.2	7.55195	-2.09176
11811	7.58026	-2.15741
11821.7	7.59963	-2.22338
11832.5	7.61089	-2.28972
11843.3	7.61452	-2.35649
11854	7.61071	-2.42375
11864.8	7.59941	-2.49153
11875.6	7.58041	-2.55987
11886.3	7.55339	-2.62876
11897.1	7.51797	-2.69819
11907.9	7.47374	-2.76816
11918.6	7.42029	-2.83859
11929.4	7.35729	-2.90945
11940.2	7.2845	-2.98063
11950.9	7.20177	-3.05206
11961.7	7.10911	-3.12362
11972.5	7.00669	3.088
11983.2	6.89483	3.01654
11994	6.77402	2.94533
12004.8	6.6449	2.8745
12015.5	6.50824	2.80417
12026.3	6.36494	2.73447
12037.1	6.21594	2.66551
12047.8	6.06229	2.59739
12058.6	5.90501	2.53021
12069.4	5.74514	2.46405
12080.1	5.5837	2.39897
12090.9	5.42162	2.33501
12101.7	5.2598	2.27222
12112.4	5.09901	2.21062
12123.2	4.93998	2.15021
12134	4.78331	2.091
12144.7	4.62952	2.03298
12155.5	4.47905	1.97613
12166.3	4.33226	1.92043
12177	4.18939	1.86585
12187.8	4.05067	1.81234
12198.6	3.91622	1.75988
12209.3	3.78614	1.70842
12220.1	3.66046	1.65793
12230.9	3.53918	1.60834
12241.6	3.42226	1.55964
12252.4	3.30966	1.51175
12263.2	3.20128	1.46466
12273.9	3.09703	1.4183
12284.7	2.9968	1.37265
12295.5	2.90046	1.32764
12306.2	2.8079	1.28326
12317	2.71898	1.23945
12327.8	2.63357	1.19618
12338.5	2.55154	1.15341
12349.3	2.47275	1.1111
12360.1	2.39708	1.06922
12370.8	2.32441	1.02773
12381.6	2.25461	0.986605
12392.4	2.18757	0.945804
12403.1	2.12317	0.905296
12413.9	2.06131	0.865047
12424.7	2.00189	0.825026
12435.4	1.94481	0.785199
12446.2	1.88999	0.745532
12457	1.83734	0.705992
12467.7	1.78679	0.666541
12478.5	1.73826	0.627144
12489.3	1.69169	0.58776
12500	1.64702	0.548348
12510.8	1.60421	0.508862
12521.6	1.56321	0.469255
12532.3	1.52398	0.429471
12543.1	1.48649	0.389453
12553.9	1.45071	0.349132
12564.6	1.41664	0.308436
12575.4	1.38425	0.267281
12586.2	1.35356	0.22557
12596.9	1.32457	0.183196
12607.7	1.29728	0.140034
12618.5	1.27173	0.0959411
12629.2	1.24794	0.0507548
12640	1.22595	0.00428785
12650.8	1.20579	-0.0436726
12661.5	1.18751	-0.0933672
12672.3	1.17115	-0.145065
12683.1	1.15674	-0.199064
12693.8	1.14434	-0.255683
12704.6	1.13397	-0.315262
12715.4	1.12568	-0.378146
12726.1	1.11952	-0.444681
12736.9	1.11558	-0.515198
12747.7	1.11401	-0.590014
12758.4	1.11504	-0.66944
12769.2	1.11902	-0.753792
12780	1.12642	-0.843431
12790.7	1.13782	-0.938784
12801.5	1.15392	-1.04038
12812.3	1.17541	-1.14885
12823	1.20296	-1.26494
12833.8	1.23705	-1.38942
12844.6	1.27779	-1.52307
12855.3	1.32477	-1.66651
12866.1	1.37675	-1.82009
12876.9	1.43147	-1.98364
12887.6	1.48562	-2.15626
12898.4	1.53509	-2.33613
12909.2	1.57571	-2.5205
12919.9	1.60421	-2.70587
12930.7	1.61909	-2.88854
12941.5	1.6209	-3.06516
12952.2	1.61179	3.05
12963	1.59469	2.89205
12973.8	1.57243	2.74475
12984.5	1.54725	2.60794
12995.3	1.52051	2.48103
13006.1	1.4928	2.36335
13016.8	1.46407	2.25428
13027.6	1.43387	2.15352
13038.4	1.40171	2.06116
13049.1	1.3673	1.97772
13059.9	1.3308	1.90406
13070.7	1.29294	1.84136
13081.4	1.25503	1.79093
13092.2	1.21902	1.75418
13103	1.18764	1.73251
13113.7	1.16468	1.7269
13124.5	1.15523	1.73716
13135.3	1.16548	1.76085
13146	1.20182	1.79249
13156.8	1.26934	1.82416
13167.6	1.37047	1.84765
13178.3	1.50456	1.857
13189.1	1.66864	1.84962
13199.9	1.85871	1.82585
13210.6	2.07091	1.78768
13221.4	2.30224	1.73763
13232.2	2.55082	1.67805
13242.9	2.81592	1.61082
13253.7	3.09775	1.53729
13264.5	3.39723	1.45828
13275.2	3.71568	1.37418
13286	4.05445	1.28502
13296.8	4.41448	1.19056
13307.5	4.79573	1.09034
13318.3	5.19642	0.983775
13329.1	5.61211	0.870261
13339.8	6.03463	0.749266
13350.6	6.45116	0.620512
13361.4	6.84389	0.48416
13372.1	7.19096	0.340996
13382.9	7.46919	0.192555
13393.7	7.65847	0.0410912
13404.4	7.74655	-0.110641
13415.2	7.73216	-0.25977
13426	7.62494	-0.403731
13436.7	7.44238	-0.540578
13447.5	7.20532	-0.669116
13458.3	6.934	-0.788849
13469	6.64558	-0.899835
13479.8	6.35314	-1.00251
13490.6	6.06588	-1.09751
13501.3	5.7897	-1.18559
13512.1	5.52801	-1.26751
13522.9	5.28241	-1.34399
13533.6	5.05333	-1.41569
13544.4	4.84042	-1.48321
13555.2	4.64289	-1.54706
13565.9	4.45969	-1.6077
13576.7	4.28967	-1.6655
13587.5	4.13168	-1.7208
13598.2	3.98458	-1.77386
13609	3.84729	-1.82491
13619.8	3.71882	-1.87414
13630.5	3.59825	-1.9217
13641.3	3.48474	-1.9677
13652.1	3.37752	-2.01224
13662.8	3.27591	-2.05537
13673.6	3.17926	-2.09712
13684.4	3.08703	-2.13749
13695.1	2.9987	-2.17645
13705.9	2.91382	-2.21393
13716.7	2.83201	-2.24983
13727.4	2.75296	-2.28399
13738.2	2.67643	-2.31621
13749	2.60227	-2.34622
13759.7	2.53049	-2.37367
13770.5	2.46125	-2.39813
13781.3	2.39499	-2.41906
13792	2.33252	-2.43581
13802.8	2.27515	-2.44763
13813.5	2.22497	-2.45373
13824.3	2.18511	-2.45341
13835.1	2.16008	-2.44632
13845.8	2.15605	-2.43292
13856.6	2.18081	-2.4151
13867.4	2.24303	-2.3969
13878.1	2.35019	-2.38459
13888.9	2.50522	-2.38589
13899.7	2.70219	-2.40787
13910.4	2.92344	-2.45448
13921.2	3.14105	-2.52489
13932	3.32467	-2.61366
13942.7	3.45242	-2.71271
13953.5	3.51784	-2.81406
13964.3	3.52827	-2.91187
13975	3.49789	-3.00288
13985.8	3.44131	-3.08601
13996.6	3.37024	3.12174
14007.3	3.29281	3.05318
14018.1	3.21418	2.99051
14028.9	3.13735	2.93277
14039.6	3.06395	2.8791
14050.4	2.99476	2.8288
14061.2	2.93005	2.78128
14071.9	2.86981	2.73609
14082.7	2.81388	2.69283
14093.5	2.76203	2.65121
14104.2	2.71401	2.61098
14115	2.66956	2.57194
14125.8	2.62843	2.53393
14136.5	2.59041	2.49681
14147.3	2.55528	2.46047
14158.1	2.52286	2.4248
14168.8	2.49299	2.38973
14179.6	2.46551	2.35519
14190.4	2.4403	2.32111
14201.1	2.41725	2.28743
14211.9	2.39624	2.2541
14222.7	2.37719	2.22108
14233.4	2.36001	2.18833
14244.2	2.34465	2.1558
14255	2.33102	2.12347
14265.7	2.31909	2.09129
14276.5	2.30879	2.05924
14287.3	2.30009	2.02728
14298	2.29295	1.99538
14308.8	2.28733	1.96352
14319.6	2.28321	1.93167
14330.3	2.28056	1.8998
14341.1	2.27936	1.86788
14351.9	2.2796	1.83588
14362.6	2.28127	1.80379
14373.4	2.28434	1.77157
14384.2	2.28881	1.7392
14394.9	2.29467	1.70664
14405.7	2.30191	1.67388
14416.5	2.31053	1.64087
14427.2	2.3205	1.60761
14438	2.33181	1.57404
14448.8	2.34444	1.54016
14459.5	2.35836	1.50594
14470.3	2.37352	1.47135
14481.1	2.38989	1.43639
14491.8	2.40739	1.40105
14502.6	2.426	1.36535
14513.4	2.44566	1.32931
14524.1	2.46641	1.293
14534.9	2.48833	1.25647
14545.7	2.51165	1.21977
14556.4	2.5367	1.18294
14567.2	2.56391	1.14596
14578	2.59375	1.10874
14588.7	2.62665	1.07113
14599.5	2.66291	1.03293
14610.3	2.70269	0.993927
14621	2.746	0.953938
14631.8	2.7928	0.912801
14642.6	2.84299	0.870381
14653.3	2.89647	0.826569
14664.1	2.95315	0.781265
14674.9	3.01296	0.734375
14685.6	3.07579	0.685799
14696.4	3.14157	0.635431
14707.2	3.21014	0.583154
14717.9	3.28133	0.528841
14728.7	3.35485	0.472356
14739.5	3.43033	0.413557
14750.2	3.50725	0.352296
14761	3.58493	0.288426
14771.8	3.66249	0.221808
14782.5	3.73882	0.152316
14793.3	3.81256	0.0798499
14804.1	3.88211	0.00434728
14814.8	3.94561	-0.0742052
14825.6	4.00097	-0.155756
14836.4	4.04601	-0.240174
14847.1	4.07851	-0.32724
14857.9	4.09636	-0.416638
14868.7	4.09781	-0.507954
14879.4	4.08155	-0.600691
14890.2	4.04695	-0.694283
14901	3.99411	-0.788126
14911.7	3.92391	-0.881609
14922.5	3.83791	-0.974154
14933.3	3.73824	-1.06524
14944	3.62739	-1.15445
14954.8	3.50799	-1.24144
14965.6	3.38267	-1.326
14976.3	3.25385	-1.40802
14987.1	3.12367	-1.48748
14997.9	2.99392	-1.56447
15008.6	2.86605	-1.63913
15019.4	2.74112	-1.71168
15030.2	2.61993	-1.78237
15040.9	2.50294	-1.85154
15051.7	2.3904	-1.91953
15062.5	2.28232	-1.98677
15073.2	2.17852	-2.05368
15084	2.07863	-2.12079
15094.8	1.98209	-2.18863
15105.5	1.88812	-2.25781
15116.3	1.79573	-2.32895
15127.1	1.70366	-2.40268
15137.8	1.61038	-2.47953
15148.6	1.51419	-2.55984
15159.4	1.41335	-2.64354
15170.1	1.30643	-2.72988
15180.9	1.19282	-2.81715
15191.7	1.07336	-2.9025
15202.4	0.950596	-2.98199
15213.2	0.828638	-3.05105
15224	0.712212	-3.10518
15234.7	0.605501	-3.14082
15245.5	0.511222	3.12737
15256.3	0.430328	3.13362
15267	0.362278	-3.12258
15277.8	0.305585	-3.07581
15288.6	0.2584	-3.00956
15299.3	0.218974	-2.92249
15310.1	0.185997	-2.81055
15320.9	0.158838	-2.6665
15331.6	0.137723	-2.48125
15342.4	0.123772	-2.25012
15353.2	0.118545	-1.98531
15363.9	0.12289	-1.72126
15374.7	0.136031	-1.49451
15385.5	0.156094	-1.32035
15396.2	0.181197	-1.19488
15407	0.209955	-1.10759
15417.8	0.241472	-1.04856
15428.5	0.275189	-1.01024
15439.3	0.310764	-0.987269
15450.1	0.347989	-0.975871
15460.8	0.386749	-0.973389
15471.6	0.42699	-0.977928
15482.4	0.468703	-0.988125
15493.1	0.511911	-1.00299
15503.9	0.556655	-1.02181
15514.7	0.602984	-1.04405
15525.4	0.650947	-1.06931
15536.2	0.700586	-1.0973
15547	0.751933	-1.12778
15557.7	0.80501	-1.16056
15568.5	0.859826	-1.19545
15579.3	0.91638	-1.23233
15590	0.97466	-1.27106
15600.8	1.03465	-1.31151
15611.6	1.09632	-1.3536
15622.3	1.15963	-1.3972
15633.1	1.22455	-1.44224
15643.9	1.29102	-1.48862
15654.6	1.35899	-1.53626
15665.4	1.4284	-1.58508
15676.2	1.49921	-1.63501
15686.9	1.57134	-1.68597
15697.7	1.64474	-1.7379
15708.5	1.71937	-1.79074
15719.2	1.79517	-1.84442
15730	1.87211	-1.89892
15740.8	1.95013	-1.9542
15751.5	2.02917	-2.01023
15762.3	2.1091	-2.06701
15773.1	2.18971	-2.12451
15783.8	2.27071	-2.18263
15794.6	2.35185	-2.24122
15805.4	2.43305	-2.30006
15816.1	2.51456	-2.35894
15826.9	2.59693	-2.41775
15837.7	2.68078	-2.47651
15848.4	2.76666	-2.53531
15859.2	2.85503	-2.59428
15870	2.94624	-2.65353
15880.7	3.04063	-2.71319
15891.5	3.13858	-2.77335
15902.3	3.24046	-2.83412
15913	3.34671	-2.89563
15923.8	3.45777	-2.95802
15934.6	3.57414	-3.02145
15945.3	3.69631	-3.08611
15956.1	3.82474	3.13098
15966.9	3.95987	3.06319
15977.6	4.10205	2.99344
15988.4	4.25147	2.92141
15999.2	4.4081	2.84676
16009.9	4.57158	2.76911
16020.7	4.74106	2.68806
16031.5	4.91504	2.6032
16042.2	5.09116	2.51413
16053	5.26597	2.42047
16063.8	5.43474	2.32194
16074.5	5.59139	2.21839
16085.3	5.72852	2.10987
16096.1	5.83787	1.99672
16106.8	5.91105	1.87959
16117.6	5.94071	1.75947
16128.4	5.92173	1.63766
16139.1	5.85236	1.51568
16149.9	5.73469	1.39509
16160.7	5.57429	1.27736
16171.4	5.37921	1.16373
16182.2	5.15864	1.05511
16193	4.92176	0.952125
16203.7	4.67688	0.855103
16214.5	4.43094	0.764118
16225.3	4.18932	0.679045
16236	3.95581	0.599618
16246.8	3.73288	0.525493
16257.6	3.52192	0.456286
16268.3	3.32351	0.391615
16279.1	3.13771	0.331112
16289.9	2.96415	0.274441
16300.6	2.80229	0.221305
16311.4	2.65141	0.171448
16322.2	2.51075	0.124657
16332.9	2.37953	0.0807642
16343.7	2.257	0.0396466
16354.5	2.14243	0.00122758
16365.2	2.03516	-0.0345207
16376	1.93458	-0.0675742
16386.8	1.84016	-0.0978517
16397.5	1.75144	-0.125209
16408.3	1.66807	-0.149432
16419.1	1.58977	-0.170224
16429.8	1.51641	-0.187202
16440.6	1.44801	-0.199889
16451.4	1.38479	-0.207711
16462.1	1.32723	-0.210025
16472.9	1.27612	-0.206162
16483.7	1.23269	-0.195536
16494.4	1.19867	-0.177838
16505.2	1.17635	-0.153334
16516	1.16858	-0.123249
16526.7	1.17864	-0.0901651
16537.5	1.20984	-0.0581947
16548.3	1.26493	-0.0327385
16559	1.34537	-0.019729
16569.8	1.45037	-0.0245838
16580.6	1.57612	-0.0512395
16591.3	1.71498	-0.101513
16602.1	1.8555	-0.174807
16612.9	1.98348	-0.268124
16623.6	2.08491	-0.376464
16634.4	2.14962	-0.493682
16645.2	2.17396	-0.613665
16655.9	2.16086	-0.731387
16666.7	2.11754	-0.843441
16677.5	2.0526	-0.948004
16688.2	1.97397	-1.04445
16699	1.88795	-1.13292
16709.8	1.79906	-1.21393
16720.5	1.71042	-1.28817
16731.3	1.62402	-1.35641
16742.1	1.54109	-1.41939
16752.8	1.46228	-1.47788
16763.6	1.38784	-1.53265
16774.4	1.31768	-1.5845
16785.1	1.25138	-1.63424
16795.9	1.18825	-1.68267
16806.7	1.12732	-1.73049
16817.4	1.06736	-1.77823
16828.2	1.007	-1.82604
16839	0.944779	-1.87346
16849.7	0.879496	-1.91914
16860.5	0.810499	-1.96042
16871.3	0.738168	-1.99306
16882	0.664304	-2.01105
16892.8	0.592311	-2.00702
16903.6	0.526958	-1.97355
16914.3	0.473603	-1.90634
16925.1	0.436846	-1.80855
16935.9	0.418898	-1.69344
16946.6	0.418635	-1.57989
16957.4	0.432321	-1.48317
16968.2	0.455445	-1.40968
16978.9	0.48418	-1.35871
16989.7	0.515877	-1.32643
17000.5	0.548926	-1.30854
17011.2	0.582463	-1.3014
17022	0.616099	-1.30223
17032.8	0.649731	-1.30901
17043.5	0.683426	-1.3203
17054.3	0.71735	-1.33507
17065.1	0.751725	-1.35263
17075.8	0.786812	-1.37248
17086.6	0.822892	-1.39428
17097.4	0.860272	-1.41783
17108.1	0.899275	-1.44299
17118.9	0.940252	-1.46971
17129.7	0.983577	-1.49797
17140.4	1.02966	-1.52784
17151.2	1.07896	-1.55938
17162	1.13198	-1.59275
17172.7	1.18926	-1.6281
17183.5	1.25145	-1.66567
17194.3	1.31925	-1.70573
17205	1.39343	-1.74863
17215.8	1.47489	-1.79476
17226.6	1.56457	-1.84463
17237.3	1.6635	-1.89883
17248.1	1.77271	-1.95806
17258.9	1.89317	-2.02318
17269.6	2.0256	-2.09515
17280.4	2.17019	-2.1751
17291.2	2.32617	-2.26426
17301.9	2.49114	-2.3639
17312.7	2.66023	-2.47513
17323.5	2.82526	-2.59865
17334.2	2.97444	-2.73437
17345	3.09323	-2.88095
17355.8	3.16715	-3.03557
17366.5	3.18609	3.0891
17377.3	3.14796	2.93152
17388.1	3.05948	2.77934
17398.8	2.93345	2.63585
17409.6	2.78447	2.50289
17420.4	2.62542	2.38089
17431.1	2.46585	2.26936
17441.9	2.31187	2.16725
17452.7	2.16682	2.0733
17463.4	2.03214	1.98624
17474.2	1.908	1.90491
17485	1.79392	1.82827
17495.7	1.68903	1.75549
17506.5	1.59235	1.68589
17517.3	1.50287	1.61895
17528	1.41968	1.55433
17538.8	1.34196	1.49181
17549.6	1.26907	1.43132
17560.3	1.20054	1.37293
17571.1	1.13608	1.31677
17581.9	1.07561	1.26305
17592.6	1.01924	1.212
17603.4	0.967284	1.16368
17614.2	0.920187	1.11791
17624.9	0.87839	1.074
17635.7	0.842111	1.03061
17646.5	0.811077	0.985795
17657.2	0.78431	0.93732
17668	0.76013	0.88323
17678.8	0.736428	0.82247
17689.5	0.711166	0.755235
17700.3	0.682876	0.682882
17711.1	0.650953	0.60751
17721.8	0.615634	0.531441
17732.6	0.577763	0.456792
17743.4	0.538468	0.385251
17754.1	0.498887	0.318011
17764.9	0.460003	0.255826
17775.7	0.422564	0.199102
17786.4	0.387087	0.148001
17797.2	0.353882	0.102519
17808	0.323103	0.0625581
17818.7	0.294783	0.0279636
17829.5	0.268879	-0.00144516
17840.3	0.245293	-0.0258603
17851	0.2239	-0.0454794
17861.8	0.204556	-0.0605055
17872.6	0.187114	-0.0711535
17883.3	0.171425	-0.0776587
17894.1	0.157348	-0.0802902
17904.9	0.144745	-0.0793652
17915.6	0.133487	-0.0752645
17926.4	0.12345	-0.0684486
17937.2	0.114517	-0.0594711
17947.9	0.106578	-0.0489901
17958.7	0.0995231	-0.0377749
17969.5	0.0932495	-0.0267083
17980.2	0.087655	-0.0167858
17991	0.08264	-0.00911386
18001.8	0.0781065	-0.00491202
18012.5	0.0739587	-0.00552396
18023.3	0.0701034	-0.012446
18034.1	0.0664509	-0.0273811
18044.8	0.0629179	-0.052331
18055.6	0.0594306	-0.0897388
18066.4	0.0559328	-0.142704
18077.1	0.052399	-0.215286
18087.9	0.048857	-0.312872
18098.7	0.045427	-0.442467
18109.4	0.0423789	-0.61226
18120.2	0.0401994	-0.828897
18131	0.0396077	-1.09043
18141.7	0.0414043	-1.37799
18152.5	0.0461485	-1.65956
18163.3	0.0539693	-1.90899
18174	0.0647215	-2.11787
18184.8	0.0782518	-2.29049
18195.6	0.0945448	-2.4353
18206.3	0.113755	-2.5605
18217.1	0.136196	-2.67283
18227.9	0.162311	-2.77765
18238.6	0.192646	-2.87933
18249.4	0.227802	-2.98145
18260.2	0.268363	-3.0871
18270.9	0.31477	3.0843
18281.7	0.36714	2.96426
18292.5	0.425015	2.83451
18303.2	0.487121	2.69452
18314	0.551269	2.54496
18324.8	0.614577	2.38779
18335.5	0.674053	2.22594
18346.3	0.727288	2.06266
18357.1	0.77289	1.90085
18367.8	0.810543	1.74269
18378.6	0.840845	1.58951
18389.4	0.865012	1.44176
18400.1	0.884489	1.29899
18410.9	0.900563	1.16008
18421.7	0.914078	1.02345
18432.4	0.925279	0.887292
18443.2	0.933739	0.749833
18454	0.938351	0.609552
18464.7	0.937409	0.465415
18475.5	0.928823	0.317141
18486.3	0.910533	0.165426
18497	0.881097	0.0120636
18507.8	0.840279	-0.14017
18518.6	0.789373	-0.287885
18529.3	0.73102	-0.427624
18540.1	0.668612	-0.556361
18550.9	0.60556	-0.671802
18561.6	0.54476	-0.77244
18572.4	0.48836	-0.857468
18583.2	0.437796	-0.926708
18593.9	0.393928	-0.980674
18604.7	0.35719	-1.02082
18615.5	0.327672	-1.04991
18626.2	0.305136	-1.07222
18637	0.289004	-1.09336
18647.8	0.278375	-1.11942
18658.5	0.272128	-1.15589
18669.3	0.269086	-1.20681
18680.1	0.268192	-1.27448
18690.8	0.268648	-1.35985
18701.6	0.269982	-1.46298
18712.4	0.272055	-1.58359
18723.1	0.275033	-1.72128
18733.9	0.279336	-1.8756
18744.7	0.285568	-2.0459
18755.4	0.294438	-2.23108
18766.2	0.306645	-2.42936
18777	0.322743	-2.63821
18787.7	0.342969	-2.85451
18798.5	0.367095	-3.07471
18809.3	0.394353	2.98798
18820	0.423486	2.77077
18830.8	0.45297	2.56023
18841.6	0.481343	2.35938
18852.3	0.507523	2.1707
18863.1	0.530983	1.99587
18873.9	0.551741	1.83569
18884.6	0.57021	1.69014
18895.4	0.587008	1.55854
18906.2	0.602804	1.4398
18916.9	0.618224	1.33261
18927.7	0.633815	1.23563
18938.5	0.650036	1.14756
18949.2	0.667278	1.06718
18960	0.685881	0.993411
18970.8	0.706154	0.925281
18981.5	0.728394	0.86192
18992.3	0.752893	0.802545
19003.1	0.77995	0.746445
19013.8	0.809876	0.692968
19024.6	0.842999	0.641512
19035.4	0.879666	0.591515
19046.1	0.920251	0.542452
19056.9	0.965157	0.493826
19067.7	1.01482	0.445167
19078.4	1.06973	0.39602
19089.2	1.13041	0.345938
19100	1.19742	0.294477
19110.7	1.27139	0.241187
19121.5	1.35297	0.1856
19132.3	1.44283	0.127227
19143	1.54162	0.0655499
19153.8	1.64991	2.02203e-05
19164.6	1.76814	-0.0699384
19175.3	1.89643	-0.144919
19186.1	2.03445	-0.225509
19196.9	2.1812	-0.312248
19207.6	2.33472	-0.405569
19218.4	2.49188	-0.505716
19229.2	2.64822	-0.612635
19239.9	2.79801	-0.725878
19250.7	2.93474	-0.844523
19261.5	3.05191	-0.967164
19272.2	3.1441	-1.092
19283	3.20806	-1.21702
19293.8	3.24325	-1.34025
19304.5	3.25177	-1.45999
19315.3	3.23773	-1.57498
19326	3.20625	-1.68448
19336.8	3.16255	-1.78822
19347.6	3.11134	-1.88634
19358.3	3.05643	-1.97926
19369.1	3.0006	-2.06762
19379.9	2.94563	-2.15215
19390.6	2.89234	-2.23367
19401.4	2.84064	-2.31295
19412.2	2.78956	-2.39072
19422.9	2.73724	-2.46746
19433.7	2.68108	-2.54327
19444.5	2.61823	-2.61762
19455.2	2.54661	-2.68904
19466	2.4666	-2.75513
19476.8	2.38247	-2.81315
19487.5	2.30226	-2.86124
19498.3	2.23507	-2.89962
19509.1	2.1875	-2.93081
19519.8	2.16167	-2.95855
19530.6	2.15594	-2.98633
19541.4	2.16679	-3.01657
19552.1	2.19049	-3.05055
19562.9	2.22392	-3.08879
19573.7	2.26474	-3.13138
19584.4	2.31122	3.1049
19595.2	2.36205	3.05374
19606	2.41609	2.99833
19616.7	2.47216	2.93861
19627.5	2.52887	2.87448
19638.3	2.58444	2.80584
19649	2.63661	2.73261
19659.8	2.68247	2.65484
19670.6	2.71856	2.57279
19681.3	2.74092	2.48705
19692.1	2.74556	2.39865
19702.9	2.72904	2.3092
19713.6	2.6894	2.22094
19724.4	2.62716	2.13675
19735.2	2.54618	2.05992
19745.9	2.45403	1.99376
19756.7	2.36158	1.94089
19767.5	2.28167	1.90223
19778.2	2.22697	1.87602
19789	2.20724	1.8574
19799.8	2.22699	1.83917
19810.5	2.28421	1.81377
19821.3	2.3709	1.77538
19832.1	2.47493	1.72107
19842.8	2.58234	1.65083
19853.6	2.67968	1.56673
19864.4	2.75599	1.47212
19875.1	2.80421	1.37077
19885.9	2.82169	1.26632
19896.7	2.80979	1.16187
19907.4	2.77271	1.05976
19918.2	2.71606	0.961552
19929	2.64565	0.868109
19939.7	2.56668	0.77977
19950.5	2.48339	0.696495
19961.3	2.39898	0.61801
19972	2.31569	0.543915
19982.8	2.23501	0.473759
19993.6	2.15787	0.407092
