num_points: 929
frequency_Hz  magnitude  phase_rad
0.1  3.79733e-05  1.46665
10.7666  0.00368432  1.5281
21.5332  0.00739948  1.49512
32.2998  0.0111992  1.45989
43.0664  0.0151276  1.42337
53.833  0.0192331  1.38569
64.5996  0.0235721  1.34674
75.3662  0.0282127  1.30628
86.1328  0.0332377  1.2639
96.8994  0.0387506  1.21904
107.666  0.0448813  1.17096
118.433  0.0517949  1.11861
129.199  0.0597012  1.0606
139.966  0.0688653  0.994988
150.732  0.0796139  0.919144
161.499  0.0923233  0.82943
172.266  0.107352  0.720922
183.032  0.124837  0.587285
193.799  0.144201  0.421452
204.565  0.163318  0.218425
215.332  0.177967  -0.0186715
226.099  0.183422  -0.272774
236.865  0.178292  -0.517179
247.632  0.165768  -0.730434
258.398  0.150407  -0.905171
269.165  0.135294  -1.04451
279.932  0.121764  -1.15529
290.698  0.110128  -1.24422
301.465  0.100265  -1.31669
312.231  0.0919212  -1.37674
322.998  0.0848373  -1.42731
333.765  0.0787849  -1.47053
344.531  0.0735761  -1.50799
355.298  0.0690599  -1.54084
366.064  0.0651161  -1.56999
376.831  0.0616487  -1.5961
387.598  0.0585812  -1.61971
398.364  0.0558519  -1.64122
409.131  0.0534106  -1.66096
419.897  0.0512166  -1.67921
430.664  0.0492362  -1.69617
441.431  0.0474416  -1.71202
452.197  0.0458094  -1.72691
462.964  0.0443202  -1.74097
473.73  0.0429574  -1.7543
484.497  0.0417069  -1.76698
495.264  0.0405567  -1.77909
506.03  0.0394963  -1.79069
516.797  0.038517  -1.80185
527.563  0.0376109  -1.8126
538.33  0.0367711  -1.82299
549.097  0.0359918  -1.83306
559.863  0.0352677  -1.84283
570.63  0.0345943  -1.85234
581.396  0.0339673  -1.86161
592.163  0.0333833  -1.87067
602.93  0.0328389  -1.87952
613.696  0.0323313  -1.8882
624.463  0.0318578  -1.89672
635.229  0.0314163  -1.90508
645.996  0.0310045  -1.91331
656.763  0.0306206  -1.92141
667.529  0.0302628  -1.9294
678.296  0.0299298  -1.93728
689.063  0.0296199  -1.94507
699.829  0.0293321  -1.95277
710.596  0.029065  -1.96038
721.362  0.0288178  -1.96792
732.129  0.0285893  -1.97539
742.896  0.0283789  -1.98279
753.662  0.0281856  -1.99014
764.429  0.0280087  -1.99743
775.195  0.0278476  -2.00467
785.962  0.0277018  -2.01186
796.729  0.0275706  -2.01901
807.495  0.0274535  -2.02611
818.262  0.0273501  -2.03318
829.028  0.0272601  -2.04022
839.795  0.0271829  -2.04722
850.562  0.0271184  -2.0542
861.328  0.0270661  -2.06114
872.095  0.0270259  -2.06806
882.861  0.0269975  -2.07496
893.628  0.0269806  -2.08184
904.395  0.0269752  -2.08869
915.161  0.026981  -2.09553
925.928  0.0269978  -2.10235
936.694  0.0270257  -2.10915
947.461  0.0270645  -2.11594
958.228  0.0271141  -2.12272
968.994  0.0271746  -2.12949
979.761  0.0272457  -2.13624
990.527  0.0273277  -2.14299
1001.29  0.0274203  -2.14972
1012.06  0.0275238  -2.15645
1022.83  0.0276381  -2.16317
1033.59  0.0277633  -2.16988
1044.36  0.0278995  -2.17659
1055.13  0.0280468  -2.18329
1065.89  0.0282053  -2.18999
1076.66  0.0283751  -2.19669
1087.43  0.0285564  -2.20338
1098.19  0.0287493  -2.21007
1108.96  0.0289541  -2.21676
1119.73  0.029171  -2.22345
1130.49  0.0294002  -2.23014
1141.26  0.0296419  -2.23683
1152.03  0.0298965  -2.24352
1162.79  0.0301641  -2.25021
1173.56  0.0304452  -2.2569
1184.33  0.0307401  -2.26359
1195.09  0.0310491  -2.27028
1205.86  0.0313726  -2.27698
1216.63  0.031711  -2.28368
1227.39  0.0320648  -2.29039
1238.16  0.0324344  -2.2971
1248.93  0.0328203  -2.30381
1259.69  0.0332231  -2.31053
1270.46  0.0336433  -2.31726
1281.23  0.0340815  -2.32399
1291.99  0.0345384  -2.33072
1302.76  0.0350145  -2.33747
1313.53  0.0355107  -2.34422
1324.29  0.0360277  -2.35097
1335.06  0.0365662  -2.35774
1345.83  0.0371272  -2.36451
1356.59  0.0377115  -2.3713
1367.36  0.0383201  -2.37809
1378.13  0.0389539  -2.38489
1388.89  0.0396142  -2.3917
1399.66  0.0403019  -2.39852
1410.42  0.0410184  -2.40536
1421.19  0.0417648  -2.4122
1431.96  0.0425427  -2.41906
1442.72  0.0433534  -2.42593
1453.49  0.0441985  -2.43281
1464.26  0.0450796  -2.4397
1475.02  0.0459986  -2.44661
1485.79  0.0469572  -2.45354
1496.56  0.0479576  -2.46048
1507.32  0.0490018  -2.46743
1518.09  0.0500921  -2.4744
1528.86  0.051231  -2.48139
1539.62  0.0524211  -2.4884
1550.39  0.0536652  -2.49542
1561.16  0.0549664  -2.50247
1571.92  0.0563278  -2.50953
1582.69  0.0577529  -2.51662
1593.46  0.0592455  -2.52373
1604.22  0.0608096  -2.53086
1614.99  0.0624495  -2.53802
1625.76  0.0641699  -2.5452
1636.52  0.065976  -2.55241
1647.29  0.067873  -2.55964
1658.06  0.0698671  -2.56691
1668.82  0.0719645  -2.5742
1679.59  0.0741724  -2.58153
1690.36  0.0764982  -2.58889
1701.12  0.0789504  -2.59629
1711.89  0.0815379  -2.60373
1722.66  0.0842707  -2.6112
1733.42  0.0871595  -2.61872
1744.19  0.0902162  -2.62628
1754.96  0.0934541  -2.63389
1765.72  0.0968873  -2.64155
1776.49  0.100532  -2.64926
1787.26  0.104406  -2.65703
1798.02  0.108528  -2.66486
1808.79  0.11292  -2.67276
1819.56  0.117607  -2.68072
1830.32  0.122615  -2.68876
1841.09  0.127976  -2.69689
1851.86  0.133722  -2.7051
1862.62  0.139893  -2.71341
1873.39  0.146533  -2.72182
1884.16  0.153691  -2.73034
1894.92  0.161424  -2.73899
1905.69  0.169797  -2.74778
1916.46  0.178885  -2.75671
1927.22  0.188774  -2.76582
1937.99  0.199567  -2.7751
1948.75  0.211381  -2.7846
1959.52  0.224356  -2.79433
1970.29  0.238656  -2.80433
1981.05  0.254479  -2.81463
1991.82  0.272062  -2.82527
2002.59  0.291693  -2.83631
2013.35  0.313727  -2.84781
2024.12  0.3386  -2.85986
2034.89  0.366864  -2.87255
2045.65  0.399215  -2.88602
2056.42  0.436554  -2.90043
2067.19  0.480063  -2.91599
2077.95  0.53132  -2.93299
2088.72  0.592482  -2.95185
2099.49  0.666574  -2.9731
2110.25  0.75796  -2.99758
2121.02  0.87317  -3.02649
2131.79  1.02238  -3.06178
2142.55  1.22226  -3.10664
2153.32  1.50179  3.11639
2164.09  1.91465  3.02979
2174.85  2.56567  2.89271
2185.62  3.64145  2.64794
2196.39  5.11518  2.17616
2207.15  5.30351  1.49646
2217.92  3.98644  1.00749
2228.69  2.93445  0.753125
2239.45  2.28673  0.611589
2250.22  1.87454  0.522638
2260.99  1.59561  0.461011
2271.75  1.39661  0.41509
2282.52  1.24862  0.378938
2293.29  1.13495  0.349239
2304.05  1.0454  0.324011
2314.82  0.973439  0.301998
2325.59  0.914684  0.282367
2336.35  0.866114  0.264545
2347.12  0.82557  0.248127
2357.89  0.791478  0.232814
2368.65  0.762661  0.218384
2379.42  0.738226  0.204669
2390.19  0.717483  0.191536
2400.95  0.699893  0.178882
2411.72  0.685027  0.166622
2422.49  0.672545  0.154691
2433.25  0.66217  0.143031
2444.02  0.653682  0.131596
2454.79  0.646898  0.120348
2465.55  0.641672  0.109253
2476.32  0.637882  0.0982812
2487.08  0.635432  0.0874086
2497.85  0.634242  0.0766128
2508.62  0.634252  0.065874
2519.38  0.635413  0.0551745
2530.15  0.637688  0.0444979
2540.92  0.641053  0.0338294
2551.68  0.645492  0.0231549
2562.45  0.650999  0.0124611
2573.22  0.657577  0.00173544
2583.98  0.665235  -0.00903442
2594.75  0.673993  -0.0198605
2605.52  0.683876  -0.0307547
2616.28  0.694919  -0.0417289
2627.05  0.707163  -0.0527952
2637.82  0.72066  -0.063966
2648.58  0.735468  -0.0752539
2659.35  0.751659  -0.0866723
2670.12  0.769309  -0.0982349
2680.88  0.788511  -0.109956
2691.65  0.809368  -0.121853
2702.42  0.831995  -0.13394
2713.18  0.856525  -0.146236
2723.95  0.883106  -0.158761
2734.72  0.911907  -0.171536
2745.48  0.943116  -0.184584
2756.25  0.97695  -0.197931
2767.02  1.01365  -0.211604
2777.78  1.05349  -0.225634
2788.55  1.09679  -0.240057
2799.32  1.1439  -0.254911
2810.08  1.19523  -0.27024
2820.85  1.25124  -0.286094
2831.62  1.31247  -0.302527
2842.38  1.37954  -0.319605
2853.15  1.45315  -0.3374
2863.92  1.53415  -0.355995
2874.68  1.62349  -0.375489
2885.45  1.72231  -0.395994
2896.22  1.83193  -0.417643
2906.98  1.95392  -0.440591
2917.75  2.09015  -0.465023
2928.52  2.24283  -0.491159
2939.28  2.41461  -0.519263
2950.05  2.60867  -0.549654
2960.82  2.82885  -0.58272
2971.58  3.07976  -0.618935
2982.35  3.36699  -0.658886
2993.12  3.69722  -0.703299
3003.88  4.07841  -0.753077
3014.65  4.51984  -0.809346
3025.42  5.03191  -0.873504
3036.18  5.62542  -0.947265
3046.95  6.30977  -1.03268
3057.71  7.08921  -1.13206
3068.48  7.95624  -1.24776
3079.25  8.88171  -1.38162
3090.01  9.80485  -1.534
3100.78  10.6323  -1.70253
3111.55  11.2594  -1.88137
3122.31  11.6124  -2.06188
3133.08  11.6842  -2.23504
3143.85  11.5319  -2.3941
3154.61  11.2416  -2.53579
3165.38  10.8929  -2.65991
3176.15  10.5437  -2.76805
3186.91  10.2291  -2.86258
3197.68  9.96849  -2.94597
3208.45  9.77112  -3.02049
3219.21  9.64133  -3.08811
3229.98  9.58149  3.13265
3240.75  9.59384  3.07394
3251.51  9.68178  3.01764
3262.28  9.85072  2.9625
3273.05  10.1089  2.90729
3283.81  10.4684  2.85068
3294.58  10.9461  2.79114
3305.35  11.5652  2.7268
3316.11  12.3571  2.65519
3326.88  13.3623  2.57295
3337.65  14.6292  2.47538
3348.41  16.2041  2.35574
3359.18  18.094  2.20481
3369.95  20.1688  2.01147
3380.71  21.9854  1.76753
3391.48  22.7319  1.48002
3402.25  21.7898  1.18096
3413.01  19.5008  0.911282
3423.78  16.7788  0.692234
3434.55  14.26  0.522435
3445.31  12.1552  0.39145
3456.08  10.4586  0.288808
3466.85  9.10036  0.206507
3477.61  8.00716  0.13892
3488.38  7.11829  0.0821623
3499.15  6.38717  0.0335355
3509.91  5.77888  -0.00886227
3520.68  5.26731  -0.0463982
3531.45  4.8328  -0.0800744
3542.21  4.46045  -0.110639
3552.98  4.13879  -0.138662
3563.75  3.85891  -0.164581
3574.51  3.6138  -0.188743
3585.28  3.39791  -0.211421
3596.04  3.20675  -0.232835
3606.81  3.03671  -0.253166
3617.58  2.88483  -0.272562
3628.34  2.74866  -0.291146
3639.11  2.62618  -0.309022
3649.88  2.51568  -0.326276
3660.64  2.41575  -0.342984
3671.41  2.32517  -0.359209
3682.18  2.24291  -0.375008
3692.94  2.16809  -0.390429
3703.71  2.09996  -0.405515
3714.48  2.03786  -0.420303
3725.24  1.98123  -0.434826
3736.01  1.92957  -0.449116
3746.78  1.88247  -0.463198
3757.54  1.83953  -0.477098
3768.31  1.80045  -0.490837
3779.08  1.76493  -0.504437
3789.84  1.73271  -0.517916
3800.61  1.70359  -0.531292
3811.38  1.67737  -0.544582
3822.14  1.65388  -0.557801
3832.91  1.63297  -0.570964
3843.68  1.61452  -0.584086
3854.44  1.59842  -0.597179
3865.21  1.58457  -0.610259
3875.98  1.57289  -0.623337
3886.74  1.56333  -0.636428
3897.51  1.55583  -0.649542
3908.28  1.55035  -0.662695
3919.04  1.54686  -0.675898
3929.81  1.54535  -0.689166
3940.58  1.54581  -0.702511
3951.34  1.54825  -0.715949
3962.11  1.55269  -0.729494
3972.88  1.55917  -0.743162
3983.64  1.56771  -0.756969
3994.41  1.57839  -0.770932
4005.18  1.59126  -0.785071
4015.94  1.60642  -0.799405
4026.71  1.62396  -0.813956
4037.48  1.644  -0.828748
4048.24  1.66668  -0.843807
4059.01  1.69217  -0.85916
4069.78  1.72064  -0.874841
4080.54  1.7523  -0.890882
4091.31  1.78741  -0.907324
4102.08  1.82624  -0.92421
4112.84  1.8691  -0.941588
4123.61  1.91638  -0.959515
4134.38  1.9685  -0.978054
4145.14  2.02595  -0.997277
4155.91  2.08929  -1.01727
4166.67  2.15919  -1.03812
4177.44  2.23641  -1.05995
4188.21  2.32185  -1.08289
4198.97  2.41656  -1.10709
4209.74  2.52176  -1.13274
4220.51  2.63891  -1.16004
4231.27  2.76972  -1.18928
4242.04  2.91623  -1.22076
4252.81  3.08085  -1.25488
4263.57  3.26641  -1.29211
4274.34  3.47628  -1.33303
4285.11  3.71437  -1.37838
4295.87  3.98515  -1.42907
4306.64  4.29354  -1.48624
4317.41  4.64457  -1.55131
4328.17  5.04255  -1.62602
4338.94  5.48943  -1.71246
4349.71  5.98173  -1.813
4360.47  6.50561  -1.93004
4371.24  7.03037  -2.06544
4382.01  7.50342  -2.2195
4392.77  7.85423  -2.38965
4403.54  8.01488  -2.56973
4414.31  7.95203  -2.75072
4425.07  7.68589  -2.92338
4435.84  7.27769  -3.08094
4446.61  6.7984  3.0629
4457.37  6.30483  2.94185
4468.14  5.83246  2.83743
4478.91  5.39892  2.74725
4489.67  5.01032  2.66892
4500.44  4.66638  2.60029
4511.21  4.36384  2.53955
4521.97  4.09831  2.48522
4532.74  3.86527  2.4361
4543.51  3.6605  2.39126
4554.27  3.48025  2.34991
4565.04  3.32127  2.31143
4575.81  3.18079  2.27532
4586.57  3.05645  2.24115
4597.34  2.94629  2.20859
4608.11  2.84861  2.17734
4618.87  2.76201  2.14716
4629.64  2.6853  2.11783
4640.41  2.61746  2.08917
4651.17  2.55764  2.06101
4661.94  2.50511  2.03321
4672.71  2.45925  2.00563
4683.47  2.41954  1.97815
4694.24  2.38554  1.95065
4705  2.35688  1.92303
4715.77  2.33323  1.89517
4726.54  2.31433  1.86696
4737.3  2.29995  1.83829
4748.07  2.28992  1.80907
4758.84  2.28407  1.77917
4769.6  2.28229  1.74847
4780.37  2.28445  1.71686
4791.14  2.29046  1.68419
4801.9  2.30025  1.65034
4812.67  2.31372  1.61515
4823.44  2.33079  1.57847
4834.2  2.35135  1.54012
4844.97  2.37526  1.49993
4855.74  2.40234  1.4577
4866.5  2.43235  1.41324
4877.27  2.46495  1.36633
4888.04  2.4997  1.31676
4898.8  2.53602  1.26432
4909.57  2.57318  1.20883
4920.34  2.61023  1.15009
4931.1  2.64602  1.08798
4941.87  2.67918  1.02243
4952.64  2.70813  0.953413
4963.4  2.73114  0.881044
4974.17  2.74641  0.805538
4984.94  2.75218  0.727244
4995.7  2.74693  0.646653
5006.47  2.72951  0.564382
5017.24  2.69932  0.481153
5028  2.65639  0.397751
5038.77  2.60142  0.314976
5049.54  2.5357  0.233591
5060.3  2.46098  0.154278
5071.07  2.37927  0.0776023
5081.84  2.29268  0.00399453
5092.6  2.2032  -0.0662513
5103.37  2.11266  -0.132969
5114.14  2.02257  -0.196105
5124.9  1.93417  -0.255691
5135.67  1.84839  -0.311831
5146.44  1.76589  -0.364674
5157.2  1.68712  -0.4144
5167.97  1.61232  -0.461206
5178.74  1.54161  -0.505295
5189.5  1.475  -0.54687
5200.27  1.41239  -0.586127
5211.04  1.35367  -0.623252
5221.8  1.29866  -0.658422
5232.57  1.24719  -0.691799
5243.33  1.19904  -0.723533
5254.1  1.15403  -0.753763
5264.87  1.11195  -0.782614
5275.63  1.07262  -0.810202
5286.4  1.03584  -0.836632
5297.17  1.00144  -0.861998
5307.93  0.969268  -0.886387
5318.7  0.939162  -0.909878
5329.47  0.910984  -0.932542
5340.23  0.884601  -0.954444
5351  0.859894  -0.975645
5361.77  0.83675  -0.996197
5372.53  0.815068  -1.01615
5383.3  0.794752  -1.03555
5394.07  0.775717  -1.05444
5404.83  0.757883  -1.07285
5415.6  0.741176  -1.09082
5426.37  0.725532  -1.10838
5437.13  0.710888  -1.12557
5447.9  0.697189  -1.14241
5458.67  0.684385  -1.15892
5469.43  0.672427  -1.17512
5480.2  0.661276  -1.19105
5490.97  0.650891  -1.20672
5501.73  0.641239  -1.22216
5512.5  0.632289  -1.23737
5523.27  0.624011  -1.25237
5534.03  0.616382  -1.2672
5544.8  0.609378  -1.28185
5555.57  0.602982  -1.29634
5566.33  0.597177  -1.3107
5577.1  0.59195  -1.32494
5587.87  0.587291  -1.33906
5598.63  0.583193  -1.3531
5609.4  0.579652  -1.36707
5620.17  0.576671  -1.38099
5630.93  0.574256  -1.39489
5641.7  0.57242  -1.4088
5652.47  0.571186  -1.42277
5663.23  0.57059  -1.43686
5674  0.570688  -1.45119
5684.77  0.571566  -1.46594
5695.53  0.573359  -1.48147
5706.3  0.57626  -1.49858
5717.07  0.580429  -1.5192
5727.83  0.584918  -1.54849
5738.6  0.579807  -1.59395
5749.37  0.551822  -1.60669
5760.13  0.54922  -1.5803
5770.9  0.558783  -1.57646
5781.67  0.567979  -1.58369
5792.43  0.576377  -1.59466
5803.2  0.584534  -1.60711
5813.96  0.592852  -1.62028
5824.73  0.601587  -1.63387
5835.5  0.610919  -1.64778
5846.26  0.620986  -1.66196
5857.03  0.631909  -1.67639
5867.8  0.643803  -1.69108
5878.56  0.656785  -1.70606
5889.33  0.670976  -1.72135
5900.1  0.686513  -1.737
5910.86  0.703547  -1.75303
5921.63  0.72225  -1.76951
5932.4  0.742818  -1.78649
5943.16  0.765482  -1.80404
5953.93  0.790508  -1.82225
5964.7  0.818211  -1.84122
5975.46  0.848965  -1.86107
5986.23  0.883214  -1.88193
5997  0.921495  -1.90397
6007.76  0.964458  -1.92741
6018.53  1.01289  -1.95251
6029.3  1.06778  -1.97958
6040.06  1.13033  -2.00904
6050.83  1.20205  -2.04141
6061.6  1.28485  -2.07735
6072.36  1.38115  -2.11775
6083.13  1.49399  -2.1638
6093.9  1.62724  -2.21709
6104.66  1.78563  -2.27978
6115.43  1.97474  -2.35488
6126.2  2.20025  -2.44651
6136.96  2.46562  -2.56019
6147.73  2.76624  -2.70277
6158.5  3.07754  -2.88108
6169.26  3.34022  -3.09776
6180.03  3.46596  2.93887
6190.8  3.39348  2.68521
6201.56  3.14944  2.45132
6212.33  2.82178  2.25337
6223.1  2.48768  2.09355
6233.86  2.18575  1.96653
6244.63  1.92659  1.86539
6255.4  1.70786  1.78455
6266.16  1.52348  1.72111
6276.93  1.37131  1.67651
6287.7  1.2655  1.64542
6298.46  1.18512  1.59625
6309.23  1.09734  1.54576
6320  1.01557  1.50488
6330.76  0.943862  1.47055
6341.53  0.88127  1.44045
6352.29  0.826342  1.41337
6363.06  0.777818  1.38856
6373.83  0.734678  1.36557
6384.59  0.696108  1.34406
6395.36  0.661449  1.32379
6406.13  0.630161  1.30457
6416.89  0.601801  1.28625
6427.66  0.575999  1.26871
6438.43  0.552446  1.25185
6449.19  0.530879  1.23558
6459.96  0.511078  1.21983
6470.73  0.49285  1.20455
6481.49  0.476031  1.18967
6492.26  0.460481  1.17517
6503.03  0.446075  1.16099
6513.79  0.432706  1.14711
6524.56  0.42028  1.1335
6535.33  0.408714  1.12013
6546.09  0.397934  1.10698
6556.86  0.387875  1.09402
6567.63  0.378479  1.08125
6578.39  0.369696  1.06864
6589.16  0.361478  1.05617
6599.93  0.353785  1.04385
6610.69  0.34658  1.03164
6621.46  0.339828  1.01956
6632.23  0.333501  1.00757
6642.99  0.327571  0.995678
6653.76  0.322014  0.983872
6664.53  0.316806  0.972145
6675.29  0.311929  0.960489
6686.06  0.307363  0.948898
6696.83  0.303092  0.937365
6707.59  0.299101  0.925885
6718.36  0.295376  0.914453
6729.13  0.291904  0.903064
6739.89  0.288675  0.891713
6750.66  0.285678  0.880395
6761.43  0.282903  0.869107
6772.19  0.280342  0.857844
6782.96  0.277987  0.846603
6793.73  0.275832  0.835379
6804.49  0.273871  0.82417
6815.26  0.272097  0.812972
6826.03  0.270506  0.801782
6836.79  0.269094  0.790596
6847.56  0.267857  0.779412
6858.33  0.266792  0.768226
6869.09  0.265896  0.757036
6879.86  0.265168  0.745838
6890.63  0.264605  0.734629
6901.39  0.264207  0.723407
6912.16  0.263972  0.712169
6922.92  0.263902  0.700911
6933.69  0.263995  0.68963
6944.46  0.264254  0.678325
6955.22  0.264679  0.66699
6965.99  0.265273  0.655624
6976.76  0.266037  0.644224
6987.52  0.266975  0.632785
6998.29  0.268091  0.621304
7009.06  0.269388  0.609778
7019.82  0.270872  0.598203
7030.59  0.272549  0.586576
7041.36  0.274424  0.574891
7052.12  0.276505  0.563145
7062.89  0.2788  0.551333
7073.66  0.281319  0.53945
7084.42  0.284072  0.527492
7095.19  0.287069  0.515451
7105.96  0.290325  0.503324
7116.72  0.293854  0.491102
7127.49  0.297671  0.47878
7138.26  0.301795  0.466349
7149.02  0.306246  0.453801
7159.79  0.311047  0.441128
7170.56  0.316224  0.428318
7181.32  0.321805  0.415361
7192.09  0.327824  0.402245
7202.86  0.334318  0.388956
7213.62  0.341329  0.375478
7224.39  0.348907  0.361794
7235.16  0.357108  0.347883
7245.92  0.365997  0.333722
7256.69  0.375651  0.319286
7267.46  0.386158  0.304542
7278.22  0.397625  0.289454
7288.99  0.410178  0.273979
7299.76  0.423967  0.258065
7310.52  0.439178  0.241647
7321.29  0.456038  0.224647
7332.06  0.474828  0.206967
7342.82  0.495907  0.188482
7353.59  0.519735  0.169027
7364.36  0.546913  0.148386
7375.12  0.578249  0.126264
7385.89  0.614852  0.102245
7396.66  0.658288  0.0757276
7407.42  0.710853  0.0458053
7418.19  0.776046  0.0110434
7428.96  0.859465  -0.0309564
7439.72  0.970598  -0.0844953
7450.49  1.12659  -0.157992
7461.25  1.36029  -0.269851
7472.02  1.73199  -0.465695
7482.79  2.25948  -0.861895
7493.55  2.27517  -1.55329
7504.32  1.43199  -2.10531
7515.09  0.804508  -2.32807
7525.85  0.449538  -2.33489
7536.62  0.247806  -2.08528
7547.39  0.173339  -1.42741
7558.15  0.21622  -0.839114
7568.92  0.301153  -0.606506
7579.69  0.394255  -0.530686
7590.45  0.490747  -0.520141
7601.22  0.591852  -0.544086
7611.99  0.699872  -0.591448
7622.75  0.817008  -0.658583
7633.52  0.944634  -0.745228
7644.29  1.0822  -0.852805
7655.05  1.22542  -0.983224
7665.82  1.36416  -1.1374
7676.59  1.48153  -1.31327
7687.35  1.55771  -1.50403
7698.12  1.57918  -1.69845
7708.89  1.54699  -1.88429
7719.65  1.47528  -2.05252
7730.42  1.38235  -2.19918
7741.19  1.28303  -2.32449
7751.95  1.18642  -2.43085
7762.72  1.09691  -2.52134
7773.49  1.01594  -2.5989
7784.25  0.943337  -2.66595
7795.02  0.878112  -2.72425
7805.79  0.818841  -2.77451
7816.55  0.764147  -2.8151
7827.32  0.716062  -2.83919
7838.09  0.689067  -2.84966
7848.85  0.675845  -2.88567
7859.62  0.652764  -2.93289
7870.39  0.626103  -2.97396
7881.15  0.600566  -3.00939
7891.92  0.577154  -3.04114
7902.69  0.555881  -3.07042
7913.45  0.536556  -3.09791
7924.22  0.518961  -3.12406
7934.99  0.502899  3.13401
7945.75  0.488198  3.10972
7956.52  0.474709  3.08609
7967.29  0.462305  3.06298
7978.05  0.450875  3.04027
7988.82  0.440324  3.01787
7999.58  0.430567  2.99568
8010.35  0.42153  2.97363
8021.12  0.413148  2.95164
8031.88  0.405362  2.92964
8042.65  0.398119  2.90754
8053.42  0.391371  2.88529
8064.18  0.385071  2.86279
8074.95  0.379179  2.83997
8085.72  0.373653  2.81674
8096.48  0.368454  2.79301
8107.25  0.36354  2.76867
8118.02  0.358871  2.74359
8128.78  0.3544  2.71763
8139.55  0.350076  2.69064
8150.32  0.345842  2.66244
8161.08  0.341625  2.63279
8171.85  0.33734  2.60145
8182.62  0.332876  2.5681
8193.38  0.328091  2.53239
8204.15  0.322796  2.4939
8214.92  0.316739  2.45214
8225.68  0.309581  2.40661
8236.45  0.300861  2.35679
8247.22  0.289964  2.30233
8257.98  0.276091  2.24334
8268.75  0.258271  2.1811
8279.52  0.235493  2.11951
8290.28  0.207104  2.06816
8301.05  0.173718  2.04855
8311.82  0.138881  2.10493
8322.58  0.111457  2.30479
8333.35  0.104461  2.63826
8344.12  0.120423  2.91239
8354.88  0.147317  3.03826
8365.65  0.175316  3.0702
8376.42  0.200559  3.05828
8387.18  0.222173  3.02777
8397.95  0.240399  2.99028
8408.72  0.255799  2.95104
8419.48  0.268957  2.91238
8430.25  0.280382  2.87526
8441.02  0.290486  2.83997
8451.78  0.299597  2.80655
8462.55  0.307971  2.77488
8473.32  0.315806  2.7448
8484.08  0.323262  2.71612
8494.85  0.330464  2.68869
8505.62  0.337515  2.66234
8516.38  0.344498  2.63695
8527.15  0.351484  2.61237
8537.92  0.358534  2.58851
8548.68  0.365699  2.56527
8559.45  0.373026  2.54257
8570.21  0.38056  2.52032
8580.98  0.38834  2.49847
8591.75  0.396405  2.47696
8602.51  0.404794  2.45573
8613.28  0.413544  2.43473
8624.05  0.422695  2.41393
8634.81  0.432286  2.39327
8645.58  0.442359  2.37273
8656.35  0.452959  2.35227
8667.11  0.464133  2.33185
8677.88  0.475933  2.31144
8688.65  0.488415  2.29102
8699.41  0.50164  2.27054
8710.18  0.515676  2.24997
8720.95  0.530598  2.22929
8731.71  0.546489  2.20846
8742.48  0.563443  2.18745
8753.25  0.581567  2.16621
8764.01  0.60098  2.14471
8774.78  0.621818  2.12291
8785.55  0.644238  2.10075
8796.31  0.668421  2.07818
8807.08  0.694575  2.05514
8817.85  0.722943  2.03157
8828.61  0.753814  2.00737
8839.38  0.787525  1.98246
8850.15  0.824482  1.95672
8860.91  0.865172  1.93003
8871.68  0.910191  1.9022
8882.45  0.960267  1.87305
8893.21  1.01631  1.84232
8903.98  1.07947  1.80969
8914.75  1.1512  1.77472
8925.51  1.23342  1.73688
8936.28  1.32864  1.69538
8947.05  1.44024  1.64918
8957.81  1.57285  1.59676
8968.58  1.73289  1.53584
8979.35  1.92932  1.46293
8990.11  2.17441  1.37248
9000.88  2.48329  1.25526
9011.65  2.86721  1.09597
9022.41  3.3018  0.871117
9033.18  3.63596  0.557274
9043.95  3.54693  0.173347
9054.71  2.94232  -0.185925
9065.48  2.18211  -0.437215
9076.25  1.53729  -0.56331
9087.01  1.05996  -0.555245
9097.78  0.749512  -0.370554
9108.54  0.632069  -0.00296376
9119.31  0.707759  0.335435
9130.08  0.892936  0.483854
9140.84  1.105  0.484678
9151.61  1.27356  0.402819
9162.38  1.33792  0.317498
9173.14  1.3794  0.314162
9183.91  1.55388  0.320273
9194.68  1.79965  0.245242
9205.44  2.01071  0.114104
9216.21  2.14762  -0.0371069
9226.98  2.20935  -0.188339
9237.74  2.21076  -0.329822
9248.51  2.17083  -0.457602
9259.28  2.1064  -0.570987
9270.04  2.02988  -0.67093
9280.81  1.94944  -0.75905
9291.58  1.86997  -0.837091
9302.34  1.79415  -0.906672
9313.11  1.72331  -0.969201
9323.88  1.65792  -1.02586
9334.64  1.59802  -1.07762
9345.41  1.54341  -1.12528
9356.18  1.49374  -1.1695
9366.94  1.44864  -1.2108
9377.71  1.40773  -1.24962
9388.48  1.37065  -1.28633
9399.24  1.33705  -1.32124
9410.01  1.30663  -1.35459
9420.78  1.27911  -1.38659
9431.54  1.25426  -1.41743
9442.31  1.23184  -1.44725
9453.08  1.21168  -1.47621
9463.84  1.1936  -1.50439
9474.61  1.17746  -1.53192
9485.38  1.16313  -1.55887
9496.14  1.1505  -1.58533
9506.91  1.13947  -1.61136
9517.68  1.12995  -1.63703
9528.44  1.12189  -1.66239
9539.21  1.11521  -1.68751
9549.98  1.10987  -1.71242
9560.74  1.10583  -1.73718
9571.51  1.10306  -1.76183
9582.28  1.10153  -1.78642
9593.04  1.10124  -1.81098
9603.81  1.10218  -1.83557
9614.58  1.10435  -1.86022
9625.34  1.10776  -1.88498
9636.11  1.11245  -1.9099
9646.88  1.11843  -1.93503
9657.64  1.12574  -1.96042
9668.41  1.13446  -1.98614
9679.17  1.14463  -2.01226
9689.94  1.15634  -2.03885
9700.71  1.16969  -2.066
9711.47  1.18479  -2.09381
9722.24  1.20178  -2.12241
9733.01  1.22083  -2.15194
9743.77  1.24213  -2.18258
9754.54  1.26592  -2.21454
9765.31  1.29245  -2.24809
9776.07  1.32206  -2.28356
9786.84  1.3551  -2.32138
9797.61  1.39201  -2.36208
9808.37  1.43325  -2.4064
9819.14  1.47931  -2.45527
9829.91  1.5306  -2.50995
9840.67  1.58734  -2.57217
9851.44  1.64912  -2.64426
9862.21  1.71418  -2.72937
9872.97  1.77787  -2.83158
9883.74  1.82995  -2.95576
9894.51  1.85092  -3.10625
9905.27  1.81084  2.99981
9916.04  1.6801  2.80575
9926.81  1.45606  2.61772
9937.57  1.17496  2.46493
9948.34  0.885849  2.37927
9959.11  0.634243  2.40697
9969.87  0.458896  2.60526
9980.64  0.388021  2.96577
9991.41  0.413605  -2.97547
