0	nan	nan
10.7666	0.00373863	1.52208
21.5332	0.00750337	1.49403
32.2998	0.0113654	1.46142
43.0664	0.0153723	1.42658
53.833	0.0195757	1.39002
64.5996	0.0240359	1.35176
75.3662	0.0288253	1.31164
86.1328	0.0340331	1.26927
96.8994	0.0397708	1.22412
107.666	0.0461797	1.1754
118.433	0.0534401	1.12202
129.199	0.0617827	1.06248
139.966	0.0715	0.994713
150.732	0.0829526	0.915837
161.499	0.0965512	0.821863
172.266	0.112668	0.707378
183.032	0.131367	0.565484
193.799	0.151788	0.388822
204.565	0.171174	0.173285
215.332	0.184575	-0.0748427
226.099	0.187374	-0.334088
236.865	0.179457	-0.576142
247.632	0.165104	-0.782212
258.398	0.148944	-0.948537
269.165	0.133664	-1.08029
279.932	0.120254	-1.18491
290.698	0.108834	-1.26906
301.465	0.0991981	-1.33788
312.231	0.0910619	-1.39513
322.998	0.0841561	-1.44354
333.765	0.0782529	-1.4851
344.531	0.0731679	-1.52126
355.298	0.0687543	-1.55311
366.064	0.0648955	-1.58146
376.831	0.061499	-1.60696
387.598	0.0584907	-1.63009
398.364	0.0558113	-1.65123
409.131	0.0534122	-1.67069
419.897	0.0512542	-1.68873
430.664	0.0493047	-1.70554
441.431	0.0475367	-1.72129
452.197	0.0459278	-1.73613
462.964	0.0444588	-1.75017
473.73	0.0431138	-1.7635
484.497	0.0418792	-1.77622
495.264	0.0407431	-1.78838
506.03	0.0396955	-1.80006
516.797	0.0387276	-1.81131
527.563	0.037832	-1.82216
538.33	0.0370018	-1.83267
549.097	0.0362314	-1.84287
559.863	0.0355156	-1.85279
570.63	0.0348499	-1.86245
581.396	0.0342303	-1.87188
592.163	0.0336533	-1.8811
602.93	0.0331156	-1.89013
613.696	0.0326144	-1.89899
624.463	0.0321472	-1.9077
635.229	0.0317117	-1.91625
645.996	0.0313059	-1.92468
656.763	0.0309279	-1.93299
667.529	0.0305759	-1.94119
678.296	0.0302486	-1.94929
689.063	0.0299445	-1.95729
699.829	0.0296624	-1.96521
710.596	0.0294012	-1.97305
721.362	0.0291598	-1.98082
732.129	0.0289372	-1.98853
742.896	0.0287327	-1.99617
753.662	0.0285455	-2.00376
764.429	0.0283748	-2.0113
775.195	0.02822	-2.01879
785.962	0.0280805	-2.02623
796.729	0.0279558	-2.03364
807.495	0.0278454	-2.04101
818.262	0.0277488	-2.04835
829.028	0.0276658	-2.05565
839.795	0.0275958	-2.06293
850.562	0.0275386	-2.07018
861.328	0.0274939	-2.0774
872.095	0.0274615	-2.08461
882.861	0.0274411	-2.09179
893.628	0.0274324	-2.09896
904.395	0.0274355	-2.10611
915.161	0.02745	-2.11325
925.928	0.0274759	-2.12037
936.694	0.027513	-2.12748
947.461	0.0275614	-2.13459
958.228	0.0276209	-2.14168
968.994	0.0276915	-2.14876
979.761	0.0277732	-2.15584
990.527	0.027866	-2.16291
1001.29	0.0279699	-2.16998
1012.06	0.0280849	-2.17704
1022.83	0.0282112	-2.1841
1033.59	0.0283488	-2.19116
1044.36	0.0284978	-2.19822
1055.13	0.0286584	-2.20527
1065.89	0.0288306	-2.21233
1076.66	0.0290146	-2.21939
1087.43	0.0292106	-2.22645
1098.19	0.0294188	-2.23351
1108.96	0.0296394	-2.24058
1119.73	0.0298726	-2.24765
1130.49	0.0301187	-2.25472
1141.26	0.030378	-2.2618
1152.03	0.0306508	-2.26889
1162.79	0.0309374	-2.27598
1173.56	0.0312381	-2.28308
1184.33	0.0315534	-2.29019
1195.09	0.0318835	-2.2973
1205.86	0.032229	-2.30443
1216.63	0.0325903	-2.31156
1227.39	0.0329678	-2.31871
1238.16	0.0333621	-2.32586
1248.93	0.0337738	-2.33303
1259.69	0.0342033	-2.3402
1270.46	0.0346514	-2.34739
1281.23	0.0351186	-2.3546
1291.99	0.0356057	-2.36181
1302.76	0.0361133	-2.36904
1313.53	0.0366423	-2.37629
1324.29	0.0371936	-2.38355
1335.06	0.0377678	-2.39082
1345.83	0.0383661	-2.39811
1356.59	0.0389894	-2.40542
1367.36	0.0396386	-2.41275
1378.13	0.040315	-2.4201
1388.89	0.0410198	-2.42746
1399.66	0.0417541	-2.43485
1410.42	0.0425193	-2.44226
1421.19	0.0433168	-2.44969
1431.96	0.0441482	-2.45714
1442.72	0.0450149	-2.46461
1453.49	0.0459189	-2.47211
1464.26	0.0468618	-2.47964
1475.02	0.0478456	-2.48719
1485.79	0.0488724	-2.49477
1496.56	0.0499445	-2.50237
1507.32	0.0510641	-2.51001
1518.09	0.0522338	-2.51768
1528.86	0.0534564	-2.52538
1539.62	0.0547347	-2.53311
1550.39	0.0560718	-2.54088
1561.16	0.0574712	-2.54868
1571.92	0.0589364	-2.55652
1582.69	0.0604713	-2.5644
1593.46	0.0620801	-2.57232
1604.22	0.0637672	-2.58029
1614.99	0.0655376	-2.5883
1625.76	0.0673964	-2.59636
1636.52	0.0693494	-2.60447
1647.29	0.0714027	-2.61263
1658.06	0.0735629	-2.62084
1668.82	0.0758374	-2.62912
1679.59	0.0782341	-2.63745
1690.36	0.0807615	-2.64585
1701.12	0.083429	-2.65432
1711.89	0.086247	-2.66285
1722.66	0.0892266	-2.67147
1733.42	0.0923803	-2.68016
1744.19	0.0957216	-2.68894
1754.96	0.0992654	-2.69781
1765.72	0.103028	-2.70678
1776.49	0.107029	-2.71585
1787.26	0.111287	-2.72503
1798.02	0.115826	-2.73434
1808.79	0.120669	-2.74377
1819.56	0.125847	-2.75334
1830.32	0.13139	-2.76305
1841.09	0.137334	-2.77293
1851.86	0.143718	-2.78299
1862.62	0.150589	-2.79324
1873.39	0.157997	-2.80369
1884.16	0.166003	-2.81438
1894.92	0.174672	-2.82532
1905.69	0.184084	-2.83654
1916.46	0.194328	-2.84807
1927.22	0.205508	-2.85994
1937.99	0.217746	-2.8722
1948.75	0.231187	-2.8849
1959.52	0.246001	-2.89809
1970.29	0.262389	-2.91184
1981.05	0.280596	-2.92624
1991.82	0.300916	-2.94138
2002.59	0.32371	-2.95738
2013.35	0.34942	-2.9744
2024.12	0.378602	-2.99262
2034.89	0.411953	-3.01228
2045.65	0.450366	-3.03369
2056.42	0.494998	-3.05723
2067.19	0.547374	-3.08345
2077.95	0.609535	-3.11304
2088.72	0.684267	3.13618
2099.49	0.775449	3.09645
2110.25	0.888585	3.04889
2121.02	1.03163	2.99043
2131.79	1.21613	2.91626
2142.55	1.45856	2.81866
2153.32	1.77981	2.6851
2164.09	2.19465	2.49603
2174.85	2.66538	2.22754
2185.62	3.01121	1.87547
2196.39	2.99265	1.49777
2207.15	2.6667	1.17963
2217.92	2.27511	0.94858
2228.69	1.94013	0.786555
2239.45	1.67932	0.670402
2250.22	1.47961	0.583851
2260.99	1.32536	0.516771
2271.75	1.20437	0.46292
2282.52	1.10789	0.418358
2293.29	1.02982	0.380516
2304.05	0.965808	0.347668
2314.82	0.912762	0.318613
2325.59	0.868414	0.292497
2336.35	0.831084	0.268697
2347.12	0.799503	0.246746
2357.89	0.772699	0.22629
2368.65	0.749919	0.207054
2379.42	0.730571	0.188822
2390.19	0.714185	0.171422
2400.95	0.700385	0.154714
2411.72	0.688867	0.138585
2422.49	0.679385	0.12294
2433.25	0.671739	0.107699
2444.02	0.665765	0.0927949
2454.79	0.66133	0.0781708
2465.55	0.658325	0.0637768
2476.32	0.656663	0.0495692
2487.08	0.656274	0.0355096
2497.85	0.657102	0.0215637
2508.62	0.659107	0.00770035
2519.38	0.662259	-0.00610867
2530.15	0.666537	-0.0198896
2540.92	0.671934	-0.0336668
2551.68	0.678448	-0.0474635
2562.45	0.686088	-0.0613017
2573.22	0.694869	-0.0752029
2583.98	0.704817	-0.089188
2594.75	0.715965	-0.103278
2605.52	0.728352	-0.117493
2616.28	0.742029	-0.131854
2627.05	0.757055	-0.146384
2637.82	0.773498	-0.161103
2648.58	0.791436	-0.176035
2659.35	0.810959	-0.191204
2670.12	0.832168	-0.206635
2680.88	0.855178	-0.222356
2691.65	0.880119	-0.238395
2702.42	0.907137	-0.254782
2713.18	0.936396	-0.271553
2723.95	0.968081	-0.288743
2734.72	1.0024	-0.306392
2745.48	1.03958	-0.324544
2756.25	1.0799	-0.343246
2767.02	1.12364	-0.362554
2777.78	1.17115	-0.382525
2788.55	1.2228	-0.403227
2799.32	1.27902	-0.424732
2810.08	1.3403	-0.447125
2820.85	1.4072	-0.470499
2831.62	1.48034	-0.49496
2842.38	1.56044	-0.520629
2853.15	1.64833	-0.547644
2863.92	1.74492	-0.576162
2874.68	1.85129	-0.606362
2885.45	1.96865	-0.638451
2896.22	2.09836	-0.672669
2906.98	2.24199	-0.709288
2917.75	2.40128	-0.748627
2928.52	2.57816	-0.79105
2939.28	2.77475	-0.836976
2950.05	2.99328	-0.886886
2960.82	3.23604	-0.94132
2971.58	3.50519	-1.00089
2982.35	3.80247	-1.06624
2993.12	4.1288	-1.13807
3003.88	4.48368	-1.21705
3014.65	4.86434	-1.30378
3025.42	5.26492	-1.39866
3036.18	5.67561	-1.50176
3046.95	6.08245	-1.61264
3057.71	6.46816	-1.73028
3068.48	6.81432	-1.85293
3079.25	7.10482	-1.97833
3090.01	7.32944	-2.10389
3100.78	7.486	-2.22708
3111.55	7.58037	-2.34578
3122.31	7.62435	-2.4585
3133.08	7.63271	-2.56445
3143.85	7.62047	-2.66343
3154.61	7.60119	-2.75572
3165.38	7.58621	-2.84194
3176.15	7.58463	-2.92285
3186.91	7.60373	-2.99935
3197.68	7.6494	-3.07238
3208.45	7.72676	3.1403
3219.21	7.84054	3.07135
3229.98	7.99554	3.00295
3240.75	8.19684	2.93402
3251.51	8.45008	2.8634
3262.28	8.76146	2.78978
3273.05	9.13753	2.71161
3283.81	9.58445	2.62709
3294.58	10.1064	2.53405
3305.35	10.7021	2.42991
3316.11	11.3588	2.31176
3326.88	12.0427	2.17666
3337.65	12.6868	2.02231
3348.41	13.1847	1.84842
3359.18	13.4065	1.65833
3369.95	13.2499	1.45985
3380.71	12.7017	1.26376
3391.48	11.8529	1.08029
3402.25	10.8463	0.915952
3413.01	9.81113	0.772898
3423.78	8.83088	0.650128
3434.55	7.94551	0.545135
3445.31	7.16624	0.455038
3456.08	6.4891	0.377155
3466.85	5.90369	0.309203
3477.61	5.39786	0.249328
3488.38	4.95988	0.196046
3499.15	4.57934	0.14818
3509.91	4.24733	0.104799
3520.68	3.95636	0.06516
3531.45	3.70022	0.028667
3542.21	3.47375	-0.00516006
3552.98	3.27268	-0.0367123
3563.75	3.09346	-0.0663103
3574.51	2.93314	-0.0942195
3585.28	2.78924	-0.120661
3596.04	2.65969	-0.14582
3606.81	2.54273	-0.169854
3617.58	2.43688	-0.192897
3628.34	2.34086	-0.215064
3639.11	2.2536	-0.236453
3649.88	2.17416	-0.25715
3660.64	2.10174	-0.277231
3671.41	2.03564	-0.296763
3682.18	1.97527	-0.315802
3692.94	1.92009	-0.334402
3703.71	1.86965	-0.352609
3714.48	1.82355	-0.370464
3725.24	1.78143	-0.388005
3736.01	1.74299	-0.405267
3746.78	1.70795	-0.422282
3757.54	1.67607	-0.439077
3768.31	1.64715	-0.45568
3779.08	1.621	-0.472115
3789.84	1.59745	-0.488406
3800.61	1.57636	-0.504576
3811.38	1.55761	-0.520643
3822.14	1.54109	-0.53663
3832.91	1.52671	-0.552554
3843.68	1.51438	-0.568435
3854.44	1.50404	-0.58429
3865.21	1.49564	-0.600137
3875.98	1.48913	-0.615995
3886.74	1.48447	-0.63188
3897.51	1.48165	-0.647811
3908.28	1.48066	-0.663806
3919.04	1.48148	-0.679882
3929.81	1.48413	-0.696059
3940.58	1.48862	-0.712356
3951.34	1.49499	-0.728794
3962.11	1.50326	-0.745395
3972.88	1.51349	-0.76218
3983.64	1.52575	-0.779174
3994.41	1.54009	-0.796402
4005.18	1.55662	-0.813893
4015.94	1.57542	-0.831675
4026.71	1.59663	-0.849781
4037.48	1.62037	-0.868247
4048.24	1.6468	-0.887111
4059.01	1.6761	-0.906415
4069.78	1.70847	-0.926208
4080.54	1.74414	-0.946541
4091.31	1.78337	-0.967473
4102.08	1.82646	-0.98907
4112.84	1.87374	-1.01141
4123.61	1.92559	-1.03456
4134.38	1.98246	-1.05864
4145.14	2.04483	-1.08374
4155.91	2.11328	-1.11
4166.67	2.18845	-1.13755
4177.44	2.27106	-1.16656
4188.21	2.36195	-1.19723
4198.97	2.46206	-1.22977
4209.74	2.57245	-1.26446
4220.51	2.69433	-1.30161
4231.27	2.829	-1.34157
4242.04	2.97792	-1.38477
4252.81	3.14259	-1.43173
4263.57	3.32456	-1.48303
4274.34	3.52522	-1.53936
4285.11	3.74563	-1.60153
4295.87	3.98609	-1.67043
4306.64	4.24558	-1.74703
4317.41	4.52095	-1.83235
4328.17	4.80583	-1.92728
4338.94	5.08952	-2.03248
4349.71	5.35631	-2.14806
4360.47	5.58604	-2.27329
4371.24	5.75674	-2.40637
4382.01	5.84946	-2.54441
4392.77	5.85388	-2.68367
4403.54	5.77173	-2.82025
4414.31	5.61603	-2.95074
4425.07	5.40663	-3.0727
4435.84	5.16477	3.09832
4446.61	4.90892	2.99627
4457.37	4.65299	2.90394
4468.14	4.40623	2.82053
4478.91	4.17409	2.74506
4489.67	3.95924	2.67653
4500.44	3.76253	2.61398
4511.21	3.58371	2.55654
4521.97	3.42187	2.50345
4532.74	3.27584	2.45406
4543.51	3.14431	2.4078
4554.27	3.02599	2.36418
4565.04	2.91963	2.32279
4575.81	2.82412	2.28326
4586.57	2.73843	2.24529
4597.34	2.66163	2.2086
4608.11	2.59293	2.17297
4618.87	2.53161	2.13818
4629.64	2.47704	2.10405
4640.41	2.42866	2.0704
4651.17	2.386	2.03707
4661.94	2.34864	2.00394
4672.71	2.3162	1.97085
4683.47	2.28835	1.93768
4694.24	2.26482	1.90431
4705	2.24534	1.87061
4715.77	2.22968	1.83646
4726.54	2.21765	1.80175
4737.3	2.20906	1.76635
4748.07	2.20371	1.73015
4758.84	2.20145	1.69301
4769.6	2.20209	1.65481
4780.37	2.20545	1.61542
4791.14	2.21135	1.57471
4801.9	2.21955	1.53253
4812.67	2.22981	1.48876
4823.44	2.24184	1.44325
4834.2	2.2553	1.39587
4844.97	2.26979	1.3465
4855.74	2.28483	1.295
4866.5	2.29987	1.24129
4877.27	2.31429	1.18528
4888.04	2.32736	1.12692
4898.8	2.3383	1.0662
4909.57	2.34626	1.00318
4920.34	2.35036	0.937932
4931.1	2.34973	0.870635
4941.87	2.34357	0.801514
4952.64	2.33119	0.730871
4963.4	2.31207	0.659067
4974.17	2.28592	0.58652
4984.94	2.25271	0.513682
4995.7	2.21268	0.441023
5006.47	2.16632	0.369011
5017.24	2.11436	0.298084
5028	2.05767	0.228641
5038.77	1.99725	0.16102
5049.54	1.93412	0.0954971
5060.3	1.86928	0.0322767
5071.07	1.80364	-0.0285019
5081.84	1.73804	-0.0867606
5092.6	1.67316	-0.142474
5103.37	1.60959	-0.195662
5114.14	1.54777	-0.246379
5124.9	1.48804	-0.294704
5135.67	1.43063	-0.340737
5146.44	1.37571	-0.38459
5157.2	1.32334	-0.426382
5167.97	1.27356	-0.466234
5178.74	1.22636	-0.504267
5189.5	1.18168	-0.5406
5200.27	1.13945	-0.575348
5211.04	1.09959	-0.60862
5221.8	1.06199	-0.64052
5232.57	1.02656	-0.671146
5243.33	0.993188	-0.700587
5254.1	0.96176	-0.72893
5264.87	0.932173	-0.756254
5275.63	0.904324	-0.78263
5286.4	0.878115	-0.808128
5297.17	0.853451	-0.832811
5307.93	0.830241	-0.856735
5318.7	0.808402	-0.879954
5329.47	0.787855	-0.90252
5340.23	0.768524	-0.924476
5351	0.750341	-0.945866
5361.77	0.73324	-0.96673
5372.53	0.717163	-0.987103
5383.3	0.702052	-1.00702
5394.07	0.687857	-1.02651
5404.83	0.674529	-1.04561
5415.6	0.662025	-1.06434
5426.37	0.650304	-1.08273
5437.13	0.639328	-1.1008
5447.9	0.629064	-1.11858
5458.67	0.619479	-1.13608
5469.43	0.610546	-1.15333
5480.2	0.602239	-1.17035
5490.97	0.594532	-1.18715
5501.73	0.587407	-1.20376
5512.5	0.580842	-1.22019
5523.27	0.574823	-1.23645
5534.03	0.569334	-1.25257
5544.8	0.564363	-1.26857
5555.57	0.559901	-1.28445
5566.33	0.555938	-1.30025
5577.1	0.552469	-1.31597
5587.87	0.549493	-1.33164
5598.63	0.547007	-1.34729
5609.4	0.545014	-1.36294
5620.17	0.543522	-1.37863
5630.93	0.542538	-1.39442
5641.7	0.542076	-1.41036
5652.47	0.542152	-1.42656
5663.23	0.542781	-1.44317
5674	0.543967	-1.46042
5684.77	0.545662	-1.47872
5695.53	0.547661	-1.4987
5706.3	0.549292	-1.52116
5717.07	0.548853	-1.54596
5727.83	0.544375	-1.56794
5738.6	0.53904	-1.5783
5749.37	0.539068	-1.58139
5760.13	0.543808	-1.58687
5770.9	0.550492	-1.59645
5781.67	0.55792	-1.60879
5792.43	0.565818	-1.62277
5803.2	0.574202	-1.63777
5813.96	0.583159	-1.65346
5824.73	0.592789	-1.6697
5835.5	0.603192	-1.6864
5846.26	0.614467	-1.70356
5857.03	0.626717	-1.72116
5867.8	0.640051	-1.73924
5878.56	0.654585	-1.75783
5889.33	0.670451	-1.77699
5900.1	0.687792	-1.79677
5910.86	0.706775	-1.81725
5921.63	0.727587	-1.83851
5932.4	0.750444	-1.86068
5943.16	0.775596	-1.88386
5953.93	0.803333	-1.9082
5964.7	0.833995	-1.93387
5975.46	0.867977	-1.96109
5986.23	0.905746	-1.99011
5997	0.947851	-2.02121
6007.76	0.994937	-2.05478
6018.53	1.04777	-2.09126
6029.3	1.10722	-2.13121
6040.06	1.17434	-2.17532
6050.83	1.25029	-2.22445
6061.6	1.33634	-2.27968
6072.36	1.43376	-2.34234
6083.13	1.54364	-2.41411
6093.9	1.66639	-2.49698
6104.66	1.80102	-2.59325
6115.43	1.94375	-2.70536
6126.2	2.0863	-2.83534
6136.96	2.21436	-2.98398
6147.73	2.30814	3.13371
6158.5	2.34753	2.95667
6169.26	2.32113	2.7766
6180.03	2.23299	2.60299
6190.8	2.10042	2.44338
6201.56	1.94499	2.30183
6212.33	1.78468	2.17914
6223.1	1.63099	2.0741
6233.86	1.4898	1.98476
6244.63	1.36353	1.90915
6255.4	1.25321	1.84546
6266.16	1.15942	1.79093
6276.93	1.08021	1.74089
6287.7	1.01009	1.69252
6298.46	0.945658	1.64704
6309.23	0.886731	1.6057
6320	0.833468	1.56836
6330.76	0.785577	1.53442
6341.53	0.742533	1.50328
6352.29	0.703771	1.47446
6363.06	0.668766	1.44758
6373.83	0.637053	1.42235
6384.59	0.608233	1.39851
6395.36	0.581962	1.37589
6406.13	0.557945	1.35433
6416.89	0.535929	1.33368
6427.66	0.515698	1.31385
6438.43	0.497063	1.29474
6449.19	0.479862	1.27627
6459.96	0.463951	1.25837
6470.73	0.449208	1.24098
6481.49	0.435524	1.22405
6492.26	0.422803	1.20753
6503.03	0.41096	1.19139
6513.79	0.399922	1.17559
6524.56	0.389621	1.16009
6535.33	0.379999	1.14487
6546.09	0.371003	1.1299
6556.86	0.362585	1.11517
6567.63	0.354704	1.10065
6578.39	0.347321	1.08631
6589.16	0.340402	1.07216
6599.93	0.333916	1.05817
6610.69	0.327835	1.04432
6621.46	0.322134	1.03061
6632.23	0.316789	1.01702
6642.99	0.311781	1.00355
6653.76	0.307089	0.990176
6664.53	0.302697	0.976895
6675.29	0.298589	0.9637
6686.06	0.294751	0.950581
6696.83	0.29117	0.937531
6707.59	0.287833	0.924543
6718.36	0.284731	0.91161
6729.13	0.281854	0.898726
6739.89	0.279192	0.885886
6750.66	0.276737	0.873083
6761.43	0.274483	0.860312
6772.19	0.272424	0.847568
6782.96	0.270552	0.834845
6793.73	0.268863	0.82214
6804.49	0.267352	0.809446
6815.26	0.266016	0.796761
6826.03	0.26485	0.784078
6836.79	0.263852	0.771395
6847.56	0.26302	0.758706
6858.33	0.26235	0.746006
6869.09	0.261843	0.733293
6879.86	0.261497	0.720561
6890.63	0.261311	0.707807
6901.39	0.261286	0.695025
6912.16	0.261421	0.682212
6922.92	0.261718	0.669363
6933.69	0.262178	0.656473
6944.46	0.262803	0.643539
6955.22	0.263595	0.630554
6965.99	0.264557	0.617515
6976.76	0.265693	0.604416
6987.52	0.267006	0.591251
6998.29	0.268502	0.578016
7009.06	0.270186	0.564703
7019.82	0.272064	0.551308
7030.59	0.274143	0.537824
7041.36	0.27643	0.524243
7052.12	0.278935	0.510559
7062.89	0.281667	0.496763
7073.66	0.284637	0.482848
7084.42	0.287858	0.468803
7095.19	0.291341	0.45462
7105.96	0.295104	0.440287
7116.72	0.299162	0.425794
7127.49	0.303534	0.411127
7138.26	0.308241	0.396273
7149.02	0.313307	0.381216
7159.79	0.318758	0.36594
7170.56	0.324625	0.350426
7181.32	0.33094	0.334652
7192.09	0.337742	0.318595
7202.86	0.345074	0.302229
7213.62	0.352987	0.285523
7224.39	0.361536	0.268443
7235.16	0.370788	0.250947
7245.92	0.38082	0.232991
7256.69	0.39172	0.21452
7267.46	0.403594	0.195468
7278.22	0.416566	0.175761
7288.99	0.430783	0.155305
7299.76	0.446427	0.133988
7310.52	0.463713	0.111671
7321.29	0.482912	0.0881799
7332.06	0.504357	0.0632917
7342.82	0.528471	0.0367188
7353.59	0.555795	0.00808011
7364.36	0.587036	-0.0231394
7375.12	0.623128	-0.0576539
7385.89	0.665327	-0.0964805
7396.66	0.715356	-0.141115
7407.42	0.7756	-0.193831
7418.19	0.849351	-0.25822
7428.96	0.940973	-0.340167
7439.72	1.0553	-0.449602
7450.49	1.19349	-0.603231
7461.25	1.33631	-0.825905
7472.02	1.40526	-1.13619
7482.79	1.28029	-1.49327
7493.55	0.992983	-1.7843
7504.32	0.704121	-1.93308
7515.09	0.491221	-1.92256
7525.85	0.362728	-1.74791
7536.62	0.313637	-1.4559
7547.39	0.327331	-1.18388
7558.15	0.376696	-1.01651
7568.92	0.442202	-0.940588
7579.69	0.514948	-0.924512
7590.45	0.59133	-0.947419
7601.22	0.669498	-0.99787
7611.99	0.747733	-1.06965
7622.75	0.823697	-1.15905
7633.52	0.894153	-1.26327
7644.29	0.95512	-1.37947
7655.05	1.00252	-1.50429
7665.82	1.03317	-1.63376
7676.59	1.04574	-1.76366
7687.35	1.04114	-1.89009
7698.12	1.02213	-2.01
7708.89	0.992423	-2.12144
7719.65	0.955789	-2.22355
7730.42	0.915427	-2.31627
7741.19	0.873745	-2.40006
7751.95	0.832378	-2.47565
7762.72	0.792323	-2.54383
7773.49	0.754131	-2.60524
7784.25	0.718105	-2.66027
7795.02	0.684598	-2.7089
7805.79	0.654439	-2.75105
7816.55	0.628937	-2.78815
7827.32	0.608148	-2.82433
7838.09	0.589739	-2.86249
7848.85	0.571776	-2.90148
7859.62	0.554055	-2.93941
7870.39	0.536959	-2.97552
7881.15	0.520772	-3.00977
7891.92	0.505605	-3.0424
7902.69	0.491469	-3.07366
7913.45	0.478324	-3.10378
7924.22	0.466109	-3.13296
7934.99	0.454757	3.12182
7945.75	0.444201	3.09403
7956.52	0.434375	3.06675
7967.29	0.425221	3.03985
7978.05	0.416682	3.01323
7988.82	0.408706	2.9868
7999.58	0.401243	2.96047
8010.35	0.39425	2.93415
8021.12	0.387681	2.90774
8031.88	0.381495	2.88117
8042.65	0.375651	2.85435
8053.42	0.370108	2.82717
8064.18	0.364825	2.79956
8074.95	0.359757	2.77139
8085.72	0.354858	2.74257
8096.48	0.350075	2.71297
8107.25	0.345349	2.68247
8118.02	0.340614	2.65092
8128.78	0.33579	2.61818
8139.55	0.330781	2.58409
8150.32	0.325474	2.54851
8161.08	0.319729	2.51127
8171.85	0.313379	2.47226
8182.62	0.30622	2.43143
8193.38	0.298012	2.38883
8204.15	0.288476	2.34473
8214.92	0.277309	2.29975
8225.68	0.264214	2.25507
8236.45	0.248954	2.21281
8247.22	0.231457	2.17649
8257.98	0.211972	2.15165
8268.75	0.191261	2.14638
8279.52	0.170801	2.17128
8290.28	0.15286	2.2369
8301.05	0.140194	2.34628
8311.82	0.135058	2.48469
8322.58	0.137876	2.62117
8333.35	0.146991	2.72893
8344.12	0.159884	2.7996
8354.88	0.174406	2.83819
8365.65	0.189164	2.85344
8376.42	0.203407	2.85303
8387.18	0.216799	2.84255
8397.95	0.229244	2.82573
8408.72	0.240772	2.80502
8419.48	0.251475	2.782
8430.25	0.261464	2.75766
8441.02	0.270859	2.73266
8451.78	0.27977	2.70738
8462.55	0.2883	2.68209
8473.32	0.29654	2.65693
8484.08	0.304573	2.63199
8494.85	0.312471	2.60731
8505.62	0.320299	2.58291
8516.38	0.328114	2.55878
8527.15	0.335969	2.53492
8537.92	0.343913	2.5113
8548.68	0.35199	2.4879
8559.45	0.360242	2.46469
8570.21	0.368711	2.44164
8580.98	0.377436	2.41873
8591.75	0.386457	2.39592
8602.51	0.395812	2.37318
8613.28	0.405543	2.35049
8624.05	0.41569	2.32781
8634.81	0.426298	2.30511
8645.58	0.437411	2.28237
8656.35	0.44908	2.25955
8667.11	0.461356	2.23662
8677.88	0.474295	2.21354
8688.65	0.487961	2.19029
8699.41	0.50242	2.16683
8710.18	0.517748	2.14311
8720.95	0.534027	2.1191
8731.71	0.551349	2.09476
8742.48	0.569819	2.07002
8753.25	0.589552	2.04485
8764.01	0.61068	2.01917
8774.78	0.633353	1.99292
8785.55	0.657742	1.96602
8796.31	0.684044	1.93839
8807.08	0.712483	1.90992
8817.85	0.743325	1.88048
8828.61	0.776875	1.84995
8839.38	0.813493	1.81815
8850.15	0.853606	1.78487
8860.91	0.897717	1.74987
8871.68	0.946429	1.71285
8882.45	1.00047	1.67343
8893.21	1.06069	1.63112
8903.98	1.12816	1.58532
8914.75	1.20412	1.53521
8925.51	1.29004	1.47975
8936.28	1.38762	1.41751
8947.05	1.49863	1.3466
8957.81	1.62459	1.26441
8968.58	1.76584	1.16746
8979.35	1.91948	1.05123
8990.11	2.07529	0.910473
9000.88	2.2092	0.740689
9011.65	2.27894	0.542159
9022.41	2.23582	0.326049
9033.18	2.06162	0.116968
9043.95	1.79498	-0.0549377
9054.71	1.50532	-0.166028
9065.48	1.25056	-0.203654
9076.25	1.06436	-0.167303
9087.01	0.961117	-0.0758939
9097.78	0.93747	0.0294338
9108.54	0.973148	0.10729
9119.31	1.04017	0.141218
9130.08	1.11467	0.138564
9140.84	1.18551	0.115845
9151.61	1.25706	0.084332
9162.38	1.33807	0.0423377
9173.14	1.42611	-0.0170513
9183.91	1.50865	-0.0945905
9194.68	1.5741	-0.184782
9205.44	1.61719	-0.280837
9216.21	1.63807	-0.377408
9226.98	1.63996	-0.47105
9237.74	1.62716	-0.559857
9248.51	1.60387	-0.642983
9259.28	1.57369	-0.720248
9270.04	1.53944	-0.791854
9280.81	1.50322	-0.858204
9291.58	1.46652	-0.919786
9302.34	1.43035	-0.977104
9313.11	1.39537	-1.03064
9323.88	1.362	-1.08085
9334.64	1.33047	-1.12812
9345.41	1.30091	-1.17282
9356.18	1.27335	-1.21526
9366.94	1.24778	-1.25571
9377.71	1.22415	-1.29442
9388.48	1.2024	-1.3316
9399.24	1.18245	-1.36742
9410.01	1.16422	-1.40206
9420.78	1.14762	-1.43565
9431.54	1.13258	-1.46832
9442.31	1.11903	-1.50018
9453.08	1.1069	-1.53133
9463.84	1.09611	-1.56187
9474.61	1.08663	-1.59187
9485.38	1.07838	-1.6214
9496.14	1.07134	-1.65055
9506.91	1.06545	-1.67936
9517.68	1.0607	-1.7079
9528.44	1.05704	-1.73623
9539.21	1.05445	-1.7644
9549.98	1.05293	-1.79246
9560.74	1.05245	-1.82047
9571.51	1.05302	-1.84847
9582.28	1.05462	-1.87652
9593.04	1.05727	-1.90467
9603.81	1.06097	-1.93298
9614.58	1.06574	-1.96149
9625.34	1.07159	-1.99029
9636.11	1.07856	-2.01943
9646.88	1.08667	-2.04899
9657.64	1.09596	-2.07905
9668.41	1.10648	-2.10971
9679.17	1.11827	-2.14107
9689.94	1.13139	-2.17325
9700.71	1.14589	-2.20639
9711.47	1.16183	-2.24066
9722.24	1.17928	-2.27625
9733.01	1.19829	-2.31339
9743.77	1.21889	-2.35236
9754.54	1.2411	-2.39349
9765.31	1.26487	-2.43718
9776.07	1.29009	-2.48392
9786.84	1.31651	-2.5343
9797.61	1.34364	-2.58901
9808.37	1.37066	-2.64889
9819.14	1.39624	-2.71489
9829.91	1.41827	-2.78803
9840.67	1.43354	-2.86925
9851.44	1.43756	-2.95918
9862.21	1.42447	-3.0576
9872.97	1.38782	3.12047
9883.74	1.32233	3.01288
9894.51	1.22657	2.91016
9905.27	1.10537	2.82281
9916.04	0.970053	2.76376
9926.81	0.836266	2.74672
9937.57	0.720437	2.78277
9948.34	0.636285	2.87363
9959.11	0.591462	3.00349
9969.87	0.585048	3.14127
9980.64	0.608851	-3.02464
9991.41	0.652489	-2.93983
10002.2	0.707537	-2.88598
10012.9	0.768574	-2.85665
10023.7	0.832545	-2.84536
10034.5	0.897894	-2.84707
10045.2	0.963927	-2.8582
10056	1.03043	-2.87628
10066.8	1.09743	-2.89963
10077.5	1.1651	-2.92711
10088.3	1.23368	-2.95793
10099.1	1.30339	-2.99157
10109.8	1.37451	-3.02767
10120.6	1.44726	-3.06599
10131.4	1.52185	-3.10639
10142.1	1.59847	3.13441
10152.9	1.67725	3.09008
10163.7	1.75829	3.04382
10174.4	1.84162	2.99562
10185.2	1.92721	2.94545
10196	2.01495	2.89328
10206.7	2.10464	2.83908
10217.5	2.19598	2.78284
10228.3	2.28857	2.72453
10239	2.38186	2.66416
10249.8	2.4752	2.60177
10260.6	2.56783	2.53742
10271.3	2.65885	2.47121
10282.1	2.74731	2.40327
10292.9	2.83218	2.33378
10303.6	2.91245	2.26296
10314.4	2.98714	2.19107
10325.2	3.05535	2.1184
10335.9	3.11635	2.04527
10346.7	3.16961	1.972
10357.5	3.21481	1.89892
10368.2	3.25187	1.82636
10379	3.28096	1.75462
10389.8	3.30247	1.68395
10400.5	3.31694	1.61459
10411.3	3.32508	1.54672
10422.1	3.32767	1.48049
10432.8	3.32553	1.416
10443.6	3.31949	1.35329
10454.4	3.3103	1.29239
10465.1	3.29866	1.23329
10475.9	3.28511	1.176
10486.7	3.27009	1.1205
10497.4	3.25397	1.06686
10508.2	3.23727	1.01525
10519	3.22106	0.965858
10529.7	3.20723	0.91875
10540.5	3.19774	0.873551
10551.3	3.19333	0.829599
10562	3.19342	0.786375
10572.8	3.19715	0.743682
10583.6	3.20403	0.701512
10594.3	3.21398	0.659892
10605.1	3.22718	0.618822
10615.9	3.24393	0.578266
10626.6	3.26455	0.538159
10637.4	3.2894	0.498416
10648.2	3.31886	0.458935
10658.9	3.35335	0.419598
10669.7	3.3933	0.380275
10680.5	3.43923	0.340817
10691.2	3.4917	0.301055
10702	3.55137	0.260791
10712.8	3.61898	0.219789
10723.5	3.6954	0.177767
10734.3	3.78163	0.134372
10745.1	3.87878	0.0891599
10755.8	3.98808	0.0415608
10766.6	4.11081	-0.00917283
10777.4	4.24809	-0.0640342
10788.1	4.40047	-0.124358
10798.9	4.56703	-0.191939
10809.7	4.7435	-0.269163
10820.4	4.91864	-0.359041
10831.2	5.06785	-0.464894
10842	5.14486	-0.589014
10852.7	5.07965	-0.729256
10863.5	4.8045	-0.873406
10874.3	4.31952	-0.995707
10885	3.73641	-1.06389
10895.8	3.22147	-1.0574
10906.6	2.89406	-0.984869
10917.3	2.78136	-0.883418
10928.1	2.84121	-0.792577
10938.9	3.01264	-0.73129
10949.6	3.24879	-0.700369
10960.4	3.52239	-0.693969
10971.2	3.81998	-0.706022
10981.9	4.13583	-0.731997
10992.7	4.46815	-0.768896
11003.5	4.81685	-0.814856
11014.2	5.18233	-0.868799
11025	5.5646	-0.930167
11035.8	5.96268	-0.99874
11046.5	6.37387	-1.07449
11057.3	6.7931	-1.15749
11068.1	7.21231	-1.24774
11078.8	7.62	-1.34511
11089.6	8.00129	-1.4492
11100.4	8.33881	-1.55922
11111.1	8.61454	-1.67391
11121.9	8.8126	-1.7916
11132.7	8.92219	-1.91025
11143.4	8.93992	-2.02764
11154.2	8.87043	-2.14159
11165	8.72551	-2.2501
11175.7	8.52225	-2.35144
11186.5	8.28174	-2.44411
11197.3	8.02917	-2.52698
11208	7.7954	-2.59977
11218.8	7.61454	-2.66453
11229.6	7.50588	-2.72721
11240.3	7.44447	-2.79509
11251.1	7.37159	-2.86995
11261.9	7.25149	-2.94704
11272.6	7.09032	-3.02126
11283.4	6.90983	-3.09036
11294.2	6.72758	3.12899
11304.9	6.55352	3.06978
11315.7	6.39227	3.01439
11326.5	6.24551	2.96215
11337.2	6.11347	2.91251
11348	5.9957	2.86503
11358.8	5.89151	2.81939
11369.5	5.80017	2.77538
11380.3	5.72107	2.73284
11391.1	5.6539	2.69171
11401.8	5.59894	2.65201
11412.6	5.55737	2.61377
11423.4	5.53184	2.57694
11434.1	5.52638	2.54112
11444.9	5.54484	2.50522
11455.7	5.58698	2.46756
11466.4	5.64587	2.42675
11477.2	5.71151	2.38269
11488	5.77755	2.3364
11498.7	5.84322	2.28895
11509.5	5.91083	2.24095
11520.3	5.98324	2.1926
11531	6.06272	2.1438
11541.8	6.15087	2.09438
11552.6	6.24876	2.0441
11563.3	6.35706	1.99274
11574.1	6.47621	1.94007
11584.9	6.60647	1.88588
11595.6	6.7479	1.82995
11606.4	6.90041	1.77208
11617.2	7.0637	1.71206
11627.9	7.23721	1.64968
11638.7	7.42007	1.58476
11649.5	7.61104	1.51711
11660.2	7.80843	1.44658
11671	8.01004	1.37302
11681.8	8.2131	1.29633
11692.5	8.41427	1.21647
11703.3	8.60965	1.13345
11714.1	8.79487	1.04735
11724.8	8.9653	0.958333
11735.6	9.11621	0.866649
11746.4	9.24319	0.772634
11757.1	9.34238	0.676695
11767.9	9.41087	0.579295
11778.7	9.44684	0.480928
11789.4	9.44973	0.382096
11800.2	9.42007	0.283277
11811	9.35928	0.184923
11821.7	9.26928	0.0874751
11832.5	9.15229	-0.0085711
11843.3	9.01154	-0.102537
11854	8.85383	-0.19349
11864.8	8.69364	-0.280666
11875.6	8.55042	-0.364655
11886.3	8.43309	-0.447721
11897.1	8.3333	-0.531846
11907.9	8.23909	-0.61747
11918.6	8.14467	-0.704261
11929.4	8.04916	-0.791934
11940.2	7.95328	-0.880454
11950.9	7.8576	-0.969972
11961.7	7.76199	-1.06074
11972.5	7.66557	-1.15304
11983.2	7.56674	-1.24715
11994	7.46332	-1.34333
12004.8	7.35268	-1.44175
12015.5	7.23188	-1.54252
12026.3	7.09794	-1.64563
12037.1	6.94806	-1.75097
12047.8	6.77994	-1.85827
12058.6	6.59214	-1.96715
12069.4	6.38429	-2.07712
12080.1	6.15729	-2.18759
12090.9	5.9133	-2.29792
12101.7	5.65559	-2.40749
12112.4	5.38824	-2.51571
12123.2	5.11576	-2.6221
12134	4.84267	-2.7263
12144.7	4.57315	-2.82808
12155.5	4.31083	-2.92734
12166.3	4.05862	-3.02412
12177	3.8187	-3.1186
12187.8	3.59255	3.07216
12198.6	3.38107	2.98145
12209.3	3.18465	2.89203
12220.1	3.00331	2.80342
12230.9	2.83683	2.71511
12241.6	2.6848	2.62652
12252.4	2.54673	2.53704
12263.2	2.42209	2.446
12273.9	2.31041	2.3527
12284.7	2.21127	2.25638
12295.5	2.12437	2.15624
12306.2	2.04955	2.05146
12317	1.98686	1.94115
12327.8	1.93654	1.82442
12338.5	1.89911	1.7004
12349.3	1.87536	1.56824
12360.1	1.86641	1.42718
12370.8	1.8737	1.27659
12381.6	1.89895	1.11599
12392.4	1.94411	0.94513
12403.1	2.01117	0.763905
12413.9	2.10184	0.572378
12424.7	2.21711	0.370699
12435.4	2.3565	0.159069
12446.2	2.5171	-0.0622309
12457	2.69251	-0.292681
12467.7	2.87204	-0.531218
12478.5	3.04093	-0.775859
12489.3	3.18247	-1.02343
12500	3.28201	-1.26964
12510.8	3.3313	-1.50971
12521.6	3.33076	-1.73921
12532.3	3.2883	-1.95488
12543.1	3.2158	-2.15496
12553.9	3.12552	-2.33908
12564.6	3.0278	-2.50787
12575.4	2.93035	-2.66257
12586.2	2.83838	-2.80466
12596.9	2.75515	-2.93571
12607.7	2.68262	-3.05721
12618.5	2.62189	3.11266
12629.2	2.57359	3.00625
12640	2.53813	2.90562
12650.8	2.51583	2.80973
12661.5	2.50714	2.71762
12672.3	2.51262	2.62839
12683.1	2.53307	2.54115
12693.8	2.56962	2.45502
12704.6	2.62374	2.36908
12715.4	2.69733	2.28233
12726.1	2.79276	2.19364
12736.9	2.9129	2.10169
12747.7	3.06102	2.00493
12758.4	3.24048	1.90149
12769.2	3.45419	1.78922
12780	3.70359	1.66568
12790.7	3.98722	1.52827
12801.5	4.29835	1.37421
12812.3	4.62025	1.20075
12823	4.91899	1.00608
12833.8	5.1405	0.791494
12844.6	5.22512	0.563757
12855.3	5.14094	0.334768
12866.1	4.90753	0.117476
12876.9	4.58235	-0.0790541
12887.6	4.22637	-0.251469
12898.4	3.88204	-0.400734
12909.2	3.57097	-0.529885
12919.9	3.30049	-0.642425
12930.7	3.0703	-0.741566
12941.5	2.87686	-0.829982
12952.2	2.71567	-0.909812
12963	2.58233	-0.982734
12973.8	2.47294	-1.05007
12984.5	2.38424	-1.11285
12995.3	2.31354	-1.17191
13006.1	2.2587	-1.22791
13016.8	2.21802	-1.28141
13027.6	2.19017	-1.33286
13038.4	2.17418	-1.38264
13049.1	2.16932	-1.43111
13059.9	2.17513	-1.47855
13070.7	2.19137	-1.52525
13081.4	2.21799	-1.57146
13092.2	2.25513	-1.61745
13103	2.30316	-1.66345
13113.7	2.36261	-1.70971
13124.5	2.43424	-1.75652
13135.3	2.51907	-1.80414
13146	2.61833	-1.8529
13156.8	2.7336	-1.90315
13167.6	2.86675	-1.95529
13178.3	3.02007	-2.00979
13189.1	3.19625	-2.06721
13199.9	3.39845	-2.12821
13210.6	3.63028	-2.19357
13221.4	3.89574	-2.26426
13232.2	4.19898	-2.34142
13242.9	4.54381	-2.42644
13253.7	4.9327	-2.52091
13264.5	5.365	-2.62665
13275.2	5.83403	-2.74551
13286	6.32318	-2.87906
13296.8	6.8018	-3.02804
13307.5	7.22428	3.09161
13318.3	7.53679	2.9168
13329.1	7.69386	2.73646
13339.8	7.67773	2.55779
13350.6	7.50624	2.38768
13361.4	7.22298	2.2311
13372.1	6.8789	2.09053
13382.9	6.51829	1.96632
13393.7	6.17378	1.85735
13404.4	5.86692	1.76129
13415.2	5.60857	1.67472
13426	5.39714	1.59348
13436.7	5.21934	1.51427
13447.5	5.05912	1.43616
13458.3	4.90779	1.35999
13469	4.76487	1.28679
13479.8	4.63312	1.2169
13490.6	4.5149	1.15002
13501.3	4.41124	1.08561
13512.1	4.32205	1.02304
13522.9	4.24663	0.961731
13533.6	4.18394	0.901175
13544.4	4.13285	0.84092
13555.2	4.0922	0.780574
13565.9	4.06085	0.719788
13576.7	4.03764	0.658256
13587.5	4.02145	0.595699
13598.2	4.01112	0.53187
13609	4.00546	0.466546
13619.8	4.0032	0.399534
13630.5	4.003	0.330671
13641.3	4.00341	0.25983
13652.1	4.0029	0.186924
13662.8	3.99984	0.111917
13673.6	3.99256	0.0348244
13684.4	3.97937	-0.0442747
13695.1	3.95861	-0.125236
13705.9	3.92877	-0.207847
13716.7	3.88855	-0.291828
13727.4	3.83692	-0.376842
13738.2	3.77321	-0.4625
13749	3.69714	-0.548377
13759.7	3.60881	-0.634029
13770.5	3.50869	-0.719004
13781.3	3.3975	-0.802856
13792	3.2762	-0.885148
13802.8	3.14579	-0.965451
13813.5	3.00731	-1.04332
13824.3	2.8617	-1.11828
13835.1	2.70976	-1.18975
13845.8	2.55219	-1.25699
13856.6	2.3896	-1.31894
13867.4	2.22272	-1.37408
13878.1	2.0526	-1.42018
13888.9	1.88117	-1.45387
13899.7	1.712	-1.47028
13910.4	1.5516	-1.46269
13921.2	1.41105	-1.42333
13932	1.30721	-1.34691
13942.7	1.26081	-1.23873
13953.5	1.28818	-1.12142
13964.3	1.39044	-1.02612
13975	1.55188	-0.972722
13985.8	1.74889	-0.963046
13996.6	1.95902	-0.988625
14007.3	2.16512	-1.03885
14018.1	2.35622	-1.1046
14028.9	2.52687	-1.17908
14039.6	2.67588	-1.25759
14050.4	2.80498	-1.33713
14061.2	2.91755	-1.41593
14071.9	3.01759	-1.49314
14082.7	3.10898	-1.56851
14093.5	3.19501	-1.64216
14104.2	3.27835	-1.71435
14115	3.36126	-1.78537
14125.8	3.44573	-1.85557
14136.5	3.53366	-1.92533
14147.3	3.62674	-1.99508
14158.1	3.72653	-2.06533
14168.8	3.83437	-2.1366
14179.6	3.95139	-2.20949
14190.4	4.07845	-2.28462
14201.1	4.21602	-2.36267
14211.9	4.36408	-2.44438
14222.7	4.52181	-2.53049
14233.4	4.6873	-2.62178
14244.2	4.85718	-2.71901
14255	5.02611	-2.82284
14265.7	5.18646	-2.93372
14276.5	5.32823	-3.0518
14287.3	5.43958	3.10647
14298	5.50813	2.9757
14308.8	5.52323	2.84069
14319.6	5.47843	2.70364
14330.3	5.37343	2.56705
14341.1	5.21436	2.43339
14351.9	5.01237	2.30476
14362.6	4.78109	2.18265
14373.4	4.534	2.06789
14384.2	4.28264	1.96071
14394.9	4.03575	1.86086
14405.7	3.79927	1.76778
14416.5	3.57674	1.68072
14427.2	3.36982	1.59881
14438	3.17883	1.52115
14448.8	3.00311	1.44681
14459.5	2.84123	1.37486
14470.3	2.69111	1.30442
14481.1	2.55007	1.23478
14491.8	2.4149	1.1656
14502.6	2.28259	1.09732
14513.4	2.15177	1.03138
14524.1	2.02432	0.969707
14534.9	1.90482	0.913198
14545.7	1.79695	0.860568
14556.4	1.70056	0.809161
14567.2	1.61227	0.756739
14578	1.52789	0.702475
14588.7	1.44422	0.64692
14599.5	1.35992	0.59144
14610.3	1.27524	0.537392
14621	1.19104	0.485365
14631.8	1.10724	0.435221
14642.6	1.02239	0.387307
14653.3	0.934821	0.344108
14664.1	0.84471	0.311079
14674.9	0.755304	0.295864
14685.6	0.672416	0.305856
14696.4	0.6023	0.344964
14707.2	0.549469	0.411262
14717.9	0.51585	0.496805
14728.7	0.50116	0.589356
14739.5	0.503359	0.67539
14750.2	0.518851	0.74408
14761	0.543069	0.790386
14771.8	0.571564	0.814985
14782.5	0.600907	0.821803
14793.3	0.628969	0.815507
14804.1	0.654702	0.800122
14814.8	0.677772	0.778642
14825.6	0.698212	0.753113
14836.4	0.716191	0.724875
14847.1	0.731856	0.694811
14857.9	0.745257	0.663595
14868.7	0.756357	0.631924
14879.4	0.765176	0.600664
14890.2	0.771989	0.570748
14901	0.777347	0.542826
14911.7	0.781757	0.517101
14922.5	0.785381	0.493667
14933.3	0.788095	0.473055
14944	0.789852	0.456593
14954.8	0.791246	0.446491
14965.6	0.794315	0.445456
14976.3	0.803412	0.455191
14987.1	0.825125	0.473312
14997.9	0.865436	0.490941
15008.6	0.924865	0.496212
15019.4	0.997152	0.482548
15030.2	1.07395	0.451697
15040.9	1.14983	0.409445
15051.7	1.2232	0.361041
15062.5	1.2949	0.309683
15073.2	1.36665	0.256826
15084	1.44029	0.202841
15094.8	1.51747	0.14751
15105.5	1.59954	0.0903053
15116.3	1.68757	0.0305264
15127.1	1.78228	-0.0326214
15137.8	1.88382	-0.0999664
15148.6	1.99156	-0.172267
15159.4	2.10374	-0.250005
15170.1	2.21734	-0.332996
15180.9	2.32905	-0.419829
15191.7	2.43892	-0.507647
15202.4	2.55712	-0.593943
15213.2	2.70557	-0.681985
15224	2.898	-0.784422
15234.7	3.10984	-0.914451
15245.5	3.28296	-1.07296
15256.3	3.36477	-1.24878
15267	3.33714	-1.42713
15277.8	3.21635	-1.59612
15288.6	3.03538	-1.74891
15299.3	2.82652	-1.88312
15310.1	2.61302	-1.99924
15320.9	2.40853	-2.09909
15331.6	2.21956	-2.18485
15342.4	2.04831	-2.25861
15353.2	1.89458	-2.32214
15363.9	1.75709	-2.37684
15374.7	1.63415	-2.42376
15385.5	1.52401	-2.4636
15396.2	1.42507	-2.49671
15407	1.33602	-2.52313
15417.8	1.25595	-2.54249
15428.5	1.18457	-2.55411
15439.3	1.12238	-2.55714
15450.1	1.07092	-2.55107
15460.8	1.03255	-2.53666
15471.6	1.00973	-2.51705
15482.4	1.00334	-2.49805
15493.1	1.01104	-2.48656
15503.9	1.02674	-2.48743
15514.7	1.04232	-2.50086
15525.4	1.05084	-2.52238
15536.2	1.04917	-2.54501
15547	1.03852	-2.56181
15557.7	1.02316	-2.56746
15568.5	1.00886	-2.55881
15579.3	1.00195	-2.53492
15590	1.00893	-2.49719
15600.8	1.03643	-2.44962
15611.6	1.09099	-2.39867
15622.3	1.17876	-2.35241
15633.1	1.30508	-2.31895
15643.9	1.47425	-2.30491
15654.6	1.68916	-2.31476
15665.4	1.95069	-2.35091
15676.2	2.25628	-2.41408
15686.9	2.59797	-2.50367
15697.7	2.96048	-2.61767
15708.5	3.32111	-2.75245
15719.2	3.65305	-2.90286
15730	3.93204	-3.06271
15740.8	4.14316	3.05731
15751.5	4.28358	2.89581
15762.3	4.36018	2.73926
15773.1	4.38461	2.58926
15783.8	4.369	2.44621
15794.6	4.32359	2.30979
15805.4	4.25619	2.17941
15816.1	4.17249	2.05438
15826.9	4.07654	1.93408
15837.7	3.97124	1.81796
15848.4	3.85856	1.7055
15859.2	3.73966	1.5963
15870	3.61506	1.49008
15880.7	3.48494	1.3868
15891.5	3.34955	1.28664
15902.3	3.2097	1.19006
15913	3.06706	1.09764
15923.8	2.92408	1.00992
15934.6	2.78356	0.927254
15945.3	2.64811	0.849679
15956.1	2.51968	0.776956
15966.9	2.39946	0.708643
15977.6	2.28786	0.6442
15988.4	2.18476	0.58308
15999.2	2.0897	0.524786
16009.9	2.00204	0.468896
16020.7	1.92108	0.415067
16031.5	1.84617	0.363029
16042.2	1.77669	0.312571
16053	1.71211	0.263528
16063.8	1.65196	0.215767
16074.5	1.59584	0.169179
16085.3	1.54341	0.12367
16096.1	1.49435	0.0791574
16106.8	1.44841	0.0355648
16117.6	1.40535	-0.0071809
16128.4	1.36496	-0.0491501
16139.1	1.32705	-0.0904121
16149.9	1.29143	-0.131035
16160.7	1.25795	-0.171088
16171.4	1.22645	-0.210639
16182.2	1.19677	-0.249753
16193	1.16877	-0.288498
16203.7	1.1423	-0.326937
16214.5	1.11723	-0.365135
16225.3	1.0934	-0.40315
16236	1.07067	-0.441037
16246.8	1.0489	-0.478847
16257.6	1.0279	-0.516618
16268.3	1.00752	-0.55438
16279.1	0.987556	-0.592142
16289.9	0.967811	-0.629887
16300.6	0.948054	-0.667561
16311.4	0.928033	-0.705057
16322.2	0.907471	-0.742187
16332.9	0.886067	-0.77865
16343.7	0.863509	-0.813978
16354.5	0.839492	-0.847456
16365.2	0.813767	-0.878017
16376	0.786234	-0.904087
16386.8	0.757095	-0.923392
16397.5	0.727146	-0.932773
16408.3	0.698229	-0.928173
16419.1	0.673878	-0.905244
16429.8	0.659984	-0.861416
16440.6	0.664816	-0.800029
16451.4	0.697301	-0.734379
16462.1	0.763359	-0.685629
16472.9	0.862533	-0.672894
16483.7	0.987491	-0.70497
16494.4	1.12582	-0.780642
16505.2	1.26221	-0.89334
16516	1.38029	-1.03474
16526.7	1.4648	-1.1962
16537.5	1.50423	-1.36897
16548.3	1.4937	-1.54426
16559	1.43655	-1.71361
16569.8	1.34318	-1.86975
16580.6	1.2275	-2.00731
16591.3	1.10296	-2.12306
16602.1	0.979959	-2.2156
16612.9	0.865219	-2.28483
16623.6	0.76229	-2.3314
16634.4	0.672491	-2.3563
16645.2	0.595792	-2.36062
16655.9	0.531487	-2.34545
16666.7	0.478645	-2.31183
16677.5	0.436395	-2.26093
16688.2	0.404076	-2.19439
16699	0.381267	-2.11478
16709.8	0.367721	-2.02605
16720.5	0.363207	-1.93353
16731.3	0.367341	-1.8433
16742.1	0.379469	-1.76094
16752.8	0.398666	-1.69042
16763.6	0.423837	-1.63351
16774.4	0.453882	-1.58991
16785.1	0.48788	-1.55783
16795.9	0.525326	-1.53458
16806.7	0.566422	-1.5173
16817.4	0.612377	-1.50376
16828.2	0.665446	-1.49331
16839	0.72846	-1.48726
16849.7	0.804015	-1.48818
16860.5	0.894002	-1.49853
16871.3	0.999876	-1.51973
16882	1.12331	-1.55235
16892.8	1.26671	-1.59671
16903.6	1.43344	-1.65358
16914.3	1.62758	-1.72448
16925.1	1.85317	-1.81198
16935.9	2.11223	-1.91965
16946.6	2.40058	-2.05187
16957.4	2.70034	-2.21254
16968.2	2.97175	-2.40236
16978.9	3.15592	-2.61478
16989.7	3.20307	-2.83414
17000.5	3.11073	-3.04056
17011.2	2.92545	3.06425
17022	2.70694	2.91967
17032.8	2.49962	2.80701
17043.5	2.32786	2.71994
17054.3	2.20115	2.64938
17065.1	2.11758	2.58441
17075.8	2.06434	2.51471
17086.6	2.02064	2.43475
17097.4	1.96708	2.34634
17108.1	1.89528	2.25609
17118.9	1.80849	2.17052
17129.7	1.7149	2.09318
17140.4	1.62178	2.02492
17151.2	1.53352	1.96504
17162	1.45208	1.91236
17172.7	1.37791	1.86571
17183.5	1.31073	1.82416
17194.3	1.24996	1.78704
17205	1.195	1.75387
17215.8	1.14533	1.72442
17226.6	1.10059	1.69853
17237.3	1.06062	1.6761
17248.1	1.02546	1.65692
17258.9	0.995226	1.64053
17269.6	0.9699	1.62607
17280.4	0.949001	1.6123
17291.2	0.931275	1.59813
17301.9	0.914836	1.58335
17312.7	0.897909	1.56924
17323.5	0.879787	1.55842
17334.2	0.861291	1.55395
17345	0.844595	1.55839
17355.8	0.832814	1.57319
17366.5	0.829669	1.59811
17377.3	0.839227	1.63077
17388.1	0.865507	1.66634
17398.8	0.911824	1.69794
17409.6	0.979989	1.71805
17420.4	1.0696	1.72028
17431.1	1.17767	1.70082
17441.9	1.29864	1.65883
17452.7	1.42491	1.59607
17463.4	1.54789	1.51618
17474.2	1.65953	1.42379
17485	1.75377	1.32376
17495.7	1.82747	1.22047
17506.5	1.8804	1.11742
17517.3	1.91452	1.01707
17528	1.93297	0.92093
17538.8	1.93925	0.829789
17549.6	1.93669	0.743944
17560.3	1.92828	0.663401
17571.1	1.91661	0.587998
17581.9	1.90407	0.517452
17592.6	1.89295	0.451309
17603.4	1.88542	0.388818
17614.2	1.88335	0.328784
17624.9	1.88765	0.269548
17635.7	1.89768	0.209302
17646.5	1.9111	0.146708
17657.2	1.92471	0.0814176
17668	1.93584	0.0140438
17678.8	1.94322	-0.0543445
17689.5	1.94687	-0.122755
17700.3	1.94762	-0.190534
17711.1	1.94648	-0.257381
17721.8	1.94443	-0.323248
17732.6	1.94224	-0.388246
17743.4	1.94046	-0.452564
17754.1	1.9395	-0.51643
17764.9	1.93962	-0.580094
17775.7	1.94099	-0.643814
17786.4	1.94368	-0.707863
17797.2	1.94766	-0.772521
17808	1.95278	-0.838077
17818.7	1.95878	-0.904812
17829.5	1.96525	-0.972989
17840.3	1.97165	-1.04283
17851	1.97733	-1.11451
17861.8	1.98152	-1.18814
17872.6	1.98338	-1.2638
17883.3	1.98191	-1.3415
17894.1	1.97596	-1.42115
17904.9	1.96419	-1.50251
17915.6	1.94516	-1.58508
17926.4	1.91756	-1.66797
17937.2	1.88053	-1.74979
17947.9	1.83424	-1.82863
17958.7	1.78041	-1.9021
17969.5	1.72274	-1.96769
17980.2	1.66687	-2.02332
17991	1.6199	-2.06808
18001.8	1.58948	-2.10303
18012.5	1.58288	-2.13167
18023.3	1.60604	-2.16007
18034.1	1.66233	-2.19641
18044.8	1.75048	-2.24955
18055.6	1.86228	-2.32671
18066.4	1.98201	-2.43096
18077.1	2.08997	-2.56027
18087.9	2.16902	-2.70893
18098.7	2.20949	-2.87028
18109.4	2.20955	-3.03882
18120.2	2.17244	3.07244
18131	2.10391	2.89957
18141.7	2.01074	2.72734
18152.5	1.90016	2.55678
18163.3	1.77939	2.38835
18174	1.65511	2.22193
18184.8	1.53311	2.05674
18195.6	1.41802	1.89135
18206.3	1.31338	1.72381
18217.1	1.22189	1.55177
18227.9	1.1457	1.37276
18238.6	1.08679	1.18455
18249.4	1.04719	0.985566
18260.2	1.02912	0.775407
18270.9	1.03492	0.555106
18281.7	1.06679	0.326993
18292.5	1.12643	0.0940371
18303.2	1.21454	-0.141047
18314	1.33041	-0.376424
18324.8	1.47155	-0.611181
18335.5	1.63357	-0.844941
18346.3	1.81061	-1.0775
18357.1	1.99594	-1.3088
18367.8	2.18205	-1.53908
18378.6	2.36001	-1.76865
18389.4	2.5195	-1.99724
18400.1	2.65077	-2.22365
18410.9	2.74731	-2.44618
18421.7	2.80694	-2.66339
18432.4	2.83071	-2.87459
18443.2	2.8209	-3.0798
18454	2.77966	3.00385
18464.7	2.70877	2.80977
18475.5	2.6102	2.6213
18486.3	2.48682	2.43904
18497	2.34283	2.2639
18507.8	2.18359	2.09688
18518.6	2.01499	1.93885
18529.3	1.84262	1.79043
18540.1	1.67117	1.65201
18550.9	1.50413	1.52381
18561.6	1.34382	1.40618
18572.4	1.19178	1.29979
18583.2	1.04908	1.20589
18593.9	0.916748	1.12649
18604.7	0.795977	1.06441
18615.5	0.688184	1.02308
18626.2	0.594923	1.00609
18637	0.517716	1.01607
18647.8	0.457806	1.05277
18658.5	0.415662	1.11055
18669.3	0.39024	1.17741
18680.1	0.378489	1.23834
18690.8	0.375788	1.28187
18701.6	0.377231	1.30404
18712.4	0.378857	1.3074
18723.1	0.378218	1.2977
18733.9	0.374297	1.28119
18744.7	0.367115	1.26332
18755.4	0.357301	1.2484
18766.2	0.345772	1.23976
18777	0.333559	1.24
18787.7	0.321747	1.25116
18798.5	0.3115	1.27463
18809.3	0.304105	1.31085
18820	0.301003	1.35857
18830.8	0.303732	1.41407
18841.6	0.313733	1.4708
18852.3	0.332031	1.52026
18863.1	0.358905	1.55408
18873.9	0.393712	1.56633
18884.6	0.435001	1.55457
18895.4	0.480801	1.51921
18906.2	0.528784	1.46208
18916.9	0.576094	1.38547
18927.7	0.619127	1.29239
18938.5	0.653923	1.18719
18949.2	0.677335	1.07566
18960	0.688249	0.964005
18970.8	0.687859	0.857456
18981.5	0.678869	0.759303
18992.3	0.664333	0.670878
19003.1	0.646854	0.592082
19013.8	0.6283	0.52204
19024.6	0.609861	0.459595
19035.4	0.592236	0.403596
19046.1	0.575806	0.353012
19056.9	0.560761	0.306954
19067.7	0.547178	0.264661
19078.4	0.535067	0.225483
19089.2	0.524399	0.188858
19100	0.515123	0.154306
19110.7	0.507178	0.121411
19121.5	0.500503	0.0898156
19132.3	0.49504	0.0592068
19143	0.490738	0.0293096
19153.8	0.487554	-0.000122821
19164.6	0.485457	-0.0293166
19175.3	0.484425	-0.0584844
19186.1	0.48445	-0.0878323
19196.9	0.485533	-0.117567
19207.6	0.487691	-0.147905
19218.4	0.490952	-0.179082
19229.2	0.495357	-0.211368
19239.9	0.50096	-0.245083
19250.7	0.507813	-0.280618
19261.5	0.515958	-0.318457
19272.2	0.525394	-0.359174
19283	0.536045	-0.403415
19293.8	0.547716	-0.451841
19304.5	0.560075	-0.505039
19315.3	0.57263	-0.563429
19326	0.58475	-0.627152
19336.8	0.59573	-0.695948
19347.6	0.604958	-0.769119
19358.3	0.61214	-0.845715
19369.1	0.617398	-0.925013
19379.9	0.621095	-1.00699
19390.6	0.623457	-1.09241
19401.4	0.624275	-1.18246
19412.2	0.622868	-1.27822
19422.9	0.618252	-1.38035
19433.7	0.60938	-1.48897
19444.5	0.59535	-1.60376
19455.2	0.575554	-1.72415
19466	0.549737	-1.84951
19476.8	0.517973	-1.97934
19487.5	0.480575	-2.11349
19498.3	0.437945	-2.25234
19509.1	0.390406	-2.39669
19519.8	0.338153	-2.54724
19530.6	0.281671	-2.70301
19541.4	0.222571	-2.86023
19552.1	0.163884	-3.0137
19562.9	0.109057	3.1204
19573.7	0.0604779	2.95381
19584.4	0.0196612	2.54389
19595.2	0.0215881	0.269469
19606	0.053419	-0.0454235
19616.7	0.0838032	-0.153193
19627.5	0.112668	-0.226308
19638.3	0.140145	-0.286724
19649	0.166473	-0.338821
19659.8	0.192181	-0.384122
19670.6	0.217972	-0.424298
19681.3	0.244549	-0.461279
19692.1	0.272541	-0.496922
19702.9	0.302491	-0.532823
19713.6	0.334874	-0.570295
19724.4	0.370108	-0.6104
19735.2	0.408558	-0.65399
19745.9	0.450533	-0.701728
19756.7	0.496286	-0.754108
19767.5	0.546008	-0.811469
19778.2	0.599842	-0.874028
19789	0.65789	-0.941925
19799.8	0.72021	-1.01528
19810.5	0.786792	-1.09426
19821.3	0.857498	-1.17907
19832.1	0.931959	-1.26997
19842.8	1.00945	-1.3672
19853.6	1.08878	-1.4709
19864.4	1.16819	-1.58096
19875.1	1.24544	-1.69692
19885.9	1.31799	-1.81793
19896.7	1.38334	-1.94273
19907.4	1.43951	-2.06978
19918.2	1.4854	-2.19751
19929	1.52104	-2.32447
19939.7	1.54741	-2.44965
19950.5	1.56624	-2.57254
19961.3	1.57955	-2.69325
19972	1.58927	-2.81245
19982.8	1.59691	-2.93131
19993.6	1.60327	-3.05147
