num_points: 929
frequency_Hz  magnitude  phase_rad
0.1  2.32394e-05  1.63151
10.7666  0.00345141  1.6202
21.5332  0.00710324  1.58086
32.2998  0.0108275  1.55015
43.0664  0.0146295  1.5226
53.833  0.0185244  1.49663
64.5996  0.0225325  1.47162
75.3662  0.0266776  1.44725
86.1328  0.0309877  1.42338
96.8994  0.0354955  1.39987
107.666  0.0402391  1.37665
118.433  0.045263  1.35362
129.199  0.0506199  1.3307
139.966  0.0563718  1.30778
150.732  0.0625928  1.28475
161.499  0.0693714  1.26146
172.266  0.0768148  1.23774
183.032  0.0850535  1.21339
193.799  0.0942478  1.18815
204.565  0.104597  1.16173
215.332  0.116352  1.13374
226.099  0.129831  1.10372
236.865  0.145442  1.07105
247.632  0.16372  1.03493
258.398  0.185366  0.994318
269.165  0.211315  0.947775
279.932  0.242819  0.893319
290.698  0.281546  0.828147
301.465  0.329672  0.748243
312.231  0.389809  0.647831
322.998  0.464391  0.518816
333.765  0.553451  0.350917
344.531  0.649249  0.134706
355.298  0.729673  -0.128926
366.064  0.76487  -0.416584
376.831  0.745276  -0.688441
387.598  0.69124  -0.915815
398.364  0.628156  -1.09362
409.131  0.569992  -1.23007
419.897  0.521141  -1.33569
430.664  0.481694  -1.41914
441.431  0.450423  -1.48667
452.197  0.425946  -1.54265
462.964  0.40708  -1.59012
473.73  0.392909  -1.63123
484.497  0.382763  -1.66756
495.264  0.376178  -1.70027
506.03  0.372864  -1.73024
516.797  0.372684  -1.75819
527.563  0.375643  -1.78472
538.33  0.381896  -1.81037
549.097  0.391769  -1.83564
559.863  0.405801  -1.86105
570.63  0.424827  -1.88722
581.396  0.450107  -1.91488
592.163  0.483562  -1.94504
602.93  0.528193  -1.97915
613.696  0.588873  -2.01951
624.463  0.673956  -2.07003
635.229  0.798756  -2.13799
645.996  0.993647  -2.23867
656.763  1.32234  -2.40877
667.529  1.88822  -2.74703
678.296  2.38128  2.86098
689.063  1.829  2.16425
699.829  1.20463  1.8085
710.596  0.848462  1.63237
721.362  0.639899  1.53033
732.129  0.506855  1.46319
742.896  0.415763  1.41485
753.662  0.349959  1.3777
764.429  0.30044  1.34773
775.195  0.261971  1.32265
785.962  0.231321  1.30105
796.729  0.206391  1.28201
807.495  0.185767  1.26493
818.262  0.168457  1.24937
829.028  0.153751  1.23501
839.795  0.141126  1.22163
850.562  0.130188  1.20906
861.328  0.120634  1.19716
872.095  0.11223  1.18582
882.861  0.104791  1.17496
893.628  0.0981681  1.16451
904.395  0.0922415  1.15443
915.161  0.0869134  1.14465
925.928  0.0821031  1.13515
936.694  0.0777435  1.12589
947.461  0.0737782  1.11685
958.228  0.0701598  1.108
968.994  0.0668481  1.09931
979.761  0.0638085  1.09079
990.527  0.0610115  1.0824
1001.29  0.0584315  1.07414
1012.06  0.0560464  1.06599
1022.83  0.0538369  1.05795
1033.59  0.0517859  1.05
1044.36  0.0498788  1.04214
1055.13  0.0481023  1.03436
1065.89  0.0464449  1.02665
1076.66  0.0448962  1.01901
1087.43  0.0434472  1.01143
1098.19  0.0420895  1.00391
1108.96  0.040816  0.996443
1119.73  0.0396199  0.989024
1130.49  0.0384954  0.981651
1141.26  0.0374371  0.97432
1152.03  0.0364402  0.967028
1162.79  0.0355003  0.959772
1173.56  0.0346135  0.95255
1184.33  0.033776  0.945359
1195.09  0.0329846  0.938197
1205.86  0.0322363  0.931062
1216.63  0.0315284  0.923953
1227.39  0.0308582  0.916866
1238.16  0.0302236  0.909801
1248.93  0.0296223  0.902757
1259.69  0.0290525  0.895731
1270.46  0.0285123  0.888722
1281.23  0.028  0.881729
1291.99  0.0275142  0.874752
1302.76  0.0270534  0.867787
1313.53  0.0266164  0.860836
1324.29  0.0262018  0.853896
1335.06  0.0258086  0.846966
1345.83  0.0254358  0.840047
1356.59  0.0250823  0.833136
1367.36  0.0247473  0.826233
1378.13  0.02443  0.819338
1388.89  0.0241296  0.812449
1399.66  0.0238453  0.805565
1410.42  0.0235766  0.798687
1421.19  0.0233227  0.791813
1431.96  0.0230831  0.784943
1442.72  0.0228573  0.778077
1453.49  0.0226448  0.771212
1464.26  0.0224451  0.76435
1475.02  0.0222578  0.75749
1485.79  0.0220825  0.75063
1496.56  0.0219188  0.74377
1507.32  0.0217664  0.736911
1518.09  0.0216249  0.730051
1528.86  0.0214941  0.72319
1539.62  0.0213737  0.716327
1550.39  0.0212635  0.709462
1561.16  0.0211632  0.702595
1571.92  0.0210727  0.695724
1582.69  0.0209917  0.688851
1593.46  0.0209201  0.681973
1604.22  0.0208577  0.675092
1614.99  0.0208045  0.668205
1625.76  0.0207602  0.661314
1636.52  0.0207248  0.654416
1647.29  0.0206982  0.647513
1658.06  0.0206804  0.640604
1668.82  0.0206712  0.633687
1679.59  0.0206707  0.626763
1690.36  0.0206788  0.619832
1701.12  0.0206955  0.612892
1711.89  0.0207209  0.605943
1722.66  0.0207548  0.598986
1733.42  0.0207975  0.592019
1744.19  0.0208488  0.585042
1754.96  0.0209089  0.578054
1765.72  0.0209779  0.571056
1776.49  0.0210558  0.564046
1787.26  0.0211428  0.557024
1798.02  0.0212389  0.549989
1808.79  0.0213443  0.542942
1819.56  0.0214592  0.535881
1830.32  0.0215837  0.528806
1841.09  0.021718  0.521716
1851.86  0.0218623  0.514611
1862.62  0.0220168  0.50749
1873.39  0.0221818  0.500353
1884.16  0.0223576  0.493199
1894.92  0.0225443  0.486026
1905.69  0.0227424  0.478836
1916.46  0.0229521  0.471626
1927.22  0.0231738  0.464396
1937.99  0.0234079  0.457146
1948.75  0.0236548  0.449874
1959.52  0.0239148  0.44258
1970.29  0.0241885  0.435262
1981.05  0.0244764  0.42792
1991.82  0.024779  0.420554
2002.59  0.0250968  0.413161
2013.35  0.0254305  0.405741
2024.12  0.0257807  0.398293
2034.89  0.026148  0.390815
2045.65  0.0265333  0.383307
2056.42  0.0269373  0.375767
2067.19  0.0273608  0.368194
2077.95  0.0278048  0.360586
2088.72  0.0282702  0.352942
2099.49  0.028758  0.34526
2110.25  0.0292694  0.337539
2121.02  0.0298055  0.329777
2131.79  0.0303675  0.321972
2142.55  0.030957  0.314122
2153.32  0.0315752  0.306225
2164.09  0.0322238  0.298279
2174.85  0.0329045  0.290281
2185.62  0.033619  0.282229
2196.39  0.0343694  0.274119
2207.15  0.0351578  0.26595
2217.92  0.0359864  0.257718
2228.69  0.0368577  0.24942
2239.45  0.0377744  0.241052
2250.22  0.0387393  0.23261
2260.99  0.0397557  0.22409
2271.75  0.040827  0.215488
2282.52  0.0419568  0.206799
2293.29  0.0431492  0.198018
2304.05  0.0444087  0.189138
2314.82  0.04574  0.180155
2325.59  0.0471485  0.17106
2336.35  0.04864  0.161847
2347.12  0.0502209  0.152508
2357.89  0.0518982  0.143035
2368.65  0.0536797  0.133416
2379.42  0.0555739  0.123643
2390.19  0.0575904  0.113703
2400.95  0.0597398  0.103583
2411.72  0.0620338  0.0932698
2422.49  0.0644855  0.0827466
2433.25  0.0671098  0.071996
2444.02  0.0699232  0.0609981
2454.79  0.0729442  0.0497309
2465.55  0.0761939  0.0381691
2476.32  0.0796962  0.0262844
2487.08  0.0834783  0.0140448
2497.85  0.0875711  0.00141367
2508.62  0.0920103  -0.0116511
2519.38  0.0968367  -0.0251975
2530.15  0.102098  -0.0392816
2540.92  0.107849  -0.053968
2551.68  0.114154  -0.0693325
2562.45  0.121089  -0.0854641
2573.22  0.128743  -0.102468
2583.98  0.137222  -0.12047
2594.75  0.146654  -0.139622
2605.52  0.157191  -0.160105
2616.28  0.169019  -0.182142
2627.05  0.182365  -0.206008
2637.82  0.197509  -0.232045
2648.58  0.214796  -0.260684
2659.35  0.23466  -0.292471
2670.12  0.257645  -0.328111
2680.88  0.284438  -0.368523
2691.65  0.315905  -0.414918
2702.42  0.353131  -0.468912
2713.18  0.397442  -0.532675
2723.95  0.450371  -0.609128
2734.72  0.513445  -0.702154
2745.48  0.587571  -0.816705
2756.25  0.671557  -0.95846
2767.02  0.759438  -1.13227
2777.78  0.837667  -1.33849
2788.55  0.886954  -1.56804
2799.32  0.893417  -1.80163
2810.08  0.86001  -2.01793
2820.85  0.802783  -2.20385
2831.62  0.738096  -2.35692
2842.38  0.675951  -2.48091
2853.15  0.620576  -2.58149
2863.92  0.572927  -2.66396
2874.68  0.532541  -2.73257
2885.45  0.498491  -2.79057
2896.22  0.4698  -2.84038
2906.98  0.445589  -2.88379
2917.75  0.425122  -2.92214
2928.52  0.407796  -2.95646
2939.28  0.393124  -2.98751
2950.05  0.380715  -3.01591
2960.82  0.370255  -3.04212
2971.58  0.36149  -3.06652
2982.35  0.354218  -3.08941
2993.12  0.348274  -3.11103
3003.88  0.343526  -3.1316
3014.65  0.339868  3.13191
3025.42  0.337216  3.11298
3036.18  0.335504  3.09467
3046.95  0.334682  3.07689
3057.71  0.334711  3.05953
3068.48  0.335567  3.04252
3079.25  0.337236  3.02579
3090.01  0.339712  3.00926
3100.78  0.343002  2.99287
3111.55  0.347119  2.97657
3122.31  0.352087  2.9603
3133.08  0.357942  2.944
3143.85  0.364727  2.92761
3154.61  0.372497  2.91108
3165.38  0.381323  2.89436
3176.15  0.391285  2.87736
3186.91  0.402483  2.86004
3197.68  0.415035  2.84231
3208.45  0.42908  2.8241
3219.21  0.444784  2.80531
3229.98  0.462343  2.78583
3240.75  0.481992  2.76555
3251.51  0.504009  2.74432
3262.28  0.528731  2.72198
3273.05  0.556561  2.69832
3283.81  0.587989  2.67311
3294.58  0.623611  2.64606
3305.35  0.664156  2.6168
3316.11  0.710526  2.58487
3326.88  0.763832  2.54972
3337.65  0.825455  2.51062
3348.41  0.897108  2.46662
3359.18  0.980902  2.4165
3369.95  1.07939  2.35866
3380.71  1.19556  2.29097
3391.48  1.33255  2.21064
3402.25  1.49297  2.11407
3413.01  1.67704  1.99688
3423.78  1.87901  1.85438
3434.55  2.08153  1.68314
3445.31  2.25164  1.48405
3456.08  2.34786  1.26586
3466.85  2.34404  1.04497
3477.61  2.2495  0.839012
3488.38  2.09994  0.659198
3499.15  1.9321  0.508381
3509.91  1.76966  0.383984
3520.68  1.62349  0.281452
3531.45  1.49664  0.196226
3542.21  1.38846  0.124465
3552.98  1.29689  0.0631496
3563.75  1.21963  0.00997348
3574.51  1.15451  -0.0368143
3585.28  1.09968  -0.078547
3596.04  1.05361  -0.116249
3606.81  1.01506  -0.150718
3617.58  0.983037  -0.18258
3628.34  0.956762  -0.212342
3639.11  0.935618  -0.240412
3649.88  0.919133  -0.267133
3660.64  0.906956  -0.292795
3671.41  0.898839  -0.317651
3682.18  0.894632  -0.341928
3692.94  0.894268  -0.365836
3703.71  0.897769  -0.389576
3714.48  0.905246  -0.413348
3725.24  0.916902  -0.437361
3736.01  0.933051  -0.461838
3746.78  0.954137  -0.487028
3757.54  0.980756  -0.513223
3768.31  1.01371  -0.540767
3779.08  1.05404  -0.570089
3789.84  1.10315  -0.601729
3800.61  1.16289  -0.636394
3811.38  1.23574  -0.675026
3822.14  1.32504  -0.718917
3832.91  1.43537  -0.769888
3843.68  1.57296  -0.830576
3854.44  1.74621  -0.904895
3865.21  1.96584  -0.99878
3875.98  2.24318  -1.12126
3886.74  2.58172  -1.28552
3897.51  2.95072  -1.5076
3908.28  3.23735  -1.79574
3919.04  3.26284  -2.12663
3929.81  2.98017  -2.44254
3940.58  2.55181  -2.69892
3951.34  2.13706  -2.89069
3962.11  1.7937  -3.03214
3972.88  1.52306  -3.13845
3983.64  1.31122  3.06246
3994.41  1.14392  2.99684
4005.18  1.00995  2.94303
4015.94  0.90106  2.89782
4026.71  0.811283  2.85902
4037.48  0.736301  2.82512
4048.24  0.672943  2.79503
4059.01  0.61885  2.76796
4069.78  0.57224  2.74332
4080.54  0.531748  2.72065
4091.31  0.496314  2.69962
4102.08  0.465104  2.67996
4112.84  0.437453  2.66145
4123.61  0.412827  2.64391
4134.38  0.390792  2.62721
4145.14  0.370992  2.61124
4155.91  0.353131  2.59589
4166.67  0.336965  2.58108
4177.44  0.322286  2.56675
4188.21  0.308921  2.55284
4198.97  0.296722  2.5393
4209.74  0.285561  2.52609
4220.51  0.27533  2.51317
4231.27  0.265935  2.5005
4242.04  0.257294  2.48807
4252.81  0.249336  2.47584
4263.57  0.241999  2.46379
4274.34  0.23523  2.45189
4285.11  0.228979  2.44014
4295.87  0.223205  2.42852
4306.64  0.217871  2.41701
4317.41  0.212943  2.40559
4328.17  0.208392  2.39425
4338.94  0.204193  2.38298
4349.71  0.200322  2.37177
4360.47  0.196759  2.36062
4371.24  0.193485  2.34949
4382.01  0.190484  2.3384
4392.77  0.187743  2.32732
4403.54  0.185247  2.31626
4414.31  0.182987  2.30519
4425.07  0.180953  2.29411
4435.84  0.179135  2.28301
4446.61  0.177527  2.27189
4457.37  0.176123  2.26073
4468.14  0.174917  2.24952
4478.91  0.173907  2.23825
4489.67  0.173088  2.22692
4500.44  0.17246  2.21551
4511.21  0.17202  2.20402
4521.97  0.17177  2.19242
4532.74  0.171709  2.18071
4543.51  0.171842  2.16887
4554.27  0.172169  2.15689
4565.04  0.172697  2.14476
4575.81  0.17343  2.13245
4586.57  0.174375  2.11995
4597.34  0.175541  2.10724
4608.11  0.176938  2.09429
4618.87  0.178578  2.08109
4629.64  0.180475  2.0676
4640.41  0.182644  2.05378
4651.17  0.185104  2.03962
4661.94  0.187877  2.02506
4672.71  0.190988  2.01006
4683.47  0.194466  1.99457
4694.24  0.198345  1.97854
4705  0.202664  1.96188
4715.77  0.207469  1.94454
4726.54  0.212812  1.9264
4737.3  0.218756  1.90737
4748.07  0.225375  1.88732
4758.84  0.232757  1.8661
4769.6  0.241004  1.84352
4780.37  0.250239  1.81936
4791.14  0.26061  1.79336
4801.9  0.272293  1.76518
4812.67  0.285501  1.73442
4823.44  0.300492  1.70056
4834.2  0.317576  1.66297
4844.97  0.337124  1.62081
4855.74  0.359575  1.57303
4866.5  0.385429  1.51827
4877.27  0.415228  1.45475
4888.04  0.44947  1.38019
4898.8  0.488429  1.29171
4909.57  0.531769  1.18582
4920.34  0.577844  1.05873
4931.1  0.622689  0.907299
4941.87  0.659232  0.730935
4952.64  0.678277  0.534237
4963.4  0.672634  0.328221
4974.17  0.642147  0.12755
4984.94  0.594093  -0.0552718
4995.7  0.538307  -0.213854
5006.47  0.482493  -0.347595
5017.24  0.430893  -0.459172
5028  0.385105  -0.552327
5038.77  0.345258  -0.630676
5049.54  0.310835  -0.697279
5060.3  0.281113  -0.754578
5071.07  0.25537  -0.804473
5081.84  0.232957  -0.848429
5092.6  0.213324  -0.887578
5103.37  0.196013  -0.922797
5114.14  0.180646  -0.954774
5124.9  0.166914  -0.984045
5135.67  0.154563  -1.01104
5146.44  0.143382  -1.0361
5157.2  0.133198  -1.0595
5167.97  0.123864  -1.08146
5178.74  0.115258  -1.10215
5189.5  0.107276  -1.12171
5200.27  0.0998277  -1.14025
5211.04  0.0928371  -1.15786
5221.8  0.0862368  -1.17458
5232.57  0.0799678  -1.19045
5243.33  0.0739775  -1.20545
5254.1  0.0682185  -1.21955
5264.87  0.0626477  -1.23266
5275.63  0.0572251  -1.24465
5286.4  0.0519133  -1.25526
5297.17  0.046677  -1.26413
5307.93  0.0414823  -1.27063
5318.7  0.0362964  -1.27377
5329.47  0.0310881  -1.27174
5340.23  0.0258289  -1.26117
5351  0.0204971  -1.23487
5361.77  0.0150939  -1.17471
5372.53  0.00971657  -1.02089
5383.3  0.00512251  -0.484471
5394.07  0.00567932  0.736831
5404.83  0.0111621  1.19267
5415.6  0.0178718  1.32735
5426.37  0.0252576  1.37928
5437.13  0.0332883  1.39961
5447.9  0.0420291  1.40436
5458.67  0.0515847  1.40001
5469.43  0.0620896  1.38957
5480.2  0.0737094  1.37457
5490.97  0.0866463  1.35577
5501.73  0.101147  1.33353
5512.5  0.117516  1.30791
5523.27  0.136127  1.27879
5534.03  0.157449  1.24583
5544.8  0.182067  1.20851
5555.57  0.210717  1.16608
5566.33  0.244325  1.11751
5577.1  0.284048  1.06143
5587.87  0.331307  0.995991
5598.63  0.387774  0.918767
5609.4  0.455233  0.8266
5620.17  0.535125  0.715578
5630.93  0.627488  0.581304
5641.7  0.728942  0.419953
5652.47  0.830166  0.230607
5663.23  0.915486  0.0185675
5674  0.968706  -0.203103
5684.77  0.983266  -0.417371
5695.53  0.965942  -0.610637
5706.3  0.930094  -0.776992
5717.07  0.887589  -0.917007
5727.83  0.845816  -1.03443
5738.6  0.808379  -1.13372
5749.37  0.77661  -1.21893
5760.13  0.750709  -1.29339
5770.9  0.730401  -1.3597
5781.67  0.715265  -1.41991
5792.43  0.704886  -1.47561
5803.2  0.698914  -1.52811
5813.96  0.697091  -1.57845
5824.73  0.699253  -1.62756
5835.5  0.705329  -1.67626
5846.26  0.715336  -1.72532
5857.03  0.729374  -1.77552
5867.8  0.747622  -1.82767
5878.56  0.770326  -1.88264
5889.33  0.797785  -1.94143
5900.1  0.83031  -2.00521
5910.86  0.868158  -2.07532
5921.63  0.911406  -2.15337
5932.4  0.959718  -2.24123
5943.16  1.01198  -2.34095
5953.93  1.06572  -2.4546
5964.7  1.11647  -2.5838
5975.46  1.15727  -2.72894
5986.23  1.17922  -2.88794
5997  1.17392  -3.05521
6007.76  1.13779  3.06195
6018.53  1.07645  2.90895
6029.3  1.00523  2.77769
6040.06  0.940485  2.66465
6050.83  0.884134  2.55627
6061.6  0.82749  2.44799
6072.36  0.767726  2.34556
6083.13  0.707956  2.25356
6093.9  0.65141  2.17282
6104.66  0.599716  2.10225
6115.43  0.5533  2.04031
6126.2  0.51197  1.98552
6136.96  0.475276  1.93665
6147.73  0.442693  1.89266
6158.5  0.41371  1.85275
6169.26  0.387859  1.81625
6180.03  0.364728  1.78264
6190.8  0.34396  1.75148
6201.56  0.325249  1.72241
6212.33  0.308333  1.69515
6223.1  0.292988  1.66945
6233.86  0.279022  1.64511
6244.63  0.266271  1.62195
6255.4  0.254592  1.59983
6266.16  0.243862  1.57862
6276.93  0.233975  1.55822
6287.7  0.224836  1.53853
6298.46  0.216364  1.51946
6309.23  0.208485  1.50095
6320  0.201133  1.48294
6330.76  0.194251  1.46536
6341.53  0.187783  1.44818
6352.29  0.181679  1.43135
6363.06  0.175892  1.41484
6373.83  0.170374  1.39862
6384.59  0.165081  1.38269
6395.36  0.159963  1.36706
6406.13  0.154972  1.35175
6416.89  0.150051  1.33684
6427.66  0.145135  1.32246
6438.43  0.14015  1.30888
6449.19  0.135004  1.29652
6459.96  0.129584  1.28619
6470.73  0.123755  1.27936
6481.49  0.117371  1.27876
6492.26  0.110324  1.28968
6503.03  0.102733  1.32231
6513.79  0.0955054  1.3945
6524.56  0.0916131  1.52527
6535.33  0.0967473  1.68992
6546.09  0.113677  1.78736
6556.86  0.134906  1.76619
6567.63  0.150635  1.67869
6578.39  0.158549  1.58223
6589.16  0.161154  1.49956
6599.93  0.161075  1.43338
6610.69  0.159852  1.38062
6621.46  0.158246  1.33775
6632.23  0.156602  1.30202
6642.99  0.155073  1.27146
6653.76  0.153721  1.2447
6664.53  0.152566  1.22078
6675.29  0.151611  1.19902
6686.06  0.150851  1.17893
6696.83  0.150277  1.16015
6707.59  0.14988  1.14241
6718.36  0.149653  1.1255
6729.13  0.149589  1.10927
6739.89  0.149681  1.09359
6750.66  0.149927  1.07835
6761.43  0.150322  1.06348
6772.19  0.150864  1.04891
6782.96  0.151552  1.03458
6793.73  0.152386  1.02046
6804.49  0.153367  1.00648
6815.26  0.154496  0.992633
6826.03  0.155775  0.978872
6836.79  0.157207  0.965173
6847.56  0.158798  0.95151
6858.33  0.16055  0.93786
6869.09  0.162471  0.924199
6879.86  0.164567  0.910508
6890.63  0.166846  0.896765
6901.39  0.169315  0.88295
6912.16  0.171985  0.869043
6922.92  0.174868  0.855024
6933.69  0.177974  0.840871
6944.46  0.181318  0.826562
6955.22  0.184915  0.812077
6965.99  0.188782  0.79739
6976.76  0.192938  0.782476
6987.52  0.197404  0.767307
6998.29  0.202204  0.751856
7009.06  0.207365  0.736088
7019.82  0.212916  0.719969
7030.59  0.218891  0.703459
7041.36  0.225327  0.686517
7052.12  0.232267  0.669093
7062.89  0.239757  0.651133
7073.66  0.247853  0.632576
7084.42  0.256614  0.613354
7095.19  0.266111  0.593388
7105.96  0.276423  0.572588
7116.72  0.28764  0.550851
7127.49  0.299866  0.528057
7138.26  0.31322  0.504069
7149.02  0.327839  0.478725
7159.79  0.343879  0.451836
7170.56  0.361522  0.423178
7181.32  0.380977  0.39249
7192.09  0.402483  0.359456
7202.86  0.426313  0.323702
7213.62  0.452775  0.284781
7224.39  0.482214  0.242154
7235.16  0.515002  0.195176
7245.92  0.551522  0.143073
7256.69  0.592135  0.0849256
7267.46  0.637116  0.019659
7278.22  0.68654  -0.053954
7288.99  0.740105  -0.137247
7299.76  0.796871  -0.231548
7310.52  0.854931  -0.33796
7321.29  0.911112  -0.456999
7332.06  0.96093  -0.588114
7342.82  0.99911  -0.729228
7353.59  1.02085  -0.876579
7364.36  1.02346  -1.02515
7375.12  1.0074  -1.16964
7385.89  0.976003  -1.30564
7396.66  0.934162  -1.43027
7407.42  0.886765  -1.54234
7418.19  0.837747  -1.64196
7428.96  0.789801  -1.73005
7439.72  0.744515  -1.80794
7450.49  0.702652  -1.87703
7461.25  0.664443  -1.93863
7472.02  0.629816  -1.99389
7482.79  0.598554  -2.04376
7493.55  0.570386  -2.08902
7504.32  0.545035  -2.13032
7515.09  0.522229  -2.16824
7525.85  0.501708  -2.20325
7536.62  0.483231  -2.23576
7547.39  0.466583  -2.26612
7558.15  0.451575  -2.29459
7568.92  0.438039  -2.32143
7579.69  0.425828  -2.34685
7590.45  0.414812  -2.37102
7601.22  0.404879  -2.3941
7611.99  0.395929  -2.41621
7622.75  0.387877  -2.43748
7633.52  0.380647  -2.45799
7644.29  0.374174  -2.47783
7655.05  0.3684  -2.49709
7665.82  0.363277  -2.51581
7676.59  0.35876  -2.53408
7687.35  0.354812  -2.55192
7698.12  0.351401  -2.5694
7708.89  0.348498  -2.58656
7719.65  0.34608  -2.60342
7730.42  0.344126  -2.62003
7741.19  0.34262  -2.63643
7751.95  0.341546  -2.65263
7762.72  0.340895  -2.66866
7773.49  0.340657  -2.68455
7784.25  0.340826  -2.70033
7795.02  0.341399  -2.71602
7805.79  0.342373  -2.73163
7816.55  0.34375  -2.7472
7827.32  0.345533  -2.76273
7838.09  0.347726  -2.77825
7848.85  0.350337  -2.79377
7859.62  0.353377  -2.80933
7870.39  0.356856  -2.82493
7881.15  0.360789  -2.84059
7891.92  0.365195  -2.85634
7902.69  0.370092  -2.87219
7913.45  0.375505  -2.88818
7924.22  0.38146  -2.90431
7934.99  0.387987  -2.92061
7945.75  0.395121  -2.93711
7956.52  0.402902  -2.95383
7967.29  0.411373  -2.97081
7978.05  0.420584  -2.98806
7988.82  0.430593  -3.00563
7999.58  0.441462  -3.02356
8010.35  0.453264  -3.04188
8021.12  0.46608  -3.06064
8031.88  0.480005  -3.07988
8042.65  0.495143  -3.09967
8053.42  0.511614  -3.12007
8064.18  0.529557  -3.14116
8074.95  0.549128  3.12018
8085.72  0.570508  3.09748
8096.48  0.593906  3.07381
8107.25  0.619562  3.04905
8118.02  0.647755  3.02304
8128.78  0.678807  2.99563
8139.55  0.713094  2.96659
8150.32  0.751056  2.93571
8161.08  0.793202  2.90267
8171.85  0.840127  2.86715
8182.62  0.892523  2.82872
8193.38  0.951184  2.78687
8204.15  1.01702  2.741
8214.92  1.09103  2.69036
8225.68  1.17429  2.63403
8236.45  1.26786  2.57092
8247.22  1.37261  2.49971
8257.98  1.48892  2.41888
8268.75  1.61611  2.32675
8279.52  1.75167  2.22162
8290.28  1.89016  2.10214
8301.05  2.02229  1.96782
8311.82  2.13498  1.81973
8322.58  2.21357  1.66116
8333.35  2.24648  1.49758
8344.12  2.23002  1.33565
8354.88  2.16999  1.18161
8365.65  2.07868  1.03984
8376.42  1.96985  0.912449
8387.18  1.85501  0.799623
8397.95  1.74209  0.700354
8408.72  1.63572  0.613081
8419.48  1.53817  0.536094
8430.25  1.45017  0.46774
8441.02  1.37155  0.406508
8451.78  1.30162  0.351103
8462.55  1.23946  0.300498
8473.32  1.18419  0.253901
8484.08  1.13502  0.210685
8494.85  1.09127  0.170326
8505.62  1.05234  0.132378
8516.38  1.0177  0.0964629
8527.15  0.986887  0.0622592
8537.92  0.959494  0.0294929
8548.68  0.935175  -0.00207011
8559.45  0.913628  -0.032631
8570.21  0.894593  -0.0623644
8580.98  0.877847  -0.0914227
8591.75  0.863197  -0.119941
8602.51  0.850477  -0.148039
8613.28  0.839545  -0.175826
8624.05  0.83028  -0.2034
8634.81  0.822576  -0.230854
8645.58  0.816345  -0.258272
8656.35  0.811511  -0.285737
8667.11  0.80801  -0.313326
8677.88  0.805789  -0.341114
8688.65  0.804802  -0.369175
8699.41  0.805014  -0.397583
8710.18  0.806393  -0.426413
8720.95  0.808916  -0.455737
8731.71  0.812564  -0.485633
8742.48  0.817322  -0.516179
8753.25  0.823178  -0.547456
8764.01  0.830121  -0.579547
8774.78  0.838143  -0.61254
8785.55  0.847235  -0.646527
8796.31  0.857383  -0.681603
8807.08  0.868574  -0.717867
8817.85  0.880784  -0.755425
8828.61  0.893984  -0.794383
8839.38  0.908132  -0.83485
8850.15  0.923173  -0.876942
8860.91  0.939033  -0.920774
8871.68  0.95561  -0.966461
8882.45  0.972779  -1.01411
8893.21  0.990381  -1.06383
8903.98  1.00822  -1.1157
8914.75  1.02606  -1.1698
8925.51  1.04362  -1.22619
8936.28  1.06057  -1.28488
8947.05  1.07655  -1.34586
8957.81  1.09117  -1.40907
8968.58  1.104  -1.47439
8979.35  1.11462  -1.54167
8990.11  1.12262  -1.61067
9000.88  1.12762  -1.68113
9011.65  1.12933  -1.7527
9022.41  1.12753  -1.82503
9033.18  1.1221  -1.89772
9043.95  1.11305  -1.97036
9054.71  1.10047  -2.04256
9065.48  1.08459  -2.11394
9076.25  1.06569  -2.18416
9087.01  1.04411  -2.25294
9097.78  1.02023  -2.32004
9108.54  0.994409  -2.38528
9119.31  0.967007  -2.44854
9130.08  0.938325  -2.50975
9140.84  0.908611  -2.56885
9151.61  0.878045  -2.62585
9162.38  0.84673  -2.68073
9173.14  0.814686  -2.7335
9183.91  0.781843  -2.7841
9194.68  0.748029  -2.83241
9205.44  0.712964  -2.87818
9216.21  0.676244  -2.92089
9226.98  0.637337  -2.95953
9237.74  0.595593  -2.99224
9248.51  0.550328  -3.01549
9259.28  0.501133  -3.02243
9270.04  0.448783  -2.99973
9280.81  0.397804  -2.9228
9291.58  0.36232  -2.75909
9302.34  0.370933  -2.52099
9313.11  0.446798  -2.3323
9323.88  0.573643  -2.28911
9334.64  0.708269  -2.3632
9345.41  0.814272  -2.49121
9356.18  0.879797  -2.62807
9366.94  0.912057  -2.75288
9377.71  0.923281  -2.8602
9388.48  0.92315  -2.95126
9399.24  0.917673  -3.02905
9410.01  0.910216  -3.09654
9420.78  0.902569  3.12704
9431.54  0.89566  3.07345
9442.31  0.889958  3.0245
9453.08  0.885689  2.97912
9463.84  0.882956  2.93652
9474.61  0.8818  2.89608
9485.38  0.882236  2.85732
9496.14  0.884267  2.81984
9506.91  0.8879  2.78331
9517.68  0.893147  2.74748
9528.44  0.900029  2.7121
9539.21  0.908578  2.67696
9549.98  0.918839  2.64189
9560.74  0.930869  2.6067
9571.51  0.944738  2.57122
9582.28  0.96053  2.53529
9593.04  0.978344  2.49874
9603.81  0.998292  2.4614
9614.58  1.0205  2.42308
9625.34  1.04511  2.38361
9636.11  1.07227  2.34276
9646.88  1.10214  2.30033
9657.64  1.13489  2.25607
9668.41  1.17069  2.20971
9679.17  1.2097  2.16096
9689.94  1.25205  2.10951
9700.71  1.29783  2.055
9711.47  1.34708  1.99707
9722.24  1.3997  1.9353
9733.01  1.45546  1.86929
9743.77  1.51391  1.79862
9754.54  1.57429  1.7229
9765.31  1.63552  1.64182
9776.07  1.69609  1.55514
9786.84  1.75405  1.46282
9797.61  1.80705  1.36503
9808.37  1.85254  1.26223
9819.14  1.88795  1.1552
9829.91  1.91111  1.04501
9840.67  1.92057  0.932968
9851.44  1.9159  0.820503
9862.21  1.89777  0.709006
9872.97  1.86783  0.599695
9883.74  1.82837  0.4935
9894.51  1.78203  0.391013
9905.27  1.7314  0.292476
9916.04  1.67877  0.19782
9926.81  1.62608  0.106707
9937.57  1.57477  0.0185866
9948.34  1.52589  -0.0672618
9959.11  1.48009  -0.151704
9969.87  1.43769  -0.235736
9980.64  1.3987  -0.320488
9991.41  1.36282  -0.407231
