num_points: 929
frequency_Hz  magnitude  phase_rad
0.1  2.51337e-05  1.67527
10.7666  0.0035893  1.58698
21.5332  0.00728374  1.55405
32.2998  0.0110296  1.52706
43.0664  0.0148396  1.50205
53.833  0.0187314  1.47804
64.5996  0.022726  1.45467
75.3662  0.0268475  1.43178
86.1328  0.0311237  1.40929
96.8994  0.0355868  1.38712
107.666  0.040274  1.36524
118.433  0.0452288  1.34357
129.199  0.0505022  1.32204
139.966  0.0561543  1.30057
150.732  0.0622565  1.27907
161.499  0.0688941  1.25739
172.266  0.0761697  1.2354
183.032  0.0842082  1.21292
193.799  0.093163  1.18972
204.565  0.103224  1.16555
215.332  0.11463  1.14008
226.099  0.127684  1.11289
236.865  0.142776  1.08345
247.632  0.160414  1.05111
258.398  0.181272  1.01494
269.165  0.206253  0.973722
279.932  0.236583  0.925771
290.698  0.27394  0.868674
301.465  0.320613  0.798932
312.231  0.379629  0.711378
322.998  0.454594  0.598364
333.765  0.548384  0.449019
344.531  0.658523  0.250097
355.298  0.767114  -0.00705469
366.064  0.835586  -0.309483
376.831  0.833577  -0.613708
387.598  0.775871  -0.874769
398.364  0.6992  -1.07752
409.131  0.626879  -1.22973
419.897  0.566458  -1.34469
430.664  0.518238  -1.43348
441.431  0.480431  -1.50397
452.197  0.451059  -1.56149
462.964  0.42848  -1.60963
473.73  0.411448  -1.65089
484.497  0.399062  -1.68702
495.264  0.390698  -1.7193
506.03  0.385951  -1.74871
516.797  0.384601  -1.776
527.563  0.386594  -1.8018
538.33  0.392038  -1.82665
549.097  0.401222  -1.85106
559.863  0.414655  -1.87555
570.63  0.433143  -1.90071
581.396  0.457914  -1.92726
592.163  0.490847  -1.95614
602.93  0.534884  -1.98875
613.696  0.594794  -2.02723
624.463  0.678738  -2.07524
635.229  0.801653  -2.13955
645.996  0.993192  -2.23427
656.763  1.31649  -2.39318
667.529  1.88633  -2.70872
678.296  2.47581  2.91735
689.063  1.95269  2.1826
699.829  1.2711  1.80437
710.596  0.885588  1.62177
721.362  0.663164  1.51795
732.129  0.522755  1.45048
742.896  0.427312  1.40233
753.662  0.358722  1.36556
764.429  0.307307  1.33607
775.195  0.267487  1.31148
785.962  0.235837  1.29038
796.729  0.210146  1.27184
807.495  0.188926  1.25524
818.262  0.171144  1.24015
829.028  0.156055  1.22626
839.795  0.143116  1.21334
850.562  0.131916  1.20121
861.328  0.122142  1.18974
872.095  0.113552  1.17883
882.861  0.105953  1.1684
893.628  0.0991922  1.15836
904.395  0.0931461  1.14868
915.161  0.0877136  1.13931
925.928  0.0828116  1.1302
936.694  0.0783709  1.12134
947.461  0.0743336  1.11268
958.228  0.0706512  1.10421
968.994  0.067282  1.09591
979.761  0.0641908  1.08776
990.527  0.0613473  1.07975
1001.29  0.0587252  1.07186
1012.06  0.0563019  1.06408
1022.83  0.0540575  1.05641
1033.59  0.0519747  1.04882
1044.36  0.0500383  1.04133
1055.13  0.048235  1.03391
1065.89  0.0465528  1.02657
1076.66  0.0449813  1.01929
1087.43  0.043511  1.01207
1098.19  0.0421337  1.00491
1108.96  0.0408418  0.997807
1119.73  0.0396286  0.99075
1130.49  0.038488  0.983737
1141.26  0.0374147  0.976767
1152.03  0.0364036  0.969837
1162.79  0.0354503  0.962942
1173.56  0.0345508  0.956083
1184.33  0.0337013  0.949254
1195.09  0.0328986  0.942456
1205.86  0.0321394  0.935686
1216.63  0.0314211  0.928942
1227.39  0.030741  0.922222
1238.16  0.0300969  0.915524
1248.93  0.0294865  0.908849
1259.69  0.0289078  0.902193
1270.46  0.028359  0.895556
1281.23  0.0278385  0.888936
1291.99  0.0273446  0.882333
1302.76  0.026876  0.875745
1313.53  0.0264313  0.869172
1324.29  0.0260092  0.862612
1335.06  0.0256087  0.856065
1345.83  0.0252286  0.84953
1356.59  0.0248681  0.843005
1367.36  0.0245261  0.836491
1378.13  0.0242018  0.829987
1388.89  0.0238945  0.823491
1399.66  0.0236034  0.817004
1410.42  0.0233278  0.810525
1421.19  0.0230671  0.804052
1431.96  0.0228208  0.797586
1442.72  0.0225882  0.791127
1453.49  0.0223688  0.784673
1464.26  0.0221623  0.778223
1475.02  0.021968  0.771779
1485.79  0.0217858  0.765339
1496.56  0.021615  0.758902
1507.32  0.0214555  0.752469
1518.09  0.0213068  0.746039
1528.86  0.0211688  0.739612
1539.62  0.021041  0.733187
1550.39  0.0209232  0.726763
1561.16  0.0208153  0.720341
1571.92  0.020717  0.713921
1582.69  0.0206281  0.707501
1593.46  0.0205483  0.701082
1604.22  0.0204777  0.694663
1614.99  0.0204159  0.688244
1625.76  0.020363  0.681824
1636.52  0.0203187  0.675404
1647.29  0.020283  0.668983
1658.06  0.0202558  0.66256
1668.82  0.0202371  0.656136
1679.59  0.0202267  0.64971
1690.36  0.0202247  0.643282
1701.12  0.020231  0.636851
1711.89  0.0202456  0.630418
1722.66  0.0202685  0.623982
1733.42  0.0202997  0.617543
1744.19  0.0203393  0.6111
1754.96  0.0203872  0.604653
1765.72  0.0204436  0.598202
1776.49  0.0205086  0.591747
1787.26  0.0205821  0.585287
1798.02  0.0206643  0.578822
1808.79  0.0207554  0.572351
1819.56  0.0208554  0.565875
1830.32  0.0209644  0.559394
1841.09  0.0210827  0.552906
1851.86  0.0212105  0.546411
1862.62  0.0213478  0.53991
1873.39  0.0214949  0.533401
1884.16  0.0216521  0.526885
1894.92  0.0218195  0.520362
1905.69  0.0219975  0.513829
1916.46  0.0221863  0.507289
1927.22  0.0223863  0.500739
1937.99  0.0225977  0.49418
1948.75  0.0228209  0.487611
1959.52  0.0230564  0.481032
1970.29  0.0233044  0.474443
1981.05  0.0235655  0.467842
1991.82  0.02384  0.461229
2002.59  0.0241286  0.454605
2013.35  0.0244317  0.447968
2024.12  0.0247498  0.441318
2034.89  0.0250836  0.434654
2045.65  0.0254338  0.427976
2056.42  0.025801  0.421283
2067.19  0.0261859  0.414575
2077.95  0.0265894  0.40785
2088.72  0.0270122  0.401109
2099.49  0.0274553  0.39435
2110.25  0.0279197  0.387572
2121.02  0.0284063  0.380775
2131.79  0.0289162  0.373958
2142.55  0.0294508  0.36712
2153.32  0.0300111  0.36026
2164.09  0.0305985  0.353377
2174.85  0.0312147  0.34647
2185.62  0.031861  0.339537
2196.39  0.0325391  0.332578
2207.15  0.033251  0.325591
2217.92  0.0339986  0.318575
2228.69  0.0347839  0.311528
2239.45  0.0356092  0.304448
2250.22  0.0364771  0.297334
2260.99  0.0373902  0.290184
2271.75  0.0383515  0.282996
2282.52  0.0393639  0.275768
2293.29  0.0404311  0.268497
2304.05  0.0415567  0.261181
2314.82  0.0427447  0.253817
2325.59  0.0439997  0.246403
2336.35  0.0453265  0.238934
2347.12  0.0467304  0.231409
2357.89  0.0482173  0.223821
2368.65  0.0497936  0.216169
2379.42  0.0514664  0.208446
2390.19  0.0532436  0.200649
2400.95  0.0551338  0.192771
2411.72  0.0571468  0.184806
2422.49  0.0592931  0.176748
2433.25  0.0615848  0.16859
2444.02  0.0640352  0.160322
2454.79  0.0666595  0.151935
2465.55  0.0694744  0.14342
2476.32  0.0724991  0.134764
2487.08  0.0757552  0.125954
2497.85  0.0792673  0.116976
2508.62  0.0830635  0.107811
2519.38  0.0871761  0.0984414
2530.15  0.091642  0.0888437
2540.92  0.0965042  0.0789925
2551.68  0.101813  0.0688577
2562.45  0.107626  0.0584044
2573.22  0.114013  0.0475914
2583.98  0.121054  0.0363702
2594.75  0.128848  0.0246828
2605.52  0.137511  0.0124597
2616.28  0.147185  -0.000383303
2627.05  0.158042  -0.0139493
2637.82  0.170298  -0.0283658
2648.58  0.184219  -0.0437921
2659.35  0.200146  -0.0604303
2670.12  0.21851  -0.07854
2680.88  0.239879  -0.0984606
2691.65  0.265001  -0.120644
2702.42  0.294886  -0.145704
2713.18  0.330928  -0.174497
2723.95  0.375094  -0.208245
2734.72  0.430233  -0.248756
2745.48  0.500582  -0.298798
2756.25  0.592605  -0.362789
2767.02  0.716287  -0.448101
2777.78  0.886586  -0.567538
2788.55  1.12171  -0.743575
2799.32  1.42072  -1.01134
2810.08  1.68114  -1.39638
2820.85  1.68897  -1.83538
2831.62  1.46305  -2.19707
2842.38  1.20713  -2.44269
2853.15  1.00433  -2.60465
2863.92  0.855234  -2.71577
2874.68  0.745512  -2.79609
2885.45  0.663109  -2.85702
2896.22  0.59979  -2.90515
2906.98  0.550112  -2.94449
2917.75  0.510442  -2.97756
2928.52  0.478308  -3.00601
2939.28  0.451979  -3.031
2950.05  0.430224  -3.05332
2960.82  0.41214  -3.07353
2971.58  0.39706  -3.09208
2982.35  0.384476  -3.10928
2993.12  0.374003  -3.12539
3003.88  0.36534  -3.14059
3014.65  0.358253  3.12814
3025.42  0.352559  3.1143
3036.18  0.348112  3.10099
3046.95  0.344798  3.0881
3057.71  0.34253  3.07558
3068.48  0.341239  3.06336
3079.25  0.340874  3.05139
3090.01  0.3414  3.03962
3100.78  0.342794  3.028
3111.55  0.345045  3.01651
3122.31  0.348155  3.0051
3133.08  0.352133  2.99375
3143.85  0.357004  2.98242
3154.61  0.362799  2.97109
3165.38  0.369563  2.95971
3176.15  0.377354  2.94827
3186.91  0.386243  2.93674
3197.68  0.396317  2.92506
3208.45  0.407681  2.91322
3219.21  0.420461  2.90117
3229.98  0.434808  2.88887
3240.75  0.450901  2.87627
3251.51  0.468959  2.86331
3262.28  0.489242  2.84993
3273.05  0.512065  2.83604
3283.81  0.537813  2.82157
3294.58  0.566959  2.80639
3305.35  0.600084  2.79037
3316.11  0.63792  2.77336
3326.88  0.681387  2.75512
3337.65  0.731664  2.7354
3348.41  0.790283  2.71386
3359.18  0.85926  2.69002
3369.95  0.941304  2.66326
3380.71  1.04012  2.63274
3391.48  1.1609  2.59722
3402.25  1.31105  2.55492
3413.01  1.50144  2.50316
3423.78  1.74829  2.43767
3434.55  2.07591  2.35154
3445.31  2.51912  2.23302
3456.08  3.11692  2.06227
3466.85  3.86005  1.8094
3477.61  4.51783  1.45197
3488.38  4.59774  1.03628
3499.15  4.05985  0.675309
3509.91  3.3784  0.418811
3520.68  2.81068  0.245517
3531.45  2.38391  0.125293
3542.21  2.06684  0.037919
3552.98  1.82792  -0.0285567
3563.75  1.64431  -0.0812004
3574.51  1.50056  -0.12433
3585.28  1.3862  -0.160691
3596.04  1.29409  -0.192099
3606.81  1.21922  -0.219796
3617.58  1.15802  -0.24466
3628.34  1.1079  -0.26733
3639.11  1.06696  -0.288283
3649.88  1.03379  -0.307885
3660.64  1.00733  -0.326422
3671.41  0.98681  -0.344126
3682.18  0.971656  -0.361189
3692.94  0.961473  -0.377775
3703.71  0.956011  -0.394028
3714.48  0.955152  -0.410082
3725.24  0.958897  -0.426062
3736.01  0.967373  -0.442097
3746.78  0.980841  -0.458317
3757.54  0.999714  -0.474867
3768.31  1.02459  -0.491912
3779.08  1.05629  -0.509646
3789.84  1.09595  -0.528306
3800.61  1.14511  -0.548196
3811.38  1.20589  -0.569712
3822.14  1.28122  -0.593389
3832.91  1.37529  -0.619977
3843.68  1.49416  -0.650564
3854.44  1.647  -0.686793
3865.21  1.84804  -0.73127
3875.98  2.12051  -0.788364
3886.74  2.5039  -0.865918
3897.51  3.06732  -0.979153
3908.28  3.92392  -1.15989
3919.04  5.14931  -1.47364
3929.81  6.10408  -1.99127
3940.58  5.37831  -2.55803
3951.34  3.97956  -2.93323
3962.11  2.95195  3.13618
3972.88  2.28479  3.00647
3983.64  1.83916  2.92025
3994.41  1.52679  2.85839
4005.18  1.29804  2.81129
4015.94  1.1244  2.77374
4026.71  0.988676  2.74268
4037.48  0.880037  2.71623
4048.24  0.791351  2.69317
4059.01  0.717757  2.67267
4069.78  0.655835  2.65415
4080.54  0.603112  2.63719
4091.31  0.557764  2.62149
4102.08  0.51841  2.60681
4112.84  0.483993  2.59297
4123.61  0.453686  2.57984
4134.38  0.426837  2.5673
4145.14  0.402922  2.55527
4155.91  0.381518  2.54367
4166.67  0.362279  2.53244
4177.44  0.344917  2.52154
4188.21  0.329196  2.51091
4198.97  0.314915  2.50054
4209.74  0.301906  2.49038
4220.51  0.290025  2.48042
4231.27  0.279151  2.47062
4242.04  0.269177  2.46098
4252.81  0.260013  2.45147
4263.57  0.251581  2.44208
4274.34  0.243811  2.43279
4285.11  0.236643  2.4236
4295.87  0.230026  2.41449
4306.64  0.223913  2.40545
4317.41  0.218262  2.39648
4328.17  0.213039  2.38757
4338.94  0.20821  2.37871
4349.71  0.203748  2.36988
4360.47  0.199627  2.3611
4371.24  0.195825  2.35235
4382.01  0.192322  2.34362
4392.77  0.189101  2.33491
4403.54  0.186145  2.32621
4414.31  0.183441  2.31752
4425.07  0.180976  2.30884
4435.84  0.17874  2.30016
4446.61  0.176723  2.29147
4457.37  0.174916  2.28277
4468.14  0.173314  2.27406
4478.91  0.171909  2.26533
4489.67  0.170698  2.25657
4500.44  0.169675  2.24779
4511.21  0.168839  2.23897
4521.97  0.168188  2.23011
4532.74  0.167719  2.2212
4543.51  0.167434  2.21224
4554.27  0.167334  2.20322
4565.04  0.16742  2.19414
4575.81  0.167696  2.18499
4586.57  0.168166  2.17575
4597.34  0.168835  2.16642
4608.11  0.169711  2.157
4618.87  0.170801  2.14746
4629.64  0.172116  2.13781
4640.41  0.173667  2.12802
4651.17  0.175468  2.11808
4661.94  0.177535  2.10798
4672.71  0.179887  2.0977
4683.47  0.182546  2.08721
4694.24  0.185538  2.0765
4705  0.188891  2.06554
4715.77  0.192642  2.05429
4726.54  0.19683  2.04273
4737.3  0.201504  2.0308
4748.07  0.206718  2.01847
4758.84  0.212544  2.00568
4769.6  0.219061  1.99236
4780.37  0.226365  1.97842
4791.14  0.234573  1.96377
4801.9  0.24383  1.94829
4812.67  0.254312  1.93183
4823.44  0.26624  1.91419
4834.2  0.279893  1.89516
4844.97  0.295627  1.87441
4855.74  0.313902  1.85157
4866.5  0.335324  1.82609
4877.27  0.360706  1.79727
4888.04  0.39115  1.7641
4898.8  0.42819  1.72519
4909.57  0.473996  1.67844
4920.34  0.531683  1.62071
4931.1  0.605739  1.54706
4941.87  0.702422  1.44949
4952.64  0.829237  1.31483
4963.4  0.989569  1.12231
4974.17  1.16121  0.846312
4984.94  1.25946  0.483676
4995.7  1.19225  0.0996012
5006.47  1.01122  -0.217011
5017.24  0.824194  -0.443013
5028  0.673265  -0.599903
5038.77  0.558848  -0.711731
5049.54  0.472249  -0.794739
5060.3  0.405579  -0.858859
5071.07  0.353147  -0.91016
5081.84  0.31104  -0.952457
5092.6  0.276577  -0.988226
5103.37  0.247887  -1.01913
5114.14  0.223642  -1.04633
5124.9  0.202876  -1.07064
5135.67  0.184878  -1.09266
5146.44  0.169109  -1.11283
5157.2  0.155155  -1.13149
5167.97  0.142695  -1.1489
5178.74  0.131475  -1.16525
5189.5  0.121289  -1.1807
5200.27  0.111972  -1.19538
5211.04  0.103386  -1.20937
5221.8  0.0954179  -1.22274
5232.57  0.0879712  -1.23554
5243.33  0.0809636  -1.2478
5254.1  0.0743237  -1.25953
5264.87  0.0679891  -1.27071
5275.63  0.0619043  -1.28128
5286.4  0.056019  -1.29115
5297.17  0.0502872  -1.30016
5307.93  0.044666  -1.30806
5318.7  0.0391148  -1.31439
5329.47  0.0335945  -1.31839
5340.23  0.0280675  -1.31863
5351  0.0224972  -1.31213
5361.77  0.0168511  -1.2917
5372.53  0.0111129  -1.23456
5383.3  0.00538451  -1.01723
5394.07  0.0026605  0.635157
5404.83  0.00819726  1.37314
5415.6  0.0149073  1.48686
5426.37  0.0221216  1.52187
5437.13  0.0298541  1.53283
5447.9  0.0381797  1.53312
5458.67  0.0471981  1.52752
5469.43  0.0570314  1.51811
5480.2  0.0678266  1.50589
5490.97  0.0797617  1.49136
5501.73  0.0930536  1.47474
5512.5  0.107969  1.45607
5523.27  0.124841  1.43525
5534.03  0.144085  1.41208
5544.8  0.166234  1.38621
5555.57  0.19197  1.35718
5566.33  0.222186  1.32432
5577.1  0.258061  1.2867
5587.87  0.30117  1.24307
5598.63  0.353638  1.19164
5609.4  0.418342  1.12988
5620.17  0.499122  1.05414
5630.93  0.600865  0.959111
5641.7  0.72891  0.837204
5652.47  0.886234  0.678308
5663.23  1.06536  0.471726
5674  1.2346  0.214043
5684.77  1.33836  -0.0771968
5695.53  1.34182  -0.362582
5706.3  1.26875  -0.607192
5717.07  1.16689  -0.80064
5727.83  1.06739  -0.949703
5738.6  0.98195  -1.06539
5749.37  0.912367  -1.15719
5760.13  0.85705  -1.23201
5770.9  0.813712  -1.29467
5781.67  0.780264  -1.34854
5792.43  0.755032  -1.39597
5803.2  0.736748  -1.43866
5813.96  0.724486  -1.4779
5824.73  0.717601  -1.51465
5835.5  0.715675  -1.54971
5846.26  0.718485  -1.58373
5857.03  0.725979  -1.6173
5867.8  0.738275  -1.65098
5878.56  0.755657  -1.68532
5889.33  0.778601  -1.72093
5900.1  0.807804  -1.75848
5910.86  0.844236  -1.7988
5921.63  0.889208  -1.84291
5932.4  0.944471  -1.89217
5943.16  1.01233  -1.9484
5953.93  1.09577  -2.01411
5964.7  1.19843  -2.09293
5975.46  1.3242  -2.19003
5986.23  1.47548  -2.31287
5997  1.64792  -2.47148
6007.76  1.81777  -2.67675
6018.53  1.92426  -2.9321
6029.3  1.88126  3.06818
6040.06  1.6686  2.82184
6050.83  1.4338  2.69324
6061.6  1.37329  2.61166
6072.36  1.32925  2.43919
6083.13  1.20039  2.26421
6093.9  1.05489  2.12894
6104.66  0.925768  2.02662
6115.43  0.817956  1.94694
6126.2  0.728949  1.88281
6136.96  0.655171  1.8297
6147.73  0.59348  1.78464
6158.5  0.541383  1.74565
6169.26  0.496957  1.71134
6180.03  0.458726  1.68071
6190.8  0.425548  1.65303
6201.56  0.396534  1.62776
6212.33  0.370984  1.60446
6223.1  0.34834  1.58282
6233.86  0.328156  1.56257
6244.63  0.310066  1.5435
6255.4  0.293774  1.52544
6266.16  0.279031  1.50826
6276.93  0.265633  1.49183
6287.7  0.253405  1.47607
6298.46  0.242201  1.46089
6309.23  0.231894  1.44622
6320  0.222377  1.432
6330.76  0.213553  1.41818
6341.53  0.205338  1.40473
6352.29  0.197659  1.3916
6363.06  0.190446  1.37876
6373.83  0.183636  1.3662
6384.59  0.177171  1.3539
6395.36  0.170991  1.34186
6406.13  0.165039  1.33008
6416.89  0.159254  1.31858
6427.66  0.153568  1.30742
6438.43  0.147908  1.29669
6449.19  0.142181  1.28656
6459.96  0.136274  1.27732
6470.73  0.130041  1.26951
6481.49  0.123279  1.26411
6492.26  0.115707  1.26312
6503.03  0.106926  1.27077
6513.79  0.0963984  1.29716
6524.56  0.083628  1.36951
6535.33  0.0698283  1.5689
6546.09  0.0677831  2.04309
6556.86  0.111674  2.42717
6567.63  0.194625  2.26664
6578.39  0.238684  1.88982
6589.16  0.233201  1.62042
6599.93  0.217408  1.4676
6610.69  0.203695  1.37675
6621.46  0.193151  1.31738
6632.23  0.185098  1.27509
6642.99  0.178852  1.24278
6653.76  0.173922  1.21669
6664.53  0.169975  1.19471
6675.29  0.166783  1.17553
6686.06  0.164189  1.15836
6696.83  0.162079  1.14266
6707.59  0.160373  1.12805
6718.36  0.159011  1.1143
6729.13  0.157948  1.1012
6739.89  0.157149  1.08863
6750.66  0.156589  1.07647
6761.43  0.156248  1.06465
6772.19  0.156109  1.05311
6782.96  0.156161  1.04178
6793.73  0.156396  1.03063
6804.49  0.156806  1.01963
6815.26  0.157387  1.00874
6826.03  0.158136  0.997949
6836.79  0.159052  0.987226
6847.56  0.160135  0.976555
6858.33  0.161386  0.965919
6869.09  0.162807  0.955303
6879.86  0.164402  0.944692
6890.63  0.166174  0.934075
6901.39  0.168131  0.923438
6912.16  0.170278  0.912768
6922.92  0.172624  0.902055
6933.69  0.175177  0.891286
6944.46  0.177949  0.880449
6955.22  0.18095  0.869532
6965.99  0.184195  0.858523
6976.76  0.187698  0.847407
6987.52  0.191478  0.836171
6998.29  0.195552  0.8248
7009.06  0.199942  0.813277
7019.82  0.204674  0.801585
7030.59  0.209773  0.789705
7041.36  0.215272  0.777616
7052.12  0.221204  0.765295
7062.89  0.22761  0.752716
7073.66  0.234534  0.739849
7084.42  0.242028  0.726662
7095.19  0.250149  0.713117
7105.96  0.258964  0.699174
7116.72  0.268552  0.684784
7127.49  0.279  0.66989
7138.26  0.290413  0.654429
7149.02  0.302911  0.638325
7159.79  0.316635  0.621491
7170.56  0.331754  0.603821
7181.32  0.348465  0.585192
7192.09  0.367005  0.565455
7202.86  0.38766  0.544429
7213.62  0.410774  0.521894
7224.39  0.436767  0.497579
7235.16  0.466157  0.471145
7245.92  0.499582  0.442167
7256.69  0.537837  0.410103
7267.46  0.581921  0.374254
7278.22  0.633085  0.33371
7288.99  0.692904  0.287263
7299.76  0.763332  0.233305
7310.52  0.846735  0.169661
7321.29  0.945798  0.0933972
7332.06  1.06309  0.000583304
7342.82  1.19981  -0.11384
7353.59  1.35291  -0.255766
7364.36  1.50989  -0.430397
7375.12  1.64346  -0.638466
7385.89  1.71578  -0.870951
7396.66  1.7015  -1.10795
7407.42  1.61005  -1.32718
7418.19  1.47604  -1.51502
7428.96  1.33243  -1.66894
7439.72  1.19809  -1.79296
7450.49  1.08017  -1.8929
7461.25  0.979618  -1.97416
7472.02  0.895016  -2.04117
7482.79  0.824159  -2.09772
7493.55  0.764409  -2.14693
7504.32  0.713172  -2.19066
7515.09  0.668697  -2.2296
7525.85  0.629955  -2.26428
7536.62  0.596183  -2.29543
7547.39  0.566603  -2.32377
7558.15  0.540574  -2.34972
7568.92  0.517601  -2.37367
7579.69  0.49726  -2.39596
7590.45  0.479195  -2.41685
7601.22  0.463109  -2.43656
7611.99  0.448755  -2.45526
7622.75  0.435927  -2.47308
7633.52  0.424452  -2.49015
7644.29  0.414184  -2.50656
7655.05  0.404999  -2.5224
7665.82  0.396793  -2.53773
7676.59  0.389476  -2.55263
7687.35  0.382972  -2.56713
7698.12  0.377214  -2.5813
7708.89  0.372148  -2.59516
7719.65  0.367725  -2.60875
7730.42  0.363902  -2.62211
7741.19  0.360646  -2.63527
7751.95  0.357927  -2.64824
7762.72  0.355718  -2.66105
7773.49  0.353998  -2.67372
7784.25  0.352751  -2.68627
7795.02  0.351962  -2.69873
7805.79  0.351621  -2.71109
7816.55  0.351719  -2.72339
7827.32  0.352251  -2.73564
7838.09  0.353216  -2.74784
7848.85  0.354613  -2.76001
7859.62  0.356445  -2.77217
7870.39  0.358717  -2.78432
7881.15  0.361438  -2.79649
7891.92  0.364617  -2.80868
7902.69  0.368268  -2.8209
7913.45  0.372408  -2.83316
7924.22  0.377054  -2.84549
7934.99  0.382231  -2.85789
7945.75  0.387965  -2.87037
7956.52  0.394285  -2.88295
7967.29  0.401226  -2.89565
7978.05  0.408828  -2.90848
7988.82  0.417135  -2.92146
7999.58  0.4262  -2.9346
8010.35  0.43608  -2.94793
8021.12  0.446841  -2.96146
8031.88  0.458559  -2.97523
8042.65  0.47132  -2.98926
8053.42  0.485223  -3.00358
8064.18  0.50038  -3.01822
8074.95  0.516921  -3.03322
8085.72  0.534997  -3.04863
8096.48  0.554781  -3.06449
8107.25  0.576475  -3.08086
8118.02  0.600316  -3.09781
8128.78  0.626582  -3.11541
8139.55  0.655601  -3.13376
8150.32  0.687766  3.13021
8161.08  0.723543  3.11002
8171.85  0.763499  3.08868
8182.62  0.808318  3.06601
8193.38  0.858841  3.04177
8204.15  0.916107  3.01567
8214.92  0.981411  2.98733
8225.68  1.05638  2.95629
8236.45  1.14309  2.92194
8247.22  1.24417  2.88347
8257.98  1.36305  2.83983
8268.75  1.50414  2.78956
8279.52  1.67309  2.73068
8290.28  1.87705  2.66043
8301.05  2.1244  2.57494
8311.82  2.42346  2.46883
8322.58  2.77777  2.33497
8333.35  3.17426  2.16511
8344.12  3.56182  1.95311
8354.88  3.83739  1.70253
8365.65  3.89119  1.4341
8376.42  3.70793  1.17932
8387.18  3.38167  0.961191
8397.95  3.02015  0.785263
8408.72  2.68465  0.646242
8419.48  2.39584  0.535956
8430.25  2.15437  0.447145
8441.02  1.95422  0.374387
8451.78  1.78869  0.313846
8462.55  1.65229  0.262219
8473.32  1.53883  0.216186
8484.08  1.44208  0.174311
8494.85  1.35867  0.136319
8505.62  1.28662  0.101665
8516.38  1.22422  0.0697113
8527.15  1.17001  0.0399159
8537.92  1.12274  0.0118519
8548.68  1.08143  -0.0148172
8559.45  1.04523  -0.0403601
8570.21  1.01349  -0.064995
8580.98  0.985649  -0.0889024
8591.75  0.961258  -0.112234
8602.51  0.939938  -0.135118
8613.28  0.921375  -0.157668
8624.05  0.905309  -0.179982
8634.81  0.891518  -0.202148
8645.58  0.879822  -0.224248
8656.35  0.870065  -0.246355
8667.11  0.862121  -0.268539
8677.88  0.855883  -0.290867
8688.65  0.851263  -0.313405
8699.41  0.848191  -0.336216
8710.18  0.84661  -0.359363
8720.95  0.846476  -0.382912
8731.71  0.847756  -0.406928
8742.48  0.850427  -0.431481
8753.25  0.854476  -0.456641
8764.01  0.859896  -0.482485
8774.78  0.86669  -0.509092
8785.55  0.874863  -0.536548
8796.31  0.88443  -0.564944
8807.08  0.895407  -0.594379
8817.85  0.907811  -0.624961
8828.61  0.921664  -0.656804
8839.38  0.936981  -0.690033
8850.15  0.953772  -0.724777
8860.91  0.972055  -0.761177
8871.68  0.991821  -0.799401
8882.45  1.01304  -0.839611
8893.21  1.03566  -0.881979
8903.98  1.05959  -0.926687
8914.75  1.08472  -0.973922
8925.51  1.11083  -1.02387
8936.28  1.13769  -1.07671
8947.05  1.16495  -1.13261
8957.81  1.19216  -1.1917
8968.58  1.21878  -1.25409
8979.35  1.24416  -1.31981
8990.11  1.26753  -1.38883
9000.88  1.28806  -1.46101
9011.65  1.30488  -1.53611
9022.41  1.31712  -1.61379
9033.18  1.32402  -1.69356
9043.95  1.32495  -1.77485
9054.71  1.31954  -1.85699
9065.48  1.30768  -1.93928
9076.25  1.28955  -2.02101
9087.01  1.26559  -2.10149
9097.78  1.23645  -2.18015
9108.54  1.20292  -2.25647
9119.31  1.16583  -2.33008
9130.08  1.12602  -2.40072
9140.84  1.08422  -2.46824
9151.61  1.04106  -2.53256
9162.38  0.997027  -2.59371
9173.14  0.952453  -2.65174
9183.91  0.907515  -2.70674
9194.68  0.862231  -2.75879
9205.44  0.816466  -2.80794
9216.21  0.769912  -2.85416
9226.98  0.722075  -2.89726
9237.74  0.672232  -2.93675
9248.51  0.619378  -2.97158
9259.28  0.562143  -2.99948
9270.04  0.498718  -3.01546
9280.81  0.42696  -3.00766
9291.58  0.345531  -2.94395
9302.34  0.261141  -2.72562
9313.11  0.226377  -2.14699
9323.88  0.357223  -1.58981
9334.64  0.658115  -1.50321
9345.41  1.06779  -1.7033
9356.18  1.41762  -2.04954
9366.94  1.537  -2.39355
9377.71  1.49126  -2.65111
9388.48  1.39995  -2.82858
9399.24  1.31248  -2.95366
9410.01  1.2397  -3.04661
9420.78  1.18128  -3.1195
9431.54  1.13472  3.10383
9442.31  1.0976  3.05278
9453.08  1.068  3.00789
9463.84  1.0445  2.96743
9474.61  1.02603  2.93025
9485.38  1.01183  2.89551
9496.14  1.0013  2.86262
9506.91  0.994037  2.83113
9517.68  0.989715  2.8007
9528.44  0.988112  2.77104
9539.21  0.98907  2.74194
9549.98  0.992486  2.71318
9560.74  0.998303  2.6846
9571.51  1.0065  2.65605
9582.28  1.01711  2.62737
9593.04  1.03017  2.59843
9603.81  1.04577  2.56908
9614.58  1.06402  2.53919
9625.34  1.08508  2.50859
9636.11  1.10913  2.47713
9646.88  1.13639  2.44463
9657.64  1.16711  2.4109
9668.41  1.2016  2.37572
9679.17  1.24021  2.33884
9689.94  1.28331  2.29999
9700.71  1.33134  2.25885
9711.47  1.38478  2.21504
9722.24  1.44412  2.16814
9733.01  1.50989  2.11765
9743.77  1.58255  2.06301
9754.54  1.66251  2.00357
9765.31  1.74998  1.93859
9776.07  1.84479  1.86727
9786.84  1.94626  1.78876
9797.61  2.05282  1.70221
9808.37  2.16171  1.60691
9819.14  2.26865  1.5024
9829.91  2.36774  1.38868
9840.67  2.45176  1.26648
9851.44  2.51315  1.13735
9862.21  2.54558  1.00373
9872.97  2.54573  0.868654
9883.74  2.51427  0.735334
9894.51  2.45569  0.606617
9905.27  2.37698  0.484598
9916.04  2.28586  0.370467
9926.81  2.18936  0.264567
9937.57  2.0931  0.166589
9948.34  2.00111  0.0757838
9959.11  1.91604  -0.00886022
9969.87  1.83952  -0.0884974
9980.64  1.77244  -0.164365
9991.41  1.71533  -0.23777
