num_points: 929
frequency_Hz  magnitude  phase_rad
0.1  2.20321e-05  1.70056
10.7666  0.00348138  1.60307
21.5332  0.00715492  1.55523
32.2998  0.0109237  1.51492
43.0664  0.0148053  1.47708
53.833  0.0188292  1.44031
64.5996  0.0230329  1.40401
75.3662  0.0274621  1.36782
86.1328  0.032172  1.33144
96.8994  0.03723  1.29459
107.666  0.0427191  1.25693
118.433  0.0487417  1.21807
129.199  0.0554261  1.17749
139.966  0.0629335  1.13456
150.732  0.0714691  1.08843
161.499  0.0812947  1.03802
172.266  0.0927456  0.981848
183.032  0.106249  0.917941
193.799  0.122333  0.8436
204.565  0.141617  0.755135
215.332  0.164704  0.647576
226.099  0.191862  0.514577
236.865  0.22226  0.349156
247.632  0.25265  0.1466
258.398  0.276524  -0.0894567
269.165  0.286594  -0.341542
279.932  0.280655  -0.583152
290.698  0.263435  -0.793495
301.465  0.241741  -0.965717
312.231  0.220233  -1.10309
322.998  0.200974  -1.21239
333.765  0.18449  -1.30024
344.531  0.170643  -1.37194
355.298  0.159087  -1.43147
366.064  0.149453  -1.4817
376.831  0.141412  -1.52476
387.598  0.134694  -1.56221
398.364  0.129084  -1.5952
409.131  0.124409  -1.62461
419.897  0.120535  -1.65113
430.664  0.117358  -1.67526
441.431  0.114794  -1.69743
452.197  0.112782  -1.71798
462.964  0.111275  -1.73717
473.73  0.110238  -1.75524
484.497  0.109649  -1.77237
495.264  0.109495  -1.78872
506.03  0.109772  -1.80445
516.797  0.110489  -1.81967
527.563  0.111661  -1.83451
538.33  0.113316  -1.84907
549.097  0.115496  -1.86348
559.863  0.118254  -1.87783
570.63  0.121667  -1.89226
581.396  0.125834  -1.90689
592.163  0.130886  -1.92188
602.93  0.137  -1.93742
613.696  0.144414  -1.95374
624.463  0.153456  -1.97116
635.229  0.164586  -1.99009
645.996  0.178467  -2.01114
656.763  0.196095  -2.03518
667.529  0.219014  -2.06358
678.296  0.249764  -2.09859
689.063  0.292782  -2.14421
699.829  0.356492  -2.20819
710.596  0.458521  -2.30767
721.362  0.639086  -2.48709
732.129  0.968938  -2.87939
742.896  1.17195  2.60113
753.662  0.800952  1.93606
764.429  0.521401  1.64369
775.195  0.372499  1.501
785.962  0.285564  1.41751
796.729  0.229643  1.362
807.495  0.190974  1.32168
818.262  0.162774  1.29047
829.028  0.141367  1.26515
839.795  0.124602  1.24385
850.562  0.111145  1.22542
861.328  0.100124  1.2091
872.095  0.0909462  1.19439
882.861  0.0831967  1.18093
893.628  0.076575  1.16847
904.395  0.0708588  1.1568
915.161  0.0658804  1.1458
925.928  0.0615107  1.13534
936.694  0.0576487  1.12534
947.461  0.0542146  1.11573
958.228  0.0511443  1.10646
968.994  0.0483856  1.09747
979.761  0.045896  1.08873
990.527  0.0436401  1.08022
1001.29  0.0415884  1.07189
1012.06  0.0397164  1.06374
1022.83  0.0380029  1.05574
1033.59  0.0364301  1.04787
1044.36  0.0349829  1.04013
1055.13  0.0336479  1.0325
1065.89  0.0324138  1.02496
1076.66  0.0312706  1.01752
1087.43  0.0302098  1.01015
1098.19  0.0292236  1.00287
1108.96  0.0283053  0.995644
1119.73  0.0274491  0.988485
1130.49  0.0266497  0.981384
1141.26  0.0259023  0.974334
1152.03  0.0252029  0.967333
1162.79  0.0245476  0.960376
1173.56  0.0239332  0.953461
1184.33  0.0233566  0.946583
1195.09  0.0228151  0.93974
1205.86  0.0223062  0.932929
1216.63  0.0218278  0.926149
1227.39  0.0213777  0.919397
1238.16  0.0209542  0.91267
1248.93  0.0205556  0.905968
1259.69  0.0201804  0.899287
1270.46  0.0198272  0.892628
1281.23  0.0194947  0.885987
1291.99  0.0191817  0.879365
1302.76  0.0188873  0.872759
1313.53  0.0186103  0.866168
1324.29  0.0183501  0.859591
1335.06  0.0181056  0.853028
1345.83  0.0178762  0.846477
1356.59  0.0176611  0.839937
1367.36  0.0174598  0.833407
1378.13  0.0172717  0.826887
1388.89  0.0170962  0.820375
1399.66  0.0169328  0.813871
1410.42  0.0167811  0.807375
1421.19  0.0166406  0.800884
1431.96  0.0165111  0.7944
1442.72  0.0163921  0.787921
1453.49  0.0162833  0.781446
1464.26  0.0161845  0.774976
1475.02  0.0160954  0.768509
1485.79  0.0160158  0.762044
1496.56  0.0159454  0.755582
1507.32  0.0158841  0.749122
1518.09  0.0158318  0.742663
1528.86  0.0157883  0.736204
1539.62  0.0157535  0.729746
1550.39  0.0157272  0.723288
1561.16  0.0157095  0.716829
1571.92  0.0157002  0.710369
1582.69  0.0156994  0.703907
1593.46  0.015707  0.697443
1604.22  0.015723  0.690977
1614.99  0.0157475  0.684507
1625.76  0.0157805  0.678034
1636.52  0.015822  0.671557
1647.29  0.0158721  0.665075
1658.06  0.0159309  0.658589
1668.82  0.0159986  0.652097
1679.59  0.0160753  0.645598
1690.36  0.0161611  0.639094
1701.12  0.0162563  0.632582
1711.89  0.016361  0.626063
1722.66  0.0164755  0.619535
1733.42  0.0166  0.612999
1744.19  0.0167348  0.606453
1754.96  0.0168803  0.599897
1765.72  0.0170368  0.59333
1776.49  0.0172046  0.586753
1787.26  0.0173842  0.580163
1798.02  0.0175759  0.57356
1808.79  0.0177804  0.566943
1819.56  0.0179982  0.560312
1830.32  0.0182297  0.553666
1841.09  0.0184756  0.547003
1851.86  0.0187367  0.540323
1862.62  0.0190136  0.533625
1873.39  0.0193072  0.526907
1884.16  0.0196183  0.520168
1894.92  0.0199479  0.513407
1905.69  0.0202969  0.506624
1916.46  0.0206666  0.499815
1927.22  0.0210581  0.49298
1937.99  0.0214728  0.486117
1948.75  0.0219122  0.479223
1959.52  0.0223777  0.472298
1970.29  0.0228713  0.465339
1981.05  0.0233947  0.458343
1991.82  0.0239501  0.451309
2002.59  0.0245399  0.444232
2013.35  0.0251665  0.437111
2024.12  0.0258328  0.429941
2034.89  0.0265419  0.422719
2045.65  0.0272974  0.415441
2056.42  0.028103  0.408102
2067.19  0.0289631  0.400698
2077.95  0.0298824  0.393222
2088.72  0.0308666  0.385669
2099.49  0.0319215  0.378031
2110.25  0.0330541  0.3703
2121.02  0.0342723  0.362468
2131.79  0.0355849  0.354524
2142.55  0.037002  0.346457
2153.32  0.0385353  0.338253
2164.09  0.0401982  0.329897
2174.85  0.0420064  0.321372
2185.62  0.0439778  0.312656
2196.39  0.0461338  0.303727
2207.15  0.0484995  0.294554
2217.92  0.0511045  0.285106
2228.69  0.0539845  0.275341
2239.45  0.0571824  0.265211
2250.22  0.0607505  0.254658
2260.99  0.0647531  0.243608
2271.75  0.06927  0.231972
2282.52  0.0744017  0.219636
2293.29  0.0802764  0.206455
2304.05  0.0870601  0.192242
2314.82  0.0949715  0.176749
2325.59  0.104305  0.159641
2336.35  0.115464  0.140457
2347.12  0.129019  0.118544
2357.89  0.145802  0.0929418
2368.65  0.167067  0.0621908
2379.42  0.194787  0.0239566
2390.19  0.232237  -0.0257125
2400.95  0.285159  -0.0940094
2411.72  0.364216  -0.195238
2422.49  0.489451  -0.360815
2433.25  0.687539  -0.663109
2444.02  0.886833  -1.20995
2454.79  0.802795  -1.84076
2465.55  0.590774  -2.23558
2476.32  0.441856  -2.44597
2487.08  0.348525  -2.56871
2497.85  0.28738  -2.64846
2508.62  0.244978  -2.70485
2519.38  0.214127  -2.74736
2530.15  0.190806  -2.78102
2540.92  0.172636  -2.80871
2551.68  0.158134  -2.8322
2562.45  0.146332  -2.85263
2573.22  0.136573  -2.87075
2583.98  0.128399  -2.88711
2594.75  0.121477  -2.90207
2605.52  0.115565  -2.91593
2616.28  0.110478  -2.9289
2627.05  0.106076  -2.94113
2637.82  0.102249  -2.95275
2648.58  0.0989124  -2.96387
2659.35  0.0959957  -2.97455
2670.12  0.0934438  -2.98487
2680.88  0.0912116  -2.99488
2691.65  0.089262  -3.00463
2702.42  0.0875645  -3.01414
2713.18  0.0860936  -3.02346
2723.95  0.0848283  -3.0326
2734.72  0.0837509  -3.04159
2745.48  0.0828466  -3.05045
2756.25  0.0821032  -3.05921
2767.02  0.0815104  -3.06786
2777.78  0.0810598  -3.07643
2788.55  0.0807445  -3.08494
2799.32  0.0805588  -3.09338
2810.08  0.0804985  -3.10177
2820.85  0.0805601  -3.11012
2831.62  0.0807415  -3.11844
2842.38  0.0810413  -3.12673
2853.15  0.0814589  -3.13501
2863.92  0.0819948  3.13991
2874.68  0.0826501  3.13165
2885.45  0.0834269  3.12338
2896.22  0.0843278  3.1151
2906.98  0.0853567  3.10681
2917.75  0.0865181  3.09849
2928.52  0.0878175  3.09014
2939.28  0.0892614  3.08175
2950.05  0.0908575  3.07332
2960.82  0.0926145  3.06483
2971.58  0.0945426  3.05629
2982.35  0.0966534  3.04767
2993.12  0.0989601  3.03898
3003.88  0.101478  3.03019
3014.65  0.104224  3.02131
3025.42  0.107219  3.01232
3036.18  0.110484  3.0032
3046.95  0.114045  2.99394
3057.71  0.117933  2.98452
3068.48  0.122182  2.97493
3079.25  0.12683  2.96515
3090.01  0.131924  2.95514
3100.78  0.137517  2.94488
3111.55  0.143673  2.93434
3122.31  0.150464  2.92348
3133.08  0.157977  2.91225
3143.85  0.166319  2.90061
3154.61  0.175612  2.88849
3165.38  0.18601  2.8758
3176.15  0.197697  2.86247
3186.91  0.210902  2.84837
3197.68  0.225911  2.83337
3208.45  0.243082  2.81727
3219.21  0.262877  2.79986
3229.98  0.285894  2.78082
3240.75  0.31292  2.75978
3251.51  0.345018  2.73617
3262.28  0.383645  2.70927
3273.05  0.430852  2.67802
3283.81  0.489602  2.64087
3294.58  0.564299  2.59545
3305.35  0.661686  2.53802
3316.11  0.792338  2.46236
3326.88  0.972849  2.35759
3337.65  1.22696  2.20402
3348.41  1.57232  1.96733
3359.18  1.94046  1.60621
3369.95  2.06051  1.14698
3380.71  1.8189  0.735811
3391.48  1.48476  0.453673
3402.25  1.21492  0.272045
3413.01  1.01958  0.150711
3423.78  0.878637  0.0648243
3434.55  0.774703  0.000658875
3445.31  0.696119  -0.0495089
3456.08  0.635369  -0.0902344
3466.85  0.587549  -0.124339
3477.61  0.549381  -0.153652
3488.38  0.518621  -0.179402
3499.15  0.493688  -0.20245
3509.91  0.473453  -0.223413
3520.68  0.457091  -0.242746
3531.45  0.443993  -0.260796
3542.21  0.433711  -0.277831
3552.98  0.42591  -0.294066
3563.75  0.420349  -0.309676
3574.51  0.416858  -0.324806
3585.28  0.415327  -0.339583
3596.04  0.415698  -0.35412
3606.81  0.417962  -0.368522
3617.58  0.422159  -0.382889
3628.34  0.428376  -0.397323
3639.11  0.436756  -0.411928
3649.88  0.447504  -0.42682
3660.64  0.460906  -0.442129
3671.41  0.47734  -0.458008
3682.18  0.497315  -0.474644
3692.94  0.521511  -0.492268
3703.71  0.550842  -0.511182
3714.48  0.586561  -0.531786
3725.24  0.630412  -0.55463
3736.01  0.684889  -0.580491
3746.78  0.753658  -0.610515
3757.54  0.842306  -0.646461
3768.31  0.959712  -0.691173
3779.08  1.12069  -0.749535
3789.84  1.35128  -0.830593
3800.61  1.69884  -0.952639
3811.38  2.2431  -1.15585
3822.14  3.01476  -1.52445
3832.91  3.42169  -2.11553
3843.68  2.7797  -2.66833
3854.44  2.01646  -2.99266
3865.21  1.51073  3.10985
3875.98  1.18801  2.99905
3886.74  0.971849  2.92422
3897.51  0.819302  2.86974
3908.28  0.706843  2.82772
3919.04  0.620988  2.79382
3929.81  0.553582  2.7655
3940.58  0.499453  2.74116
3951.34  0.455176  2.71976
3962.11  0.418403  2.70059
3972.88  0.387472  2.68314
3983.64  0.361179  2.66704
3994.41  0.338631  2.65203
4005.18  0.319149  2.63791
4015.94  0.302215  2.6245
4026.71  0.287421  2.6117
4037.48  0.274446  2.59938
4048.24  0.263034  2.58749
4059.01  0.252977  2.57593
4069.78  0.244107  2.56467
4080.54  0.236287  2.55365
4091.31  0.229403  2.54282
4102.08  0.223364  2.53216
4112.84  0.218092  2.52163
4123.61  0.213526  2.51119
4134.38  0.209615  2.50083
4145.14  0.206318  2.49051
4155.91  0.203606  2.48021
4166.67  0.201455  2.46991
4177.44  0.199851  2.45957
4188.21  0.198786  2.44918
4198.97  0.198261  2.4387
4209.74  0.198283  2.42811
4220.51  0.19887  2.41736
4231.27  0.200047  2.40643
4242.04  0.201851  2.39527
4252.81  0.20433  2.38383
4263.57  0.207549  2.37206
4274.34  0.211589  2.35987
4285.11  0.216556  2.3472
4295.87  0.222584  2.33394
4306.64  0.229849  2.31994
4317.41  0.238576  2.30506
4328.17  0.249063  2.28907
4338.94  0.261705  2.27169
4349.71  0.27704  2.25253
4360.47  0.295814  2.23106
4371.24  0.31909  2.20652
4382.01  0.348426  2.17777
4392.77  0.38619  2.14308
4403.54  0.436145  2.09963
4414.31  0.504555  2.04258
4425.07  0.602401  1.96296
4435.84  0.749627  1.84259
4446.61  0.979642  1.6415
4457.37  1.30445  1.27523
4468.14  1.46866  0.683899
4478.91  1.17934  0.128337
4489.67  0.843603  -0.19687
4500.44  0.623114  -0.377224
4511.21  0.483064  -0.487361
4521.97  0.389489  -0.561419
4532.74  0.323528  -0.615115
4543.51  0.274914  -0.656355
4554.27  0.237784  -0.689472
4565.04  0.208599  -0.717015
4575.81  0.185121  -0.740578
4586.57  0.165867  -0.761202
4597.34  0.149822  -0.779597
4608.11  0.13627  -0.79626
4618.87  0.12469  -0.811553
4629.64  0.114694  -0.825743
4640.41  0.105991  -0.839032
4651.17  0.0983536  -0.851576
4661.94  0.0916064  -0.863497
4672.71  0.085609  -0.874892
4683.47  0.0802487  -0.885839
4694.24  0.0754342  -0.8964
4705  0.0710904  -0.906628
4715.77  0.0671553  -0.916565
4726.54  0.0635771  -0.926249
4737.3  0.0603122  -0.935709
4748.07  0.0573237  -0.944971
4758.84  0.0545803  -0.954058
4769.6  0.052055  -0.962987
4780.37  0.0497245  -0.971777
4791.14  0.0475689  -0.98044
4801.9  0.0455705  -0.98899
4812.67  0.0437141  -0.997438
4823.44  0.0419863  -1.00579
4834.2  0.0403752  -1.01406
4844.97  0.0388704  -1.02226
4855.74  0.0374626  -1.03038
4866.5  0.0361434  -1.03844
4877.27  0.0349056  -1.04645
4888.04  0.0337425  -1.0544
4898.8  0.0326482  -1.0623
4909.57  0.0316174  -1.07016
4920.34  0.0306451  -1.07798
4931.1  0.029727  -1.08576
4941.87  0.0288592  -1.0935
4952.64  0.0280381  -1.10122
4963.4  0.0272604  -1.10891
4974.17  0.026523  -1.11657
4984.94  0.0258233  -1.12421
4995.7  0.0251587  -1.13183
5006.47  0.024527  -1.13942
5017.24  0.023926  -1.147
5028  0.0233537  -1.15457
5038.77  0.0228084  -1.16212
5049.54  0.0222884  -1.16966
5060.3  0.0217921  -1.17719
5071.07  0.0213181  -1.18471
5081.84  0.0208651  -1.19222
5092.6  0.0204319  -1.19972
5103.37  0.0200172  -1.20722
5114.14  0.0196201  -1.21471
5124.9  0.0192395  -1.2222
5135.67  0.0188744  -1.22969
5146.44  0.018524  -1.23718
5157.2  0.0181875  -1.24467
5167.97  0.017864  -1.25216
5178.74  0.0175527  -1.25965
5189.5  0.0172531  -1.26714
5200.27  0.0169644  -1.27464
5211.04  0.016686  -1.28214
5221.8  0.0164173  -1.28964
5232.57  0.0161576  -1.29716
5243.33  0.0159065  -1.30468
5254.1  0.0156634  -1.3122
5264.87  0.0154277  -1.31974
5275.63  0.015199  -1.32729
5286.4  0.0149768  -1.33485
5297.17  0.0147606  -1.34241
5307.93  0.0145498  -1.34999
5318.7  0.0143441  -1.35759
5329.47  0.014143  -1.36519
5340.23  0.0139459  -1.37282
5351  0.0137525  -1.38045
5361.77  0.0135623  -1.3881
5372.53  0.0133747  -1.39577
5383.3  0.0131893  -1.40346
5394.07  0.0130056  -1.41116
5404.83  0.0128231  -1.41888
5415.6  0.0126413  -1.42662
5426.37  0.0124595  -1.43437
5437.13  0.0122772  -1.44215
5447.9  0.0120939  -1.44994
5458.67  0.0119087  -1.45776
5469.43  0.0117212  -1.46559
5480.2  0.0115304  -1.47344
5490.97  0.0113357  -1.48131
5501.73  0.0111362  -1.48919
5512.5  0.0109309  -1.49709
5523.27  0.010719  -1.50499
5534.03  0.0104992  -1.51291
5544.8  0.0102704  -1.52082
5555.57  0.0100313  -1.52872
5566.33  0.00978051  -1.53657
5577.1  0.0095168  -1.5443
5587.87  0.00924079  -1.55202
5598.63  0.00894684  -1.56001
5609.4  0.00863247  -1.56785
5620.17  0.00829688  -1.57551
5630.93  0.00793757  -1.583
5641.7  0.0075516  -1.59026
5652.47  0.00713566  -1.59721
5663.23  0.00668605  -1.60373
5674  0.00619858  -1.6096
5684.77  0.00566855  -1.61452
5695.53  0.00509059  -1.61795
5706.3  0.00445867  -1.61896
5717.07  0.00376596  -1.61567
5727.83  0.00300495  -1.60387
5738.6  0.00216814  -1.57163
5749.37  0.00125312  -1.4679
5760.13  0.000374576  -0.649514
5770.9  0.00104143  1.0542
5781.67  0.00230431  1.22263
5792.43  0.0037473  1.26581
5803.2  0.00538068  1.27929
5813.96  0.00723429  1.28077
5824.73  0.00934836  1.27573
5835.5  0.0117755  1.26615
5846.26  0.0145853  1.25253
5857.03  0.0178735  1.23419
5867.8  0.0217727  1.20876
5878.56  0.0264484  1.16999
5889.33  0.0318893  1.10246
5900.1  0.0364185  0.99106
5910.86  0.0372522  0.953444
5921.63  0.0414696  1.03463
5932.4  0.0499669  1.07481
5943.16  0.0607779  1.07667
5953.93  0.0738977  1.06014
5964.7  0.090012  1.03264
5975.46  0.110207  0.996008
5986.23  0.136082  0.949452
5997  0.170045  0.89022
6007.76  0.215811  0.813128
6018.53  0.279133  0.709101
6029.3  0.368371  0.562343
6040.06  0.491899  0.346714
6050.83  0.640395  0.0301922
6061.6  0.748586  -0.381298
6072.36  0.74432  -0.788999
6083.13  0.669056  -1.09952
6093.9  0.589252  -1.3121
6104.66  0.526473  -1.45917
6115.43  0.480902  -1.56621
6126.2  0.448712  -1.64861
6136.96  0.426495  -1.71538
6147.73  0.41183  -1.77198
6158.5  0.403093  -1.82186
6169.26  0.399222  -1.86735
6180.03  0.399547  -1.91008
6190.8  0.403675  -1.9513
6201.56  0.411424  -1.99201
6212.33  0.422781  -2.0331
6223.1  0.43788  -2.07541
6233.86  0.457  -2.1198
6244.63  0.480558  -2.16722
6255.4  0.509121  -2.21877
6266.16  0.543407  -2.27575
6276.93  0.584268  -2.33981
6287.7  0.632631  -2.41298
6298.46  0.689337  -2.49782
6309.23  0.754754  -2.59744
6320  0.828025  -2.71541
6330.76  0.905767  -2.8552
6341.53  0.980466  -3.0189
6352.29  1.0399  3.07814
6363.06  1.07015  2.87674
6373.83  1.06293  2.67258
6384.59  1.02125  2.47929
6395.36  0.957099  2.30652
6406.13  0.883878  2.15794
6416.89  0.811244  2.03263
6427.66  0.744325  1.92751
6438.43  0.685046  1.83899
6449.19  0.633582  1.76378
6459.96  0.589329  1.69915
6470.73  0.55142  1.64294
6481.49  0.518972  1.59345
6492.26  0.491184  1.54936
6503.03  0.467367  1.50965
6513.79  0.446944  1.47351
6524.56  0.42944  1.4403
6535.33  0.414463  1.4095
6546.09  0.401696  1.38071
6556.86  0.390878  1.35359
6567.63  0.3818  1.32784
6578.39  0.374291  1.30324
6589.16  0.368216  1.27958
6599.93  0.363467  1.25668
6610.69  0.359963  1.23439
6621.46  0.357642  1.21257
6632.23  0.356465  1.19108
6642.99  0.35641  1.16981
6653.76  0.357472  1.14863
6664.53  0.359663  1.12744
6675.29  0.363015  1.1061
6686.06  0.367577  1.08451
6696.83  0.373422  1.06252
6707.59  0.380642  1.03999
6718.36  0.38936  1.01675
6729.13  0.399731  0.992633
6739.89  0.411948  0.967405
6750.66  0.426252  0.940811
6761.43  0.442943  0.912541
6772.19  0.462395  0.882208
6782.96  0.485073  0.849337
6793.73  0.511562  0.813321
6804.49  0.542592  0.773381
6815.26  0.579077  0.728504
6826.03  0.62215  0.677348
6836.79  0.673188  0.618115
6847.56  0.733785  0.548377
6858.33  0.805575  0.464847
6869.09  0.889685  0.363127
6879.86  0.985313  0.237599
6890.63  1.08655  0.0819971
6901.39  1.1767  -0.107456
6912.16  1.22796  -0.321315
6922.92  1.23607  -0.538595
6933.69  1.20193  -0.760619
6944.46  1.11945  -0.970062
6955.22  1.01205  -1.14989
6965.99  0.90263  -1.29748
6976.76  0.802877  -1.41699
6987.52  0.716442  -1.51412
6998.29  0.643116  -1.594
7009.06  0.581304  -1.66068
7019.82  0.529146  -1.71723
7030.59  0.484934  -1.76591
7041.36  0.44723  -1.80842
7052.12  0.414867  -1.84602
7062.89  0.386907  -1.87966
7073.66  0.362603  -1.91009
7084.42  0.341358  -1.93787
7095.19  0.322692  -1.96345
7105.96  0.306218  -1.98719
7116.72  0.291619  -2.00936
7127.49  0.27864  -2.03022
7138.26  0.267066  -2.04994
7149.02  0.256724  -2.06869
7159.79  0.247465  -2.0866
7170.56  0.239169  -2.10378
7181.32  0.231732  -2.12034
7192.09  0.225068  -2.13635
7202.86  0.219104  -2.15189
7213.62  0.213778  -2.16702
7224.39  0.20904  -2.1818
7235.16  0.204846  -2.19629
7245.92  0.20116  -2.21053
7256.69  0.197953  -2.22457
7267.46  0.195201  -2.23845
7278.22  0.192887  -2.25222
7288.99  0.190999  -2.26591
7299.76  0.189529  -2.27958
7310.52  0.188475  -2.29325
7321.29  0.18784  -2.307
7332.06  0.187633  -2.32085
7342.82  0.187869  -2.33488
7353.59  0.188573  -2.34915
7364.36  0.189774  -2.36374
7375.12  0.191516  -2.37874
7385.89  0.193853  -2.39426
7396.66  0.196856  -2.41043
7407.42  0.200619  -2.42743
7418.19  0.205261  -2.44548
7428.96  0.210939  -2.46485
7439.72  0.217863  -2.48593
7450.49  0.226312  -2.50921
7461.25  0.236668  -2.53541
7472.02  0.249463  -2.56554
7482.79  0.265453  -2.60107
7493.55  0.285737  -2.64427
7504.32  0.311947  -2.69872
7515.09  0.346521  -2.77037
7525.85  0.392981  -2.86957
7536.62  0.455468  -3.01489
7547.39  0.53368  3.04486
7558.15  0.601399  2.70451
7568.92  0.58614  2.26774
7579.69  0.473512  1.86983
7590.45  0.348471  1.59773
7601.22  0.253108  1.43085
7611.99  0.185744  1.33193
7622.75  0.137633  1.2785
7633.52  0.102207  1.26094
7644.29  0.0753438  1.27927
7655.05  0.0545746  1.34408
7665.82  0.0385893  1.48346
7676.59  0.0271728  1.75519
7687.35  0.0214255  2.21246
7698.12  0.022253  2.71361
7708.89  0.027462  3.04919
7719.65  0.0343679  -3.04765
7730.42  0.041774  -2.9429
7741.19  0.0492999  -2.88134
7751.95  0.0568608  -2.84417
7762.72  0.0644793  -2.82182
7773.49  0.0722212  -2.80909
7784.25  0.0801736  -2.80298
7795.02  0.0884379  -2.80168
7805.79  0.0971294  -2.80404
7816.55  0.10638  -2.80937
7827.32  0.116342  -2.81721
7838.09  0.1272  -2.82731
7848.85  0.139175  -2.83959
7859.62  0.152542  -2.85405
7870.39  0.167653  -2.87086
7881.15  0.184961  -2.8903
7891.92  0.205069  -2.91282
7902.69  0.228793  -2.93911
7913.45  0.257266  -2.97019
7924.22  0.292104  -3.00759
7934.99  0.33567  -3.05362
7945.75  0.391505  -3.11198
7956.52  0.465004  3.09448
7967.29  0.564255  2.98908
7978.05  0.699889  2.83697
7988.82  0.877332  2.60839
7999.58  1.06023  2.26991
8010.35  1.1247  1.84281
8021.12  1.00933  1.44649
8031.88  0.832359  1.16156
8042.65  0.681165  0.97316
8053.42  0.568726  0.845302
8064.18  0.485611  0.752671
8074.95  0.422707  0.683165
8085.72  0.374266  0.629239
8096.48  0.33618  0.585792
8107.25  0.305615  0.549652
8118.02  0.280641  0.518795
8128.78  0.25992  0.491872
8139.55  0.242504  0.467952
8150.32  0.227705  0.446369
8161.08  0.215017  0.426635
8171.85  0.204057  0.408383
8182.62  0.194533  0.391331
8193.38  0.186219  0.375256
8204.15  0.178939  0.359979
8214.92  0.172556  0.34535
8225.68  0.166961  0.331238
8236.45  0.162071  0.317525
8247.22  0.157821  0.304098
8257.98  0.154167  0.290834
8268.75  0.151082  0.277596
8279.52  0.148557  0.264209
8290.28  0.146605  0.250434
8301.05  0.145265  0.235914
8311.82  0.144617  0.220087
8322.58  0.144793  0.201995
8333.35  0.146013  0.179905
8344.12  0.148618  0.150447
8354.88  0.153084  0.106574
8365.65  0.159699  0.0326486
8376.42  0.166171  -0.104403
8387.18  0.158457  -0.335492
8397.95  0.12156  -0.517662
8408.72  0.0905335  -0.433712
8419.48  0.0814515  -0.251642
8430.25  0.0816258  -0.128098
8441.02  0.0838546  -0.0609671
8451.78  0.086175  -0.0255182
8462.55  0.0881998  -0.00712015
8473.32  0.0899197  0.00165243
8484.08  0.0914012  0.00466746
8494.85  0.0927154  0.0040422
8505.62  0.0939211  0.000995081
8516.38  0.0950645  -0.00373622
8527.15  0.0961815  -0.00968585
8537.92  0.0973004  -0.0165494
8548.68  0.0984441  -0.0241226
8559.45  0.0996315  -0.0322655
8570.21  0.100879  -0.0408809
8580.98  0.102201  -0.0499012
8591.75  0.103612  -0.0592797
8602.51  0.105123  -0.0689849
8613.28  0.106749  -0.0789967
8624.05  0.108501  -0.0893046
8634.81  0.110395  -0.0999051
8645.58  0.112444  -0.110802
8656.35  0.114666  -0.122003
8667.11  0.117078  -0.133525
8677.88  0.119699  -0.145386
8688.65  0.122554  -0.157615
8699.41  0.125668  -0.170243
8710.18  0.129071  -0.183312
8720.95  0.132798  -0.196871
8731.71  0.13689  -0.210979
8742.48  0.141395  -0.225709
8753.25  0.146372  -0.241147
8764.01  0.151889  -0.257401
8774.78  0.158029  -0.274602
8785.55  0.164895  -0.292912
8796.31  0.172612  -0.312533
8807.08  0.181336  -0.333722
8817.85  0.191266  -0.356806
8828.61  0.202652  -0.382213
8839.38  0.21582  -0.410503
8850.15  0.231196  -0.442432
8860.91  0.249343  -0.479031
8871.68  0.271017  -0.521747
8882.45  0.297242  -0.57265
8893.21  0.329392  -0.634778
8903.98  0.369269  -0.712688
8914.75  0.419005  -0.813311
8925.51  0.48031  -0.947078
8936.28  0.551638  -1.12844
8947.05  0.62095  -1.372
8957.81  0.658157  -1.67632
8968.58  0.63309  -2.00246
8979.35  0.556247  -2.29249
8990.11  0.465271  -2.51787
9000.88  0.383882  -2.68367
9011.65  0.31784  -2.8053
9022.41  0.265551  -2.89617
9033.18  0.22398  -2.96555
9043.95  0.190443  -3.01949
9054.71  0.1629  -3.06186
9065.48  0.139864  -3.09505
9076.25  0.12026  -3.12051
9087.01  0.103302  -3.13889
9097.78  0.0884106  3.133
9108.54  0.0751552  3.12956
9119.31  0.0632121  3.13576
9130.08  0.0523437  -3.12809
9140.84  0.0423895  -3.08898
9151.61  0.0332806  -3.01692
9162.38  0.0251071  -2.88394
9173.14  0.0183395  -2.62944
9183.91  0.0143696  -2.16559
9194.68  0.0151503  -1.5968
9205.44  0.0200167  -1.21048
9216.21  0.0268472  -1.00629
9226.98  0.0345839  -0.897048
9237.74  0.0428718  -0.835799
9248.51  0.051611  -0.800973
9259.28  0.0607981  -0.782045
9270.04  0.0704731  -0.773449
9280.81  0.0807003  -0.772031
9291.58  0.0915611  -0.775906
9302.34  0.103152  -0.783908
9313.11  0.115586  -0.795304
9323.88  0.128991  -0.809637
9334.64  0.143516  -0.82664
9345.41  0.159335  -0.846182
9356.18  0.176646  -0.86824
9366.94  0.195684  -0.892884
9377.71  0.216722  -0.920275
9388.48  0.240081  -0.95066
9399.24  0.266138  -0.984393
9410.01  0.295335  -1.02195
9420.78  0.328186  -1.06395
9431.54  0.365282  -1.11125
9442.31  0.407269  -1.16496
9453.08  0.454791  -1.22661
9463.84  0.508291  -1.29837
9474.61  0.567462  -1.38316
9485.38  0.62971  -1.48459
9496.14  0.686654  -1.6038
9506.91  0.72278  -1.72618
9517.68  0.741896  -1.81048
9528.44  0.788709  -1.86062
9539.21  0.870016  -1.93618
9549.98  0.956847  -2.04848
9560.74  1.03069  -2.1821
9571.51  1.08411  -2.32366
9582.28  1.11567  -2.46413
9593.04  1.12765  -2.59766
9603.81  1.12445  -2.72086
9614.58  1.11102  -2.83233
9625.34  1.09176  -2.93205
9636.11  1.07004  -3.02083
9646.88  1.04821  -3.09984
9657.64  1.02776  3.1128
9668.41  1.00959  3.04951
9679.17  0.99418  2.99236
9689.94  0.981783  2.94038
9700.71  0.972496  2.89276
9711.47  0.966337  2.84879
9722.24  0.963294  2.80789
9733.01  0.963347  2.76956
9743.77  0.96649  2.73337
9754.54  0.972735  2.69897
9765.31  0.982129  2.66603
9776.07  0.99475  2.63428
9786.84  1.01072  2.60347
9797.61  1.03021  2.57339
9808.37  1.05344  2.5438
9819.14  1.0807  2.51453
9829.91  1.11233  2.48537
9840.67  1.14877  2.45613
9851.44  1.19056  2.4266
9862.21  1.23836  2.39657
9872.97  1.29296  2.36579
9883.74  1.35536  2.334
9894.51  1.42675  2.30089
9905.27  1.50862  2.26608
9916.04  1.60283  2.22914
9926.81  1.71167  2.18951
9937.57  1.83802  2.1465
9948.34  1.98548  2.09922
9959.11  2.15855  2.04654
9969.87  2.36283  1.98694
9980.64  2.60505  1.91842
9991.41  2.89289  1.83832
