0	nan	nan
10.7666	0.00326368	1.64497
21.5332	0.00683746	1.59341
32.2998	0.0105457	1.55051
43.0664	0.0143929	1.51073
53.833	0.018404	1.47235
64.5996	0.0226147	1.4346
75.3662	0.0270701	1.39701
86.1328	0.0318265	1.35923
96.8994	0.0369528	1.32093
107.666	0.0425347	1.28174
118.433	0.048679	1.24123
129.199	0.0555198	1.19886
139.966	0.0632266	1.15392
150.732	0.0720158	1.10552
161.499	0.082164	1.05246
172.266	0.0940256	0.993164
183.032	0.10805	0.925458
193.799	0.124786	0.846398
204.565	0.144857	0.751958
215.332	0.168807	0.636778
226.099	0.196694	0.494212
236.865	0.227167	0.317533
247.632	0.25612	0.103735
258.398	0.276485	-0.139867
269.165	0.281944	-0.392152
279.932	0.272438	-0.626817
290.698	0.253772	-0.826922
301.465	0.232261	-0.989216
312.231	0.211692	-1.11852
322.998	0.193559	-1.22177
333.765	0.178137	-1.30524
344.531	0.165208	-1.37381
355.298	0.15442	-1.43112
366.064	0.145419	-1.47979
376.831	0.137902	-1.52178
387.598	0.13162	-1.5585
398.364	0.126374	-1.59104
409.131	0.122007	-1.6202
419.897	0.118396	-1.64661
430.664	0.115446	-1.67077
441.431	0.113081	-1.69307
452.197	0.111245	-1.71383
462.964	0.109895	-1.7333
473.73	0.109001	-1.75172
484.497	0.108542	-1.76925
495.264	0.108511	-1.78606
506.03	0.108905	-1.80229
516.797	0.109735	-1.81808
527.563	0.111019	-1.83353
538.33	0.112787	-1.84878
549.097	0.115082	-1.86392
559.863	0.117964	-1.87909
570.63	0.121511	-1.89442
581.396	0.125826	-1.91006
592.163	0.131048	-1.92618
602.93	0.13736	-1.94301
613.696	0.145012	-1.96081
624.463	0.154347	-1.97996
635.229	0.165848	-2.00096
645.996	0.180215	-2.02453
656.763	0.198496	-2.05173
667.529	0.22233	-2.08422
678.296	0.254407	-2.12479
689.062	0.299437	-2.17837
699.829	0.366291	-2.25465
710.596	0.473027	-2.37496
721.362	0.656545	-2.59332
732.129	0.942468	-3.04801
742.896	0.996167	2.48013
753.662	0.692334	1.92946
764.429	0.472384	1.6659
775.195	0.346863	1.52714
785.962	0.270236	1.44248
796.729	0.219576	1.38484
807.495	0.183912	1.34238
818.262	0.157577	1.30924
829.028	0.137403	1.28221
839.795	0.121495	1.25941
850.562	0.108656	1.23965
861.328	0.0980947	1.22215
872.095	0.0892693	1.20637
882.861	0.0817949	1.19194
893.628	0.0753923	1.17858
904.395	0.0698533	1.1661
915.161	0.0650202	1.15433
925.928	0.0607712	1.14316
936.694	0.0570105	1.13248
947.461	0.0536623	1.12224
958.228	0.0506654	1.11235
968.994	0.04797	1.10279
979.761	0.0455353	1.09349
990.527	0.0433274	1.08444
1001.29	0.0413179	1.0756
1012.06	0.0394832	1.06694
1022.83	0.0378028	1.05845
1033.59	0.0362597	1.05011
1044.36	0.034839	1.04189
1055.13	0.033528	1.0338
1065.89	0.0323156	1.02582
1076.66	0.0311922	1.01793
1087.43	0.0301494	1.01014
1098.19	0.0291797	1.00242
1108.96	0.0282767	0.994773
1119.73	0.0274345	0.987194
1130.49	0.026648	0.979676
1141.26	0.0259128	0.972214
1152.03	0.0252247	0.964803
1162.79	0.02458	0.957439
1173.56	0.0239755	0.950118
1184.33	0.0234083	0.942837
1195.09	0.0228757	0.935591
1205.86	0.0223752	0.928379
1216.63	0.0219048	0.921198
1227.39	0.0214624	0.914045
1238.16	0.0210463	0.906918
1248.93	0.0206548	0.899815
1259.69	0.0202864	0.892734
1270.46	0.0199399	0.885673
1281.23	0.0196138	0.87863
1291.99	0.0193072	0.871604
1302.76	0.0190189	0.864593
1313.53	0.018748	0.857596
1324.29	0.0184937	0.850611
1335.06	0.0182551	0.843638
1345.83	0.0180315	0.836674
1356.59	0.0178222	0.82972
1367.36	0.0176266	0.822773
1378.12	0.0174442	0.815833
1388.89	0.0172744	0.808899
1399.66	0.0171168	0.80197
1410.42	0.0169708	0.795044
1421.19	0.0168362	0.788122
1431.96	0.0167125	0.781202
1442.72	0.0165994	0.774284
1453.49	0.0164967	0.767366
1464.26	0.016404	0.760447
1475.02	0.0163211	0.753528
1485.79	0.0162478	0.746607
1496.56	0.0161839	0.739684
1507.32	0.0161293	0.732757
1518.09	0.0160837	0.725827
1528.86	0.0160471	0.718892
1539.62	0.0160194	0.711951
1550.39	0.0160004	0.705005
1561.16	0.0159902	0.698051
1571.92	0.0159887	0.691091
1582.69	0.0159959	0.684121
1593.46	0.0160117	0.677143
1604.22	0.0160363	0.670155
1614.99	0.0160696	0.663157
1625.76	0.0161116	0.656147
1636.52	0.0161626	0.649125
1647.29	0.0162225	0.64209
1658.06	0.0162916	0.635041
1668.82	0.0163699	0.627978
1679.59	0.0164576	0.620899
1690.36	0.0165549	0.613803
1701.12	0.0166621	0.60669
1711.89	0.0167793	0.599559
1722.66	0.0169068	0.592408
1733.42	0.0170449	0.585236
1744.19	0.017194	0.578043
1754.96	0.0173544	0.570827
1765.72	0.0175265	0.563586
1776.49	0.0177107	0.55632
1787.26	0.0179075	0.549027
1798.02	0.0181173	0.541706
1808.79	0.0183408	0.534355
1819.56	0.0185785	0.526972
1830.32	0.0188311	0.519555
1841.09	0.0190992	0.512104
1851.86	0.0193837	0.504615
1862.62	0.0196853	0.497087
1873.39	0.0200051	0.489517
1884.16	0.0203438	0.481903
1894.92	0.0207027	0.474242
1905.69	0.0210829	0.466532
1916.46	0.0214856	0.458769
1927.22	0.0219122	0.45095
1937.99	0.0223643	0.443071
1948.75	0.0228434	0.43513
1959.52	0.0233515	0.42712
1970.29	0.0238905	0.419039
1981.05	0.0244626	0.41088
1991.82	0.0250701	0.402639
2002.59	0.0257158	0.39431
2013.35	0.0264026	0.385885
2024.12	0.0271337	0.377358
2034.89	0.0279127	0.36872
2045.65	0.0287437	0.359963
2056.42	0.0296312	0.351077
2067.19	0.0305801	0.342051
2077.95	0.0315961	0.332872
2088.72	0.0326855	0.323527
2099.49	0.0338555	0.314
2110.25	0.0351141	0.304274
2121.02	0.0364708	0.294327
2131.79	0.0379358	0.284139
2142.55	0.0395215	0.273682
2153.32	0.0412417	0.262926
2164.09	0.0431124	0.251837
2174.85	0.0451527	0.240375
2185.62	0.0473843	0.228491
2196.39	0.0498333	0.21613
2207.15	0.0525303	0.203226
2217.92	0.055512	0.1897
2228.69	0.0588225	0.175456
2239.45	0.0625154	0.160379
2250.22	0.0666561	0.144326
2260.99	0.0713257	0.127122
2271.75	0.0766254	0.108544
2282.52	0.0826834	0.0883113
2293.29	0.0896636	0.0660598
2304.05	0.0977794	0.0413131
2314.82	0.107312	0.0134346
2325.59	0.118639	-0.018443
2336.35	0.132274	-0.0555285
2347.12	0.148931	-0.0995488
2357.89	0.169612	-0.15304
2368.65	0.195733	-0.219833
2379.42	0.22926	-0.30587
2390.19	0.272686	-0.420505
2400.95	0.328201	-0.578145
2411.72	0.393926	-0.798132
2422.49	0.454451	-1.0943
2433.25	0.477358	-1.44439
2444.02	0.447444	-1.77945
2454.79	0.390056	-2.04525
2465.55	0.332703	-2.23819
2476.32	0.285225	-2.37681
2487.08	0.247989	-2.47887
2497.85	0.218973	-2.55659
2508.62	0.196139	-2.61778
2519.38	0.177904	-2.66743
2530.15	0.16312	-2.70877
2540.92	0.150964	-2.74398
2551.68	0.140843	-2.77455
2562.45	0.132325	-2.80153
2573.22	0.125089	-2.8257
2583.98	0.118893	-2.84762
2594.75	0.113552	-2.86772
2605.52	0.108924	-2.88633
2616.28	0.104895	-2.9037
2627.05	0.101378	-2.92004
2637.82	0.0983004	-2.93551
2648.58	0.0956041	-2.95024
2659.35	0.093242	-2.96434
2670.12	0.0911753	-2.9779
2680.88	0.0893717	-2.991
2691.65	0.0878046	-3.0037
2702.42	0.0864515	-3.01604
2713.18	0.0852939	-3.02809
2723.95	0.0843162	-3.03988
2734.72	0.0835052	-3.05144
2745.48	0.08285	-3.0628
2756.25	0.0823416	-3.074
2767.02	0.0819725	-3.08505
2777.78	0.0817367	-3.09599
2788.55	0.0816294	-3.10682
2799.32	0.0816469	-3.11756
2810.08	0.0817866	-3.12824
2820.85	0.0820467	-3.13887
2831.62	0.0824266	3.13372
2842.38	0.0829263	3.12315
2853.15	0.0835467	3.11259
2863.92	0.0842894	3.10202
2874.68	0.0851572	3.09143
2885.45	0.0861534	3.08082
2896.22	0.0872823	3.07015
2906.98	0.0885491	3.05944
2917.75	0.0899601	3.04864
2928.52	0.0915225	3.03777
2939.28	0.0932448	3.02679
2950.05	0.0951367	3.0157
2960.82	0.0972094	3.00448
2971.58	0.0994755	2.9931
2982.35	0.10195	2.98156
2993.12	0.104649	2.96983
3003.88	0.107591	2.95788
3014.65	0.110798	2.9457
3025.42	0.114295	2.93324
3036.18	0.11811	2.92049
3046.95	0.122275	2.90741
3057.71	0.126827	2.89395
3068.48	0.13181	2.88007
3079.25	0.137274	2.86572
3090.01	0.143275	2.85084
3100.78	0.149884	2.83535
3111.55	0.157178	2.81918
3122.31	0.165254	2.80222
3133.08	0.174222	2.78436
3143.85	0.184218	2.76547
3154.61	0.195403	2.74538
3165.38	0.207973	2.72388
3176.15	0.222169	2.70073
3186.91	0.238285	2.67562
3197.68	0.256688	2.64816
3208.45	0.277839	2.61786
3219.21	0.302314	2.58409
3229.98	0.330849	2.54603
3240.75	0.364379	2.50259
3251.51	0.404093	2.45232
3262.28	0.451482	2.39324
3273.05	0.50836	2.32269
3283.81	0.576748	2.23701
3294.58	0.658413	2.13135
3305.35	0.753576	1.99962
3316.11	0.858068	1.83544
3326.88	0.958989	1.63511
3337.65	1.03306	1.40339
3348.41	1.05678	1.1578
3359.18	1.0256	0.923238
3369.95	0.957456	0.718605
3380.71	0.87573	0.54998
3391.48	0.796011	0.414309
3402.25	0.725092	0.305298
3413.01	0.664586	0.21676
3423.78	0.613881	0.143683
3434.55	0.571664	0.0822836
3445.31	0.536564	0.0297773
3456.08	0.507373	-0.0158817
3466.85	0.483096	-0.0562079
3477.61	0.462932	-0.0923361
3488.38	0.446252	-0.12513
3499.15	0.432559	-0.155257
3509.91	0.421469	-0.183242
3520.68	0.412681	-0.209506
3531.45	0.405968	-0.23439
3542.21	0.401159	-0.258182
3552.98	0.398133	-0.281123
3563.75	0.396812	-0.303428
3574.51	0.397155	-0.325286
3585.28	0.39916	-0.346876
3596.04	0.402859	-0.368368
3606.81	0.408324	-0.389933
3617.58	0.415668	-0.411747
3628.34	0.425053	-0.434
3639.11	0.436696	-0.456903
3649.88	0.450886	-0.4807
3660.64	0.468	-0.505681
3671.41	0.488529	-0.532199
3682.18	0.513116	-0.560699
3692.94	0.542607	-0.591753
3703.71	0.578127	-0.626117
3714.48	0.62119	-0.664813
3725.24	0.673856	-0.709262
3736.01	0.738953	-0.761492
3746.78	0.820385	-0.824474
3757.54	0.923451	-0.902686
3768.31	1.0549	-1.003
3779.08	1.22154	-1.13593
3789.84	1.42362	-1.3166
3800.61	1.63503	-1.56169
3811.38	1.77522	-1.8733
3822.14	1.7465	-2.2131
3832.91	1.56237	-2.51762
3843.68	1.32898	-2.75401
3854.44	1.11799	-2.92757
3865.21	0.947789	-3.0553
3875.98	0.814669	3.13141
3886.74	0.710498	3.05619
3897.51	0.628037	2.99571
3908.28	0.5618	2.94572
3919.04	0.507811	2.9034
3929.81	0.463206	2.86682
3940.58	0.425907	2.83463
3951.34	0.394384	2.80585
3962.11	0.367496	2.77979
3972.88	0.344379	2.7559
3983.64	0.324369	2.73377
3994.41	0.306948	2.71309
4005.18	0.29171	2.69361
4015.94	0.278329	2.67513
4026.71	0.266546	2.65748
4037.48	0.256149	2.64053
4048.24	0.246966	2.62416
4059.01	0.238856	2.60828
4069.78	0.231701	2.59281
4080.54	0.225405	2.57766
4091.31	0.21989	2.56279
4102.08	0.21509	2.54812
4112.84	0.210952	2.53361
4123.61	0.207432	2.51921
4134.38	0.204497	2.50486
4145.14	0.202121	2.49052
4155.91	0.200287	2.47614
4166.67	0.198983	2.46167
4177.44	0.198206	2.44705
4188.21	0.197959	2.43225
4198.97	0.198254	2.41719
4209.74	0.199109	2.4018
4220.51	0.200554	2.38602
4231.27	0.202627	2.36976
4242.04	0.20538	2.35292
4252.81	0.208877	2.33538
4263.57	0.213203	2.31699
4274.34	0.218464	2.29759
4285.11	0.224794	2.27697
4295.87	0.232366	2.25485
4306.64	0.2414	2.2309
4317.41	0.252178	2.2047
4328.17	0.265072	2.17566
4338.94	0.28057	2.14302
4349.71	0.299324	2.10575
4360.47	0.322217	2.06237
4371.24	0.350445	2.01081
4382.01	0.385636	1.948
4392.77	0.429944	1.86933
4403.54	0.485969	1.76777
4414.31	0.555932	1.63269
4425.07	0.6384	1.44927
4435.84	0.719682	1.20236
4446.61	0.764435	0.893329
4457.37	0.736825	0.562387
4468.14	0.649392	0.268969
4478.91	0.546361	0.0413916
4489.67	0.455001	-0.126341
4500.44	0.381624	-0.250259
4511.21	0.324207	-0.344066
4521.97	0.279186	-0.41724
4532.74	0.243453	-0.476007
4543.51	0.214666	-0.524457
4554.27	0.191126	-0.56533
4565.04	0.171605	-0.600504
4575.81	0.155214	-0.631297
4586.57	0.141293	-0.65866
4597.34	0.129352	-0.683291
4608.11	0.119017	-0.705712
4618.87	0.110001	-0.726323
4629.64	0.102079	-0.745434
4640.41	0.0950734	-0.763288
4651.17	0.0888424	-0.780078
4661.94	0.0832711	-0.795962
4672.71	0.078266	-0.811066
4683.47	0.0737499	-0.825496
4694.24	0.0696587	-0.839338
4705	0.065939	-0.852665
4715.77	0.0625455	-0.865539
4726.54	0.05944	-0.878012
4737.3	0.0565897	-0.890128
4748.07	0.0539668	-0.901926
4758.84	0.051547	-0.913439
4769.6	0.0493094	-0.924696
4780.37	0.0472357	-0.935723
4791.14	0.04531	-0.94654
4801.9	0.0435182	-0.957169
4812.67	0.0418481	-0.967626
4823.44	0.0402888	-0.977927
4834.2	0.0388304	-0.988086
4844.97	0.0374645	-0.998114
4855.74	0.0361833	-1.00802
4866.5	0.0349798	-1.01782
4877.27	0.033848	-1.02752
4888.04	0.0327823	-1.03713
4898.8	0.0317775	-1.04666
4909.57	0.0308292	-1.05611
4920.34	0.0299332	-1.06548
4931.1	0.0290858	-1.07479
4941.87	0.0282835	-1.08405
4952.64	0.0275233	-1.09324
4963.4	0.0268023	-1.10239
4974.17	0.0261178	-1.11149
4984.94	0.0254675	-1.12055
4995.7	0.0248492	-1.12957
5006.47	0.0242609	-1.13855
5017.24	0.0237006	-1.14751
5028	0.0231666	-1.15643
5038.77	0.0226574	-1.16533
5049.54	0.0221715	-1.17421
5060.3	0.0217075	-1.18307
5071.07	0.0212641	-1.19191
5081.84	0.02084	-1.20073
5092.6	0.0204343	-1.20954
5103.37	0.0200459	-1.21834
5114.14	0.0196737	-1.22713
5124.9	0.0193169	-1.23592
5135.67	0.0189746	-1.24469
5146.44	0.0186461	-1.25347
5157.2	0.0183304	-1.26225
5167.97	0.018027	-1.27102
5178.74	0.0177351	-1.2798
5189.5	0.0174541	-1.28858
5200.27	0.0171833	-1.29737
5211.04	0.0169222	-1.30617
5221.8	0.0166703	-1.31497
5232.57	0.0164268	-1.32379
5243.33	0.0161914	-1.33261
5254.1	0.0159636	-1.34146
5264.87	0.0157427	-1.35031
5275.63	0.0155284	-1.35919
5286.4	0.0153202	-1.36808
5297.17	0.0151176	-1.37699
5307.93	0.0149201	-1.38592
5318.7	0.0147273	-1.39488
5329.47	0.0145387	-1.40386
5340.23	0.0143539	-1.41286
5351	0.0141724	-1.4219
5361.77	0.0139938	-1.43096
5372.53	0.0138175	-1.44005
5383.3	0.013643	-1.44917
5394.07	0.0134699	-1.45832
5404.83	0.0132976	-1.4675
5415.6	0.0131256	-1.47672
5426.37	0.0129533	-1.48597
5437.13	0.01278	-1.49526
5447.9	0.0126051	-1.50458
5458.67	0.012428	-1.51394
5469.43	0.0122479	-1.52333
5480.2	0.0120639	-1.53276
5490.97	0.0118753	-1.54221
5501.73	0.0116811	-1.5517
5512.5	0.0114804	-1.5612
5523.27	0.0112719	-1.57073
5534.03	0.0110545	-1.58027
5544.8	0.010827	-1.5898
5555.57	0.010588	-1.5993
5566.33	0.0103361	-1.60877
5577.1	0.0100697	-1.61824
5587.87	0.00978624	-1.62771
5598.63	0.00948316	-1.63708
5609.4	0.00915835	-1.64628
5620.17	0.00880928	-1.65525
5630.93	0.00843294	-1.6639
5641.7	0.00802593	-1.6721
5652.47	0.00758442	-1.67968
5663.23	0.00710408	-1.68634
5674	0.00658	-1.69166
5684.77	0.00600669	-1.69495
5695.53	0.00537798	-1.69504
5706.3	0.00468705	-1.68981
5717.07	0.00392672	-1.67494
5727.83	0.0030905	-1.64031
5738.6	0.00217768	-1.55587
5749.37	0.00122713	-1.28714
5760.13	0.000734293	-0.0994433
5770.9	0.00167043	0.760929
5781.67	0.00309048	0.949045
5792.43	0.00475271	1.01032
5803.2	0.00665813	1.03119
5813.96	0.00883936	1.03333
5824.73	0.0113424	1.02412
5835.5	0.0142228	1.00619
5846.26	0.0175395	0.979937
5857.03	0.0213311	0.944433
5867.8	0.0255494	0.8988
5878.56	0.0299581	0.846858
5889.33	0.0343143	0.804348
5900.1	0.0391466	0.786511
5910.86	0.0455461	0.780939
5921.63	0.0540188	0.767304
5932.4	0.0646957	0.738977
5943.16	0.0778376	0.696302
5953.93	0.0939339	0.639891
5964.7	0.113678	0.568996
5975.46	0.137915	0.48143
5986.23	0.167515	0.373729
5997	0.203014	0.241516
6007.76	0.243862	0.0805722
6018.53	0.287243	-0.110715
6029.3	0.327375	-0.327578
6040.06	0.357226	-0.556551
6050.83	0.372794	-0.779121
6061.6	0.375559	-0.980119
6072.36	0.370311	-1.15292
6083.13	0.361727	-1.2982
6093.9	0.352886	-1.4201
6104.66	0.3454	-1.52353
6115.43	0.33997	-1.61285
6126.2	0.33683	-1.69162
6136.96	0.336013	-1.76263
6147.73	0.337481	-1.82805
6158.5	0.341191	-1.88961
6169.26	0.347127	-1.94873
6180.03	0.355307	-2.00659
6190.8	0.365788	-2.06425
6201.56	0.378665	-2.12269
6212.33	0.394069	-2.18287
6223.1	0.412151	-2.24577
6233.86	0.433071	-2.31243
6244.63	0.456963	-2.38395
6255.4	0.483887	-2.46153
6266.16	0.513749	-2.54647
6276.93	0.546178	-2.64006
6287.7	0.580367	-2.74351
6298.46	0.614894	-2.85773
6309.23	0.647601	-2.98293
6320	0.675663	-3.11832
6330.76	0.696001	3.02148
6341.53	0.706054	2.87365
6352.29	0.704625	2.72585
6363.06	0.692314	2.5826
6373.83	0.671249	2.4476
6384.59	0.644309	2.3232
6395.36	0.614318	2.21041
6406.13	0.583549	2.1091
6416.89	0.553581	2.01853
6427.66	0.525375	1.93757
6438.43	0.499423	1.86501
6449.19	0.475913	1.79971
6459.96	0.454843	1.74059
6470.73	0.436107	1.68672
6481.49	0.419549	1.63732
6492.26	0.404996	1.5917
6503.03	0.392278	1.54927
6513.79	0.381234	1.50957
6524.56	0.37172	1.47216
6535.33	0.363611	1.43669
6546.09	0.356796	1.40285
6556.86	0.351186	1.37038
6567.63	0.346704	1.33903
6578.39	0.343292	1.30861
6589.16	0.340903	1.2789
6599.93	0.339504	1.24975
6610.69	0.339075	1.22097
6621.46	0.339609	1.19242
6632.23	0.341111	1.16394
6642.99	0.343597	1.13537
6653.76	0.347097	1.10654
6664.53	0.351656	1.0773
6675.29	0.357331	1.04746
6686.06	0.364197	1.01683
6696.83	0.372348	0.985179
6707.59	0.381896	0.952269
6718.36	0.392979	0.917814
6729.13	0.405758	0.88148
6739.89	0.420426	0.842879
6750.66	0.437203	0.801544
6761.43	0.456344	0.756919
6772.19	0.47813	0.708329
6782.96	0.502865	0.654959
6793.73	0.530845	0.595817
6804.49	0.562319	0.529713
6815.26	0.5974	0.455235
6826.03	0.635916	0.370759
6836.79	0.677169	0.274531
6847.56	0.719599	0.164875
6858.33	0.760389	0.0406238
6869.09	0.795271	-0.098155
6879.86	0.819	-0.249216
6890.62	0.827112	-0.407621
6901.39	0.818228	-0.567048
6912.16	0.793996	-0.72229
6922.92	0.757371	-0.869199
6933.69	0.712449	-1.00414
6944.46	0.6638	-1.12504
6955.22	0.615167	-1.23172
6965.99	0.568949	-1.32521
6976.76	0.526376	-1.40709
6987.52	0.487885	-1.47901
6998.29	0.453452	-1.54256
7009.06	0.422817	-1.59908
7019.82	0.395622	-1.64972
7030.59	0.371486	-1.69545
7041.36	0.350045	-1.73704
7052.12	0.330965	-1.77514
7062.89	0.313954	-1.81028
7073.66	0.298753	-1.8429
7084.42	0.285144	-1.87336
7095.19	0.272936	-1.90197
7105.96	0.261966	-1.92898
7116.72	0.252097	-1.9546
7127.49	0.243208	-1.97903
7138.26	0.235198	-2.00242
7149.02	0.227981	-2.02491
7159.79	0.221481	-2.04662
7170.56	0.215634	-2.06765
7181.32	0.210386	-2.0881
7192.09	0.205689	-2.10806
7202.86	0.201505	-2.12761
7213.62	0.197799	-2.14681
7224.39	0.194544	-2.16575
7235.16	0.191717	-2.18448
7245.92	0.189299	-2.20307
7256.69	0.187278	-2.22159
7267.46	0.185642	-2.24011
7278.22	0.184387	-2.25869
7288.99	0.183511	-2.27741
7299.76	0.183019	-2.29635
7310.52	0.182916	-2.3156
7321.29	0.183217	-2.33526
7332.06	0.18394	-2.35545
7342.82	0.18511	-2.3763
7353.59	0.186759	-2.39797
7364.36	0.188929	-2.42066
7375.12	0.191673	-2.44459
7385.89	0.195055	-2.47007
7396.66	0.199156	-2.49745
7407.42	0.204076	-2.52719
7418.19	0.209938	-2.55989
7428.96	0.216893	-2.59631
7439.72	0.225118	-2.63749
7450.49	0.234824	-2.68478
7461.25	0.246237	-2.74004
7472.02	0.259561	-2.80578
7482.79	0.274885	-2.88538
7493.55	0.291958	-2.9833
7504.32	0.309736	-3.105
7515.09	0.325631	3.02723
7525.85	0.3348	2.84436
7536.62	0.330905	2.63482
7547.39	0.309987	2.41548
7558.15	0.274761	2.20997
7568.92	0.233096	2.0371
7579.69	0.192316	1.9047
7590.45	0.156266	1.81263
7601.22	0.125974	1.75829
7611.99	0.101119	1.74027
7622.75	0.0810048	1.76007
7633.52	0.0649992	1.82274
7644.29	0.0527095	1.93625
7655.05	0.0440184	2.10693
7665.82	0.0389677	2.32791
7676.59	0.037435	2.56845
7687.35	0.038847	2.78707
7698.12	0.042337	2.95979
7708.89	0.0471301	3.08567
7719.65	0.0527155	-3.10918
7730.42	0.0588122	-3.04835
7741.19	0.0652885	-3.00726
7751.95	0.0721017	-2.98046
7762.72	0.0792625	-2.96423
7773.49	0.0868162	-2.95608
7784.25	0.0948338	-2.95432
7795.02	0.103408	-2.95784
7805.79	0.112655	-2.96591
7816.55	0.122715	-2.97809
7827.32	0.13376	-2.99417
7838.09	0.145998	-3.01417
7848.85	0.159687	-3.03827
7859.62	0.175146	-3.06686
7870.39	0.192772	-3.10057
7881.15	0.213064	-3.14032
7891.92	0.236639	3.09579
7902.69	0.264258	3.03959
7913.45	0.296808	2.97181
7924.22	0.335227	2.88909
7934.99	0.38023	2.78702
7945.75	0.431621	2.66017
7956.52	0.486903	2.50295
7967.29	0.539288	2.31221
7978.05	0.577118	2.09204
7988.82	0.588636	1.85749
7999.58	0.571008	1.63066
8010.35	0.532713	1.42964
8021.12	0.485905	1.26157
8031.88	0.439307	1.12473
8042.65	0.396994	1.01374
8053.42	0.360116	0.923078
8064.18	0.32855	0.848179
8074.95	0.301703	0.78542
8085.72	0.278867	0.732012
8096.48	0.259369	0.685858
8107.25	0.242635	0.645395
8118.02	0.22819	0.609451
8128.78	0.215651	0.577137
8139.55	0.204711	0.547769
8150.32	0.195124	0.520815
8161.08	0.186691	0.495853
8171.85	0.179251	0.472541
8182.62	0.172675	0.450599
8193.38	0.166858	0.429792
8204.15	0.161716	0.409915
8214.92	0.157181	0.390781
8225.68	0.153199	0.372215
8236.45	0.149731	0.354036
8247.22	0.146746	0.336045
8257.98	0.144227	0.318006
8268.75	0.142168	0.299615
8279.52	0.140572	0.280456
8290.28	0.139452	0.259923
8301.05	0.138825	0.237106
8311.82	0.1387	0.210599
8322.58	0.13903	0.178228
8333.35	0.139609	0.136787
8344.12	0.139834	0.0822975
8354.88	0.13837	0.0124949
8365.65	0.133318	-0.0659282
8376.42	0.124139	-0.13055
8387.18	0.113628	-0.157249
8397.95	0.105344	-0.146696
8408.72	0.100328	-0.119077
8419.48	0.0977931	-0.0911876
8430.25	0.0967334	-0.0697471
8441.02	0.0964745	-0.0555908
8451.78	0.0966448	-0.047587
8462.55	0.0970542	-0.0443319
8473.32	0.0976096	-0.0446461
8484.08	0.0982671	-0.0476435
8494.85	0.0990075	-0.0526831
8505.62	0.0998247	-0.0593061
8516.38	0.100719	-0.0671841
8527.15	0.101694	-0.076081
8537.92	0.102756	-0.0858267
8548.68	0.103911	-0.0962989
8559.45	0.105167	-0.10741
8570.21	0.106533	-0.119099
8580.98	0.108017	-0.131325
8591.75	0.109629	-0.144064
8602.51	0.111381	-0.157302
8613.28	0.113284	-0.171041
8624.05	0.11535	-0.18529
8634.81	0.117595	-0.200067
8645.58	0.120035	-0.215401
8656.35	0.122689	-0.231329
8667.11	0.125576	-0.2479
8677.88	0.128721	-0.265172
8688.65	0.132152	-0.283216
8699.41	0.135898	-0.302118
8710.18	0.139997	-0.321981
8720.95	0.14449	-0.342927
8731.71	0.149426	-0.365104
8742.48	0.154862	-0.388691
8753.25	0.160864	-0.413903
8764.01	0.16751	-0.441001
8774.78	0.174892	-0.470307
8785.55	0.183119	-0.502215
8796.31	0.192316	-0.537215
8807.08	0.202631	-0.575919
8817.85	0.214231	-0.619097
8828.61	0.227303	-0.667718
8839.38	0.242039	-0.72301
8850.15	0.258613	-0.786519
8860.91	0.27713	-0.860169
8871.68	0.297512	-0.946291
8882.45	0.319322	-1.04755
8893.21	0.34147	-1.16661
8903.98	0.361878	-1.30544
8914.75	0.377336	-1.46397
8925.51	0.384034	-1.63853
8936.28	0.379082	-1.82119
8947.05	0.362253	-2.00128
8957.81	0.336309	-2.16882
8968.58	0.305465	-2.31742
8979.35	0.273512	-2.44491
8990.11	0.242918	-2.55207
9000.88	0.214896	-2.64109
9011.65	0.189813	-2.7145
9022.41	0.16759	-2.77457
9033.18	0.14795	-2.82311
9043.95	0.130555	-2.86137
9054.71	0.115078	-2.89011
9065.48	0.101226	-2.90952
9076.25	0.0887525	-2.91919
9087.01	0.0774575	-2.91798
9097.78	0.067189	-2.90378
9108.54	0.0578455	-2.87309
9119.31	0.0493859	-2.82034
9130.08	0.0418516	-2.73697
9140.84	0.0354069	-2.6108
9151.61	0.0303941	-2.42813
9162.38	0.0273441	-2.18467
9173.14	0.0267765	-1.90546
9183.91	0.0287832	-1.64267
9194.68	0.0329205	-1.43462
9205.44	0.0385875	-1.28588
9216.21	0.0453315	-1.18427
9226.98	0.0528894	-1.11634
9237.74	0.0611318	-1.07198
9248.51	0.0700111	-1.04436
9259.28	0.0795296	-1.02896
9270.04	0.0897223	-1.0228
9280.81	0.100647	-1.02388
9291.58	0.11238	-1.03085
9302.34	0.125013	-1.04281
9313.11	0.138655	-1.05915
9323.88	0.153428	-1.0795
9334.64	0.169473	-1.10365
9345.41	0.186945	-1.13152
9356.18	0.206013	-1.16315
9366.94	0.226861	-1.19868
9377.71	0.249684	-1.23834
9388.48	0.274672	-1.28245
9399.24	0.301999	-1.33144
9410.01	0.331792	-1.38579
9420.78	0.364072	-1.44604
9431.54	0.398681	-1.51272
9442.31	0.435154	-1.5862
9453.08	0.472592	-1.66634
9463.84	0.509653	-1.75199
9474.61	0.54499	-1.84043
9485.38	0.578363	-1.92794
9496.14	0.611502	-2.01252
9506.91	0.646703	-2.09644
9517.68	0.684098	-2.1842
9528.44	0.721295	-2.27809
9539.21	0.755265	-2.37714
9549.98	0.783842	-2.47867
9560.74	0.80609	-2.57985
9571.51	0.822093	-2.67836
9582.28	0.832597	-2.7726
9593.04	0.838684	-2.86161
9603.81	0.841523	-2.94497
9614.58	0.842216	-3.02264
9625.34	0.841715	-3.09484
9636.11	0.840798	3.12125
9646.88	0.840079	3.05882
9657.64	0.840029	3.00056
9668.41	0.841008	2.94601
9679.17	0.843293	2.89472
9689.94	0.847099	2.84626
9700.71	0.852602	2.80025
9711.47	0.859952	2.75634
9722.24	0.869288	2.71421
9733.01	0.880748	2.67357
9743.77	0.894474	2.63415
9754.54	0.910623	2.5957
9765.31	0.929371	2.55798
9776.07	0.95092	2.52078
9786.84	0.975503	2.48387
9797.61	1.00339	2.44704
9808.37	1.0349	2.41007
9819.14	1.07041	2.37274
9829.91	1.11034	2.3348
9840.67	1.15521	2.29601
9851.44	1.20561	2.25608
9862.21	1.26224	2.21468
9872.97	1.32591	2.17147
9883.74	1.39756	2.12602
9894.51	1.4783	2.07784
9905.27	1.56936	2.02635
9916.04	1.67215	1.97086
9926.81	1.78819	1.91055
9937.57	1.91901	1.84443
9948.34	2.06601	1.77133
9959.11	2.2301	1.68991
9969.87	2.41108	1.59864
9980.64	2.60677	1.49596
9991.41	2.81162	1.38044
10002.2	3.01541	1.25118
10012.9	3.20244	1.10841
10023.7	3.35289	0.954032
10034.5	3.44739	0.79201
10045.2	3.47369	0.627923
10056	3.4318	0.467831
10066.8	3.33356	0.316846
10077.5	3.19726	0.178214
10088.3	3.0413	0.0532008
10099.1	2.88027	-0.0584375
10109.8	2.72393	-0.157837
10120.6	2.57787	-0.246518
10131.4	2.44472	-0.326057
10142.1	2.32526	-0.397926
10152.9	2.21922	-0.463423
10163.7	2.1258	-0.52366
10174.4	2.044	-0.579575
10185.2	1.97276	-0.631958
10196	1.91108	-0.681475
10206.7	1.85805	-0.728692
10217.5	1.81286	-0.774094
10228.3	1.77483	-0.818103
10239	1.74336	-0.861094
10249.8	1.71797	-0.903404
10260.6	1.69824	-0.945344
10271.3	1.68383	-0.987208
10282.1	1.67449	-1.02928
10292.9	1.66999	-1.07184
10303.6	1.67016	-1.11517
10314.4	1.67488	-1.15956
10325.2	1.68403	-1.20532
10335.9	1.69752	-1.25277
10346.7	1.71525	-1.30226
10357.5	1.73707	-1.35417
10368.2	1.76281	-1.40891
10379	1.79216	-1.46691
10389.8	1.82471	-1.52864
10400.5	1.8598	-1.59458
10411.3	1.89651	-1.66522
10422.1	1.93357	-1.74101
10432.8	1.96924	-1.82235
10443.6	2.0013	-1.9095
10454.4	2.02706	-2.0025
10465.1	2.04349	-2.10114
10475.9	2.04749	-2.20481
10486.7	2.03626	-2.31251
10497.4	2.00786	-2.42281
10508.2	1.96169	-2.53394
10519	1.89873	-2.64402
10529.7	1.82145	-2.75122
10540.5	1.73325	-2.85401
10551.3	1.63796	-2.95124
10562	1.5392	-3.04219
10572.8	1.44003	-3.12653
10583.6	1.3428	3.07896
10594.3	1.24913	3.00772
10605.1	1.16003	2.94265
10615.9	1.076	2.88337
10626.6	0.997178	2.82951
10637.4	0.923461	2.78074
10648.2	0.854586	2.73678
10658.9	0.7902	2.69741
10669.7	0.729898	2.66254
10680.5	0.673265	2.63219
10691.2	0.619889	2.60649
10702	0.569377	2.5858
10712.8	0.521368	2.57069
10723.5	0.475544	2.56209
10734.3	0.431644	2.5614
10745.1	0.389489	2.5707
10755.8	0.34903	2.59317
10766.6	0.310428	2.63353
10777.4	0.274203	2.69886
10788.1	0.241506	2.79921
10798.9	0.214532	2.94682
10809.7	0.196936	-3.13336
10820.4	0.193455	-2.88629
10831.2	0.207833	-2.63526
10842	0.240665	-2.42446
10852.7	0.290235	-2.27151
10863.5	0.354872	-2.17112
10874.3	0.434131	-2.11151
10885	0.528915	-2.08259
10895.8	0.641345	-2.07751
10906.6	0.774702	-2.0922
10917.3	0.933454	-2.12473
10928.1	1.12327	-2.17487
10938.9	1.35081	-2.2438
10949.6	1.62276	-2.33404
10960.4	1.94319	-2.44919
10971.2	2.30775	-2.5932
10981.9	2.69403	-2.76852
10992.7	3.0534	-2.97275
11003.5	3.32019	3.08777
11014.2	3.44729	2.86404
11025	3.43807	2.6563
11035.8	3.33602	2.4744
11046.5	3.19039	2.3201
11057.3	3.0358	2.19036
11068.1	2.89065	2.08057
11078.8	2.76256	1.98632
11089.6	2.6535	1.90391
11100.4	2.56284	1.83046
11111.1	2.48898	1.76375
11121.9	2.43013	1.70208
11132.7	2.38459	1.64412
11143.4	2.35087	1.58885
11154.2	2.32772	1.53542
11165	2.31413	1.48317
11175.7	2.30923	1.4315
11186.5	2.31234	1.37993
11197.3	2.32289	1.32801
11208	2.34037	1.27531
11218.8	2.36434	1.22147
11229.6	2.39434	1.16611
11240.3	2.4299	1.10886
11251.1	2.47047	1.04936
11261.9	2.51534	0.987275
11272.6	2.56361	0.922247
11283.4	2.61409	0.85395
11294.2	2.66523	0.782091
11304.9	2.71496	0.706433
11315.7	2.76065	0.626838
11326.5	2.79899	0.543331
11337.2	2.8259	0.456191
11348	2.83667	0.366104
11358.8	2.82617	0.274397
11369.5	2.78965	0.183404
11380.3	2.72441	0.0969875
11391.1	2.6332	0.021049
11401.8	2.52971	-0.0368566
11412.6	2.44355	-0.0711217
11423.4	2.4141	-0.086484
11434.1	2.46331	-0.102572
11444.9	2.57089	-0.140265
11455.7	2.69085	-0.204562
11466.4	2.78764	-0.287252
11477.2	2.8488	-0.378199
11488	2.87665	-0.470583
11498.7	2.87838	-0.560799
11509.5	2.86136	-0.647089
11520.3	2.83208	-0.728597
11531	2.79631	-0.804997
11541.8	2.75907	-0.876421
11552.6	2.72437	-0.943441
11563.3	2.69493	-1.00692
11574.1	2.6722	-1.06779
11584.9	2.65679	-1.1269
11595.6	2.64889	-1.18491
11606.4	2.64862	-1.2424
11617.2	2.65617	-1.29986
11627.9	2.67188	-1.35779
11638.7	2.69617	-1.41671
11649.5	2.72958	-1.47724
11660.2	2.77267	-1.5401
11671	2.82597	-1.60616
11681.8	2.8898	-1.67648
11692.5	2.96405	-1.75236
11703.3	3.04766	-1.83535
11714.1	3.13785	-1.92734
11724.8	3.2289	-2.03039
11735.6	3.3104	-2.14653
11746.4	3.3656	-2.27717
11757.1	3.37139	-2.422
11767.9	3.3028	-2.57755
11778.7	3.14364	-2.73622
11789.4	2.8984	-2.88679
11800.2	2.59457	-3.01692
11811	2.27143	-3.11598
11821.7	1.96521	3.10667
11832.5	1.70164	3.08884
11843.3	1.49629	3.11403
11854	1.35755	-3.1065
11864.8	1.28809	-3.01993
11875.6	1.28489	-2.92897
11886.3	1.34008	-2.85208
11897.1	1.44389	-2.80048
11907.9	1.58763	-2.77775
11918.6	1.76511	-2.78303
11929.4	1.97227	-2.81404
11940.2	2.20595	-2.86869
11950.9	2.46221	-2.9455
11961.7	2.73428	-3.04348
11972.5	3.01056	3.12158
11983.2	3.27349	2.98507
11994	3.50073	2.8333
12004.8	3.67001	2.67112
12015.5	3.76649	2.50462
12026.3	3.78822	2.33999
12037.1	3.74607	2.18226
12047.8	3.65826	2.03446
12058.6	3.54393	1.8977
12069.4	3.41888	1.77164
12080.1	3.29429	1.6551
12090.9	3.17714	1.54652
12101.7	3.07132	1.4443
12112.4	2.97873	1.3469
12123.2	2.90011	1.25298
12134	2.83571	1.16133
12144.7	2.78583	1.07087
12155.5	2.75116	0.980512
12166.3	2.733	0.888817
12177	2.7324	0.793662
12187.8	2.74815	0.692217
12198.6	2.77507	0.581901
12209.3	2.80549	0.461571
12220.1	2.83301	0.331412
12230.9	2.85365	0.191828
12241.6	2.86445	0.0428044
12252.4	2.86198	-0.116032
12263.2	2.84181	-0.285114
12273.9	2.79879	-0.464698
12284.7	2.72756	-0.654708
12295.5	2.6233	-0.854598
12306.2	2.48262	-1.06318
12317	2.30474	-1.27834
12327.8	2.09294	-1.4968
12338.5	1.85567	-1.71413
12349.3	1.60599	-1.92529
12360.1	1.3587	-2.12585
12370.8	1.12618	-2.31284
12381.6	0.915942	-2.48452
12392.4	0.731292	-2.63902
12403.1	0.573149	-2.77352
12413.9	0.44103	-2.88427
12424.7	0.333249	-2.96665
12435.4	0.247242	-3.0141
12446.2	0.180192	-3.01577
12457	0.129678	-2.9532
12467.7	0.094204	-2.79953
12478.5	0.0732612	-2.53973
12489.3	0.0657262	-2.22661
12500	0.0675898	-1.96507
12510.8	0.0737674	-1.79714
12521.6	0.0810189	-1.70322
12532.3	0.0879453	-1.65629
12543.1	0.0940885	-1.63804
12553.9	0.0993823	-1.63761
12564.6	0.103909	-1.64861
12575.4	0.107798	-1.66721
12586.2	0.111188	-1.69101
12596.9	0.114208	-1.71851
12607.7	0.116976	-1.74873
12618.5	0.119596	-1.78105
12629.2	0.12216	-1.81506
12640	0.124751	-1.85049
12650.8	0.127447	-1.88721
12661.5	0.130317	-1.92516
12672.3	0.133433	-1.96436
12683.1	0.136863	-2.00489
12693.8	0.140679	-2.04689
12704.6	0.144956	-2.09058
12715.4	0.149776	-2.13625
12726.1	0.155227	-2.18431
12736.9	0.161409	-2.23526
12747.7	0.168424	-2.28979
12758.4	0.176383	-2.34879
12769.2	0.185387	-2.41343
12780	0.195503	-2.48521
12790.7	0.206716	-2.56606
12801.5	0.21883	-2.65835
12812.3	0.231297	-2.76479
12823	0.242973	-2.88791
12833.8	0.251864	-3.02897
12844.6	0.255193	3.09732
12855.3	0.25026	2.93229
12866.1	0.236087	2.77288
12876.9	0.214543	2.63571
12887.6	0.18952	2.53533
12898.4	0.165021	2.48125
12909.2	0.143957	2.47758
12919.9	0.128059	2.52279
12930.7	0.118201	2.60779
12941.5	0.114581	2.71511
12952.2	0.116788	2.82359
12963	0.124003	2.91664
12973.8	0.135338	2.98662
12984.5	0.150099	3.03305
12995.3	0.167881	3.05882
13006.1	0.188547	3.0676
13016.8	0.212178	3.0626
13027.6	0.239039	3.04631
13038.4	0.269549	3.02052
13049.1	0.304282	2.98639
13059.9	0.343976	2.94461
13070.7	0.389555	2.89547
13081.4	0.442158	2.8389
13092.2	0.503176	2.77451
13103	0.574292	2.70158
13113.7	0.657495	2.61903
13124.5	0.755047	2.52538
13135.3	0.869329	2.41872
13146	1.00241	2.29665
13156.8	1.15516	2.15644
13167.6	1.32553	1.99535
13178.3	1.50611	1.81143
13189.1	1.68178	1.60493
13199.9	1.83045	1.37993
13210.6	1.92976	1.14487
13221.4	1.96782	0.910772
13232.2	1.94871	0.687573
13242.9	1.88785	0.481366
13253.7	1.80288	0.294043
13264.5	1.70766	0.124639
13275.2	1.61091	-0.0291299
13286	1.51717	-0.169812
13296.8	1.42831	-0.299692
13307.5	1.34475	-0.420589
13318.3	1.2662	-0.533842
13329.1	1.1921	-0.640361
13339.8	1.1218	-0.740671
13350.6	1.05469	-0.834947
13361.4	0.990237	-0.922976
13372.1	0.92802	-1.00406
13382.9	0.86787	-1.07682
13393.7	0.810126	-1.13892
13404.4	0.756185	-1.18691
13415.2	0.70937	-1.21686
13426	0.675562	-1.22764
13436.7	0.66151	-1.22727
13447.5	0.668832	-1.23499
13458.3	0.689082	-1.26814
13469	0.709068	-1.32766
13479.8	0.720516	-1.40263
13490.6	0.722291	-1.48205
13501.3	0.716871	-1.55958
13512.1	0.707221	-1.63269
13522.9	0.695618	-1.70085
13533.6	0.683558	-1.76438
13544.4	0.671967	-1.8238
13555.2	0.661405	-1.87967
13565.9	0.652228	-1.93246
13576.7	0.644691	-1.98257
13587.5	0.639018	-2.03028
13598.2	0.635463	-2.07582
13609	0.634362	-2.11939
13619.8	0.6362	-2.16121
13630.5	0.641683	-2.20167
13641.3	0.651793	-2.24159
13652.1	0.667781	-2.28252
13662.8	0.690958	-2.3271
13673.6	0.722165	-2.37908
13684.4	0.761011	-2.44254
13695.1	0.805442	-2.52032
13705.9	0.852292	-2.61287
13716.7	0.898599	-2.71865
13727.4	0.942477	-2.83574
13738.2	0.982825	-2.96309
13749	1.01835	-3.10076
13759.7	1.04666	3.03388
13770.5	1.06402	2.8744
13781.2	1.06588	2.70535
13792	1.04845	2.53009
13802.8	1.01061	2.35376
13813.5	0.95491	2.1822
13824.3	0.886904	2.02048
13835.1	0.813142	1.87191
13845.8	0.739294	1.73782
13856.6	0.669251	1.61796
13867.4	0.605152	1.51117
13878.1	0.547834	1.41589
13888.9	0.497341	1.3305
13899.7	0.45331	1.25344
13910.4	0.415212	1.18322
13921.2	0.382461	1.11832
13932	0.354414	1.05707
13942.7	0.330333	0.997852
13953.5	0.309453	0.939562
13964.3	0.291146	0.881857
13975	0.27503	0.824858
13985.8	0.26091	0.768676
13996.6	0.24867	0.713219
14007.3	0.238215	0.658236
14018.1	0.229453	0.603415
14028.9	0.222304	0.548449
14039.6	0.216704	0.493068
14050.4	0.212609	0.437048
14061.2	0.21	0.380214
14071.9	0.208882	0.322439
14082.7	0.209287	0.263635
14093.5	0.211276	0.203745
14104.2	0.214944	0.142736
14115	0.220419	0.0805861
14125.8	0.22787	0.0172667
14136.5	0.237514	-0.0472704
14147.3	0.249623	-0.113113
14158.1	0.26454	-0.180406
14168.8	0.282687	-0.249375
14179.6	0.304589	-0.320346
14190.4	0.330895	-0.393768
14201.1	0.362401	-0.470239
14211.9	0.400084	-0.550538
14222.7	0.445122	-0.635655
14233.4	0.498914	-0.726825
14244.2	0.563057	-0.825566
14255	0.639253	-0.933686
14265.7	0.729069	-1.05326
14276.5	0.833446	-1.18648
14287.3	0.951851	-1.33534
14298	1.08112	-1.50103
14308.8	1.21443	-1.68303
14319.6	1.34153	-1.87833
14330.3	1.45126	-2.0812
14341.1	1.53578	-2.28437
14351.9	1.59372	-2.48113
14362.6	1.62974	-2.66705
14373.4	1.65155	-2.84061
14384.2	1.66674	-3.00267
14394.9	1.68117	3.12762
14405.7	1.69854	2.98086
14416.5	1.72052	2.83698
14427.2	1.74698	2.69276
14438	1.77591	2.54522
14448.8	1.80331	2.39182
14459.5	1.82307	2.23082
14470.3	1.82731	2.06177
14481.1	1.80774	1.88601
14491.8	1.75819	1.70691
14502.6	1.67727	1.52949
14513.4	1.56948	1.3593
14524.1	1.44366	1.20119
14534.9	1.3099	1.05844
14545.7	1.17675	0.932678
14556.4	1.05004	0.824292
14567.2	0.932939	0.733054
14578	0.826715	0.658664
14588.7	0.731474	0.601155
14599.5	0.6468	0.56119
14610.3	0.572207	0.54027
14621	0.507454	0.540819
14631.8	0.452801	0.565979
14642.6	0.409213	0.618717
14653.3	0.378449	0.699628
14664.1	0.362853	0.803362
14674.9	0.364617	0.915882
14685.6	0.38467	1.01691
14696.4	0.421789	1.08795
14707.2	0.472328	1.11943
14717.9	0.530667	1.11217
14728.7	0.590704	1.07432
14739.5	0.64795	1.0164
14750.2	0.700467	0.946912
14761	0.748027	0.870957
14771.8	0.79088	0.79113
14782.5	0.829192	0.708868
14793.3	0.86304	0.625191
14804.1	0.892537	0.540917
14814.8	0.917886	0.4567
14825.6	0.939361	0.373037
14836.4	0.957301	0.290304
14847.1	0.972089	0.208766
14857.9	0.984135	0.128586
14868.7	0.993859	0.0498301
14879.4	1.00166	-0.0275192
14890.2	1.00789	-0.103552
14901	1.01285	-0.178415
14911.7	1.01679	-0.25229
14922.5	1.01987	-0.325385
14933.3	1.02219	-0.39792
14944	1.02379	-0.470114
14954.8	1.02464	-0.542179
14965.6	1.02465	-0.61431
14976.3	1.02366	-0.686679
14987.1	1.02146	-0.759425
14997.9	1.01778	-0.832639
15008.6	1.01231	-0.906352
15019.4	1.00468	-0.980508
15030.2	0.994531	-1.05494
15040.9	0.981546	-1.12935
15051.7	0.965507	-1.20334
15062.5	0.946343	-1.27642
15073.2	0.924098	-1.34817
15084	0.89883	-1.41819
15094.8	0.870498	-1.48613
15105.5	0.838956	-1.55141
15116.3	0.804016	-1.61315
15127.1	0.765549	-1.67001
15137.8	0.723577	-1.71996
15148.6	0.678385	-1.76007
15159.4	0.630707	-1.786
15170.1	0.582114	-1.79144
15180.9	0.535706	-1.76767
15191.7	0.497216	-1.70486
15202.4	0.476002	-1.59846
15213.2	0.483977	-1.46224
15224	0.530616	-1.33289
15234.7	0.61805	-1.24815
15245.5	0.741982	-1.22455
15256.3	0.894158	-1.26108
15267	1.06129	-1.34949
15277.8	1.2238	-1.47789
15288.6	1.35978	-1.63133
15299.3	1.45381	-1.79394
15310.1	1.50316	-1.95258
15320.9	1.51575	-2.09923
15331.6	1.50349	-2.2308
15342.4	1.47712	-2.34742
15353.2	1.44432	-2.45077
15363.9	1.40991	-2.54296
15374.7	1.37666	-2.62602
15385.5	1.34606	-2.70173
15396.2	1.31882	-2.77153
15407	1.29525	-2.83661
15417.8	1.27542	-2.89795
15428.5	1.25931	-2.95633
15439.3	1.24685	-3.01242
15450.1	1.23797	-3.06679
15460.8	1.2326	-3.11994
15471.6	1.23072	3.11085
15482.4	1.23231	3.05879
15493.1	1.2374	3.00662
15503.9	1.24603	2.95391
15514.7	1.25826	2.90019
15525.4	1.27414	2.84498
15536.2	1.29367	2.78773
15547	1.31682	2.72785
15557.7	1.34341	2.66474
15568.5	1.37315	2.59779
15579.3	1.40559	2.52634
15590	1.44004	2.44973
15600.8	1.47539	2.36724
15611.6	1.50983	2.27825
15622.3	1.54085	2.1826
15633.1	1.56578	2.08084
15643.9	1.58308	1.97409
15654.6	1.59308	1.86293
15665.4	1.59639	1.7461
15676.2	1.59012	1.62072
15686.9	1.566	1.48512
15697.7	1.51403	1.34171
15708.5	1.42926	1.1975
15719.2	1.31591	1.06181
15730	1.18534	0.943346
15740.8	1.05075	0.848595
15751.5	0.923114	0.781775
15762.3	0.81	0.745461
15773.1	0.716271	0.740684
15783.8	0.645141	0.765768
15794.6	0.598616	0.814099
15805.4	0.577074	0.872776
15816.1	0.578522	0.925025
15826.9	0.598456	0.956048
15837.7	0.630602	0.957616
15848.4	0.667971	0.928428
15859.2	0.703722	0.871934
15870	0.731912	0.794111
15880.7	0.748279	0.701954
15891.5	0.750852	0.602408
15902.3	0.740013	0.501533
15913	0.71791	0.403997
15923.8	0.687548	0.312942
15934.6	0.651973	0.230182
15945.3	0.613792	0.156536
15956.1	0.574999	0.0921398
15966.9	0.536978	0.0366443
15977.6	0.500533	-0.0106569
15988.4	0.465918	-0.05059
15999.2	0.43295	-0.0835779
16009.9	0.401311	-0.109029
16020.7	0.370921	-0.125202
16031.5	0.342082	-0.129672
16042.2	0.315385	-0.119888
16053	0.291586	-0.093543
16063.8	0.271563	-0.0490042
16074.5	0.256308	0.0138567
16085.3	0.246858	0.0924619
16096.1	0.244115	0.18064
16106.8	0.2486	0.269203
16117.6	0.260262	0.348372
16128.4	0.278494	0.410662
16139.1	0.302305	0.452325
16149.9	0.330533	0.47294
16160.7	0.361983	0.474182
16171.4	0.395489	0.458682
16182.2	0.42993	0.429344
16193	0.464242	0.389029
16203.7	0.497438	0.340457
16214.5	0.528646	0.286221
16225.3	0.557181	0.22884
16236	0.582627	0.170815
16246.8	0.604966	0.114675
16257.6	0.624751	0.0629617
16268.3	0.643351	0.0180556
16279.1	0.663234	-0.0183269
16289.9	0.688154	-0.0461292
16300.6	0.72288	-0.0682854
16311.4	0.772055	-0.0913879
16322.2	0.838224	-0.124176
16332.9	0.920202	-0.173862
16343.7	1.01331	-0.243021
16354.5	1.11158	-0.329552
16365.2	1.21031	-0.429042
16376	1.30735	-0.537251
16386.8	1.40299	-0.65146
16397.5	1.49902	-0.770769
16408.3	1.59776	-0.895921
16419.1	1.70113	-1.02905
16429.8	1.80954	-1.17353
16440.6	1.92005	-1.33382
16451.4	2.02329	-1.51495
16462.1	2.09942	-1.72112
16472.9	2.11697	-1.9524
16483.7	2.04343	-2.2003
16494.4	1.86993	-2.44651
16505.2	1.62597	-2.66913
16516	1.36055	-2.85193
16526.7	1.11274	-2.98742
16537.5	0.901854	-3.07363
16548.3	0.733198	-3.11054
16559	0.605745	-3.09951
16569.8	0.516266	-3.04611
16580.6	0.460284	-2.96397
16591.3	0.43169	-2.874
16602.1	0.422987	-2.79631
16612.9	0.426733	-2.74212
16623.6	0.436948	-2.71316
16634.4	0.449561	-2.70584
16645.2	0.46211	-2.71502
16655.9	0.473243	-2.73578
16666.7	0.482403	-2.76379
16677.5	0.489725	-2.79548
16688.2	0.49595	-2.82837
16699	0.502153	-2.86143
16709.8	0.509303	-2.89507
16720.5	0.517948	-2.93051
16731.3	0.528162	-2.96903
16742.1	0.539712	-3.01151
16752.8	0.552257	-3.05834
16763.6	0.565495	-3.10955
16774.4	0.579212	3.11812
16785.1	0.593288	3.05837
16795.9	0.607667	2.99435
16806.7	0.622313	2.92584
16817.4	0.637164	2.8524
16828.2	0.652062	2.77343
16839	0.666683	2.68808
16849.7	0.680432	2.59538
16860.5	0.692326	2.49427
16871.3	0.700872	2.3838
16882	0.703994	2.2634
16892.8	0.699136	2.13338
16903.6	0.683712	1.99548
16914.3	0.655969	1.85329
16925.1	0.615954	1.71212
16935.9	0.565952	1.57817
16946.6	0.509948	1.45726
16957.4	0.452355	1.35369
16968.2	0.396776	1.26986
16978.9	0.345418	1.20676
16989.7	0.299272	1.16527
17000.5	0.258741	1.14714
17011.2	0.224112	1.15477
17022	0.195656	1.19001
17032.8	0.173547	1.25259
17043.5	0.157777	1.33864
17054.3	0.148089	1.44005
17065.1	0.143925	1.54564
17075.8	0.144474	1.64443
17086.6	0.148812	1.72869
17097.4	0.15608	1.79496
17108.1	0.165594	1.84304
17118.9	0.176876	1.87444
17129.7	0.189633	1.89123
17140.4	0.203717	1.89534
17151.2	0.219089	1.88833
17162	0.235787	1.87129
17172.7	0.253902	1.84484
17183.5	0.27355	1.80918
17194.3	0.294837	1.76411
17205	0.317818	1.70905
17215.8	0.342416	1.6431
17226.6	0.368304	1.56512
17237.3	0.394743	1.47388
17248.1	0.420385	1.36845
17258.9	0.443127	1.24869
17269.6	0.460208	1.11599
17280.4	0.468755	0.973881
17291.2	0.466768	0.828071
17301.9	0.454071	0.685551
17312.7	0.432488	0.553018
17323.5	0.405084	0.435497
17334.2	0.375072	0.335844
17345	0.345049	0.255069
17355.8	0.316777	0.193006
17366.5	0.291318	0.148896
17377.3	0.269261	0.121694
17388.1	0.250949	0.11009
17398.8	0.236618	0.1123
17409.6	0.226477	0.125698
17420.4	0.220718	0.146481
17431.1	0.219475	0.16957
17441.9	0.222758	0.188973
17452.7	0.230358	0.198589
17463.4	0.241769	0.193189
17474.2	0.256121	0.16922
17485	0.27215	0.12524
17495.7	0.28825	0.0620342
17506.5	0.302663	-0.017554
17517.3	0.313822	-0.109079
17528	0.320726	-0.207284
17538.8	0.323156	-0.307055
17549.6	0.321614	-0.40424
17560.3	0.317044	-0.496051
17571.1	0.31052	-0.581041
17581.9	0.303018	-0.658817
17592.6	0.295321	-0.729694
17603.4	0.288016	-0.794418
17614.2	0.281529	-0.854007
17624.9	0.276163	-0.909695
17635.7	0.272129	-0.962953
17646.5	0.269534	-1.01552
17657.2	0.268347	-1.06931
17668	0.268366	-1.12616
17678.8	0.269229	-1.18739
17689.5	0.270527	-1.25347
17700.3	0.271948	-1.32417
17711.1	0.273358	-1.39904
17721.8	0.274771	-1.47792
17732.6	0.276253	-1.56118
17743.4	0.277816	-1.64979
17754.1	0.279326	-1.7451
17764.9	0.280453	-1.84858
17775.7	0.280637	-1.96153
17786.4	0.279116	-2.08476
17797.2	0.274983	-2.21821
17808	0.267355	-2.36055
17818.7	0.255631	-2.50893
17829.5	0.239787	-2.65902
17840.3	0.220511	-2.80572
17851	0.199056	-2.94412
17861.8	0.17687	-3.07036
17872.6	0.155213	3.10108
17883.3	0.134962	3.0049
17894.1	0.116587	2.92445
17904.9	0.100246	2.85953
17915.6	0.0858986	2.81003
17926.4	0.0734002	2.77623
17937.2	0.0625714	2.75914
17947.9	0.0532408	2.76077
17958.7	0.0452729	2.78441
17969.5	0.0385864	2.83469
17980.2	0.03317	2.91708
17991	0.0290892	3.0357
18001.8	0.0264657	-3.09459
18012.5	0.0254063	-2.92101
18023.3	0.0259017	-2.75046
18034.1	0.0277916	-2.60532
18044.8	0.0308445	-2.49659
18055.6	0.0348629	-2.42457
18066.4	0.0397355	-2.38457
18077.1	0.0454403	-2.37121
18087.9	0.0520321	-2.38018
18098.7	0.0596296	-2.40852
18109.4	0.0684057	-2.45459
18120.2	0.0785788	-2.51781
18131	0.0903959	-2.59848
18141.7	0.104098	-2.69758
18152.5	0.119849	-2.81658
18163.3	0.137612	-2.95701
18174	0.156968	-3.11981
18184.8	0.176944	2.97881
18195.6	0.195994	2.77565
18206.3	0.212342	2.55996
18217.1	0.224627	2.33987
18227.9	0.232445	2.1236
18238.6	0.236413	1.9176
18249.4	0.237804	1.72581
18260.2	0.238132	1.5496
18270.9	0.238844	1.38804
18281.7	0.241115	1.23825
18292.5	0.24574	1.09605
18303.2	0.253129	0.956914
18314	0.263362	0.816599
18324.8	0.27625	0.671562
18335.5	0.291323	0.519077
18346.3	0.307784	0.357333
18357.1	0.324455	0.185634
18367.8	0.339804	0.00465413
18378.6	0.352145	-0.183343
18389.4	0.360026	-0.374543
18400.1	0.362713	-0.564102
18410.9	0.360486	-0.747174
18421.7	0.354533	-0.920115
18432.4	0.346461	-1.08123
18443.2	0.337787	-1.2308
18454	0.329626	-1.3706
18464.7	0.322621	-1.50329
18475.5	0.316986	-1.63192
18486.3	0.312571	-1.75953
18497	0.308921	-1.88884
18507.8	0.30534	-2.02196
18518.6	0.300968	-2.16015
18529.3	0.294897	-2.30366
18540.1	0.286301	-2.45167
18550.9	0.274594	-2.60228
18561.6	0.259576	-2.75266
18572.4	0.241511	-2.89932
18583.2	0.221069	-3.03856
18593.9	0.199158	3.11649
18604.7	0.176744	3.00307
18615.5	0.154734	2.90823
18626.2	0.133945	2.83632
18637	0.11511	2.79201
18647.8	0.0988352	2.77935
18658.5	0.0855221	2.80033
18669.3	0.0753227	2.8536
18680.1	0.0681729	2.93378
18690.8	0.0638645	3.03169
18701.6	0.0621025	3.13575
18712.4	0.0625457	-3.04848
18723.1	0.0648488	-2.96299
18733.9	0.0687069	-2.89541
18744.7	0.0738845	-2.84702
18755.4	0.0802238	-2.81724
18766.2	0.0876345	-2.80478
18777	0.0960752	-2.80837
18787.7	0.105528	-2.82712
18798.5	0.115967	-2.86057
18809.3	0.127307	-2.90873
18820	0.139343	-2.97185
18830.8	0.151665	-3.05013
18841.6	0.163578	3.14
18852.3	0.174088	3.0339
18863.1	0.182052	2.91852
18873.9	0.18654	2.7999
18884.6	0.187267	2.68548
18895.4	0.184819	2.58249
18906.2	0.180464	2.49602
18916.9	0.175723	2.42797
18927.7	0.171991	2.37677
18938.5	0.170328	2.33772
18949.2	0.171371	2.30358
18960	0.175241	2.26575
18970.8	0.181431	2.21622
18981.5	0.188761	2.14983
18992.3	0.195574	2.06604
19003.1	0.200244	1.96896
19013.8	0.201786	1.86554
19024.6	0.200132	1.76292
19035.4	0.195933	1.6663
19046.1	0.190107	1.57844
19056.9	0.18349	1.50006
19067.7	0.176693	1.43069
19078.4	0.170098	1.36929
19089.2	0.163918	1.31468
19100	0.158248	1.26574
19110.7	0.15312	1.22151
19121.5	0.148526	1.18115
19132.3	0.14444	1.14399
19143	0.140829	1.10948
19153.8	0.137658	1.07716
19164.6	0.134892	1.04666
19175.3	0.1325	1.01768
19186.1	0.130455	0.989967
19196.9	0.128733	0.963297
19207.6	0.127313	0.937492
19218.4	0.126179	0.912395
19229.2	0.125317	0.887868
19239.9	0.124716	0.863791
19250.7	0.12437	0.84005
19261.5	0.124272	0.816546
19272.2	0.124421	0.793182
19283	0.124815	0.769866
19293.8	0.125459	0.746506
19304.5	0.126356	0.723013
19315.3	0.127514	0.699293
19326	0.128943	0.675248
19336.8	0.130657	0.650775
19347.6	0.132671	0.625762
19358.3	0.135005	0.600087
19369.1	0.137681	0.573614
19379.9	0.140728	0.546193
19390.6	0.144178	0.517656
19401.4	0.148066	0.487817
19412.2	0.152439	0.456462
19422.9	0.157349	0.42335
19433.7	0.162859	0.388193
19444.5	0.169048	0.350638
19455.2	0.17601	0.310231
19466	0.183855	0.266375
19476.8	0.192705	0.218281
19487.5	0.202681	0.164937
19498.3	0.213886	0.105081
19509.1	0.226371	0.0371819
19519.8	0.240084	-0.0405587
19530.6	0.254778	-0.130165
19541.4	0.269872	-0.233726
19552.1	0.284283	-0.353007
19562.9	0.29629	-0.488721
19573.7	0.303633	-0.639505
19584.4	0.30406	-0.800986
19595.2	0.296286	-0.965797
19606	0.280765	-1.12509
19616.7	0.259563	-1.27092
19627.5	0.235395	-1.39799
19638.3	0.210643	-1.50386
19649	0.186901	-1.58806
19659.8	0.165014	-1.65092
19670.6	0.14532	-1.69265
19681.3	0.127892	-1.71269
19692.1	0.112719	-1.7094
19702.9	0.0998384	-1.68006
19713.6	0.0894202	-1.62166
19724.4	0.0818143	-1.53309
19735.2	0.0774971	-1.41919
19745.9	0.0768548	-1.29418
19756.7	0.0798623	-1.17863
19767.5	0.0859185	-1.08922
19778.2	0.0940369	-1.03105
19789	0.103288	-0.998807
19799.8	0.113218	-0.983192
19810.5	0.123999	-0.976784
19821.3	0.136259	-0.976635
19832.1	0.150793	-0.983828
19842.8	0.168337	-1.00164
19853.6	0.189452	-1.03389
19864.4	0.214448	-1.08394
19875.1	0.243266	-1.15435
19885.9	0.275278	-1.24669
19896.7	0.309042	-1.36109
19907.4	0.34217	-1.49574
19918.2	0.371612	-1.64636
19929	0.394498	-1.80648
19939.7	0.409184	-1.96864
19950.5	0.415792	-2.12629
19961.3	0.415848	-2.27513
19972	0.411442	-2.4134
19982.8	0.404503	-2.5413
19993.6	0.396473	-2.66021
